
 9 1.0013580322265625e-05 0.00026154518127441406 9.298324584960938e-06
 16 1.049041748046875e-05 0.00046896934509277344 1.5735626220703125e-05
 25 1.2874603271484375e-05 0.0005588531494140625 2.7894973754882812e-05
 36 1.5974044799804688e-05 0.00075531005859375 3.695487976074219e-05
 49 1.9550323486328125e-05 0.0009849071502685547 5.269050598144531e-05
 64 2.3365020751953125e-05 0.0012447834014892578 6.985664367675781e-05
 81 2.7418136596679688e-05 0.0015382766723632812 8.845329284667969e-05
 100 3.1948089599609375e-05 0.0018765926361083984 0.00010657310485839844
 121 3.719329833984375e-05 0.0022430419921875 0.0001289844512939453
 144 4.38690185546875e-05 0.0026459693908691406 0.0001513957977294922
 169 5.14984130859375e-05 0.0030982494354248047 0.000179290771484375
 196 5.817413330078125e-05 0.003554821014404297 0.00020837783813476562
 225 6.532669067382812e-05 0.004075765609741211 0.00023555755615234375
 256 7.2479248046875e-05 0.004591464996337891 0.00027060508728027344
 289 8.654594421386719e-05 0.0051996707916259766 0.000308990478515625
 324 9.72747802734375e-05 0.0058116912841796875 0.0003516674041748047
 361 0.000110626220703125 0.006459951400756836 0.00039315223693847656
 400 0.00012445449829101562 0.007155418395996094 0.00044155120849609375
 441 0.0001380443572998047 0.00789499282836914 0.000484466552734375
 484 0.0001513957977294922 0.008638381958007812 0.0005314350128173828
 529 0.00016760826110839844 0.009422063827514648 0.0005872249603271484
 576 0.0001838207244873047 0.010258197784423828 0.0006363391876220703
 625 0.00020003318786621094 0.011129140853881836 0.000698089599609375
 676 0.0002167224884033203 0.012043237686157227 0.0007541179656982422
 729 0.00023436546325683594 0.012980461120605469 0.0008158683776855469
 784 0.00025391578674316406 0.013946771621704102 0.0008738040924072266
 841 0.0002734661102294922 0.014928817749023438 0.0009369850158691406
 900 0.0002951622009277344 0.015955686569213867 0.0010218620300292969
 961 0.00031495094299316406 0.01708054542541504 0.001069784164428711
 1024 0.0003383159637451172 0.01819920539855957 0.001142740249633789
 1089 0.00036025047302246094 0.019298791885375977 0.0012209415435791016
 1156 0.0003809928894042969 0.020488739013671875 0.001294851303100586
 1225 0.0004038810729980469 0.02169013023376465 0.0013701915740966797
 1296 0.00042724609375 0.022910118103027344 0.0014464855194091797
 1369 0.0004513263702392578 0.024225950241088867 0.00152587890625
 1444 0.0004763603210449219 0.0255434513092041 0.0016067028045654297
 1521 0.000499725341796875 0.026915550231933594 0.0017075538635253906
 1600 0.0005295276641845703 0.02828812599182129 0.0017910003662109375
 1681 0.00055694580078125 0.0296938419342041 0.0018765926361083984
 1764 0.0005848407745361328 0.031160593032836914 0.00197601318359375
 1849 0.0006129741668701172 0.03262615203857422 0.002064943313598633
 1936 0.0007290840148925781 0.03421306610107422 0.002170562744140625
 2025 0.0006723403930664062 0.03570437431335449 0.0022742748260498047
 2116 0.0007975101470947266 0.03731131553649902 0.0023794174194335938
 2209 0.0007348060607910156 0.03896641731262207 0.002464771270751953
 2304 0.0008726119995117188 0.04060935974121094 0.002576589584350586
 2401 0.0007991790771484375 0.042339324951171875 0.002676725387573242
 2500 0.0009477138519287109 0.04401850700378418 0.0027990341186523438
 2601 0.0008671283721923828 0.04580092430114746 0.0028831958770751953
 2704 0.0010273456573486328 0.047655582427978516 0.0030095577239990234
 2809 0.0009500980377197266 0.04939413070678711 0.0031385421752929688
 2916 0.0011076927185058594 0.05127596855163574 0.0032689571380615234
 3025 0.0010094642639160156 0.05320882797241211 0.003367185592651367
 3136 0.0011968612670898438 0.055260419845581055 0.0034706592559814453
 3249 0.0010852813720703125 0.05710935592651367 0.0035941600799560547
 3364 0.0011227130889892578 0.059139251708984375 0.003746509552001953
 3481 0.0011630058288574219 0.06125497817993164 0.0038521289825439453
 3600 0.0012025833129882812 0.06326961517333984 0.003975391387939453
 3721 0.0012440681457519531 0.0653829574584961 0.004136323928833008
 3844 0.0012848377227783203 0.06754493713378906 0.004244327545166016
 3969 0.0013272762298583984 0.06971144676208496 0.0043871402740478516
 4096 0.0013813972473144531 0.07194375991821289 0.004540920257568359
 4225 0.0014128684997558594 0.07421994209289551 0.004662513732910156
 4356 0.0014595985412597656 0.0764925479888916 0.004796266555786133
 4489 0.001508951187133789 0.07870101928710938 0.004960775375366211
 4624 0.0015473365783691406 0.08114171028137207 0.005090951919555664
 4761 0.0015933513641357422 0.08349776268005371 0.005229949951171875
 4900 0.0016529560089111328 0.08587479591369629 0.005400419235229492
 5041 0.001688241958618164 0.08842587471008301 0.005544900894165039
 5184 0.001735687255859375 0.09096765518188477 0.005690336227416992
 5329 0.001798391342163086 0.09350013732910156 0.005857229232788086
 5476 0.0018353462219238281 0.09597420692443848 0.0059893131256103516
 5625 0.0018839836120605469 0.09857439994812012 0.006160259246826172
 5776 0.0020852088928222656 0.10131645202636719 0.006339311599731445
 5929 0.0019774436950683594 0.10394287109375 0.006501436233520508
 6084 0.00218963623046875 0.10654926300048828 0.006666421890258789
 6241 0.002090930938720703 0.10939359664916992 0.006845235824584961
 6400 0.002463817596435547 0.11222290992736816 0.007018089294433594
 6561 0.002199411392211914 0.11509823799133301 0.00713801383972168
 6724 0.002413511276245117 0.11799311637878418 0.007355451583862305
 6889 0.0023102760314941406 0.1205906867980957 0.007527589797973633
 7056 0.002533435821533203 0.12368655204772949 0.007717132568359375
 7225 0.002424001693725586 0.12652850151062012 0.007944107055664062
 7396 0.0028502941131591797 0.12959551811218262 0.008063077926635742
 7569 0.002537250518798828 0.13280510902404785 0.008229255676269531
 7744 0.002781391143798828 0.13573932647705078 0.008466482162475586
 7921 0.002658367156982422 0.13870811462402344 0.008617401123046875
 8100 0.0029244422912597656 0.14209938049316406 0.008810997009277344
 8281 0.002777099609375 0.1452009677886963 0.009010791778564453
 8464 0.003263235092163086 0.14841723442077637 0.00924539566040039
 8649 0.0029032230377197266 0.15187311172485352 0.00941610336303711
 8836 0.003176450729370117 0.1551189422607422 0.00959920883178711
 9025 0.0030291080474853516 0.15833735466003418 0.009795427322387695
 9216 0.0033266544342041016 0.16175246238708496 0.01002955436706543
 9409 0.0031561851501464844 0.16509675979614258 0.010224580764770508
 9604 0.00371551513671875 0.16875767707824707 0.01043391227722168
 9801 0.003281116485595703 0.17205190658569336 0.010632753372192383
 10000 0.003603696823120117 0.1757199764251709 0.010851383209228516
 10201 0.0034270286560058594 0.17928504943847656 0.011037826538085938
 10404 0.003755331039428711 0.18296313285827637 0.01128077507019043
 10609 0.003573894500732422 0.18660235404968262 0.011509418487548828
 10816 0.004178047180175781 0.1904606819152832 0.011733531951904297
 11025 0.0036995410919189453 0.1938762664794922 0.011884927749633789
 11236 0.004041910171508789 0.19806408882141113 0.0121612548828125
 11449 0.0038442611694335938 0.20204877853393555 0.01236867904663086
 11664 0.0042111873626708984 0.2058277130126953 0.012608528137207031
 11881 0.0039865970611572266 0.20951151847839355 0.012812614440917969
 12100 0.004689693450927734 0.21377325057983398 0.013078451156616211
 12321 0.004115104675292969 0.21743416786193848 0.013256549835205078
 12544 0.004527091979980469 0.2216482162475586 0.013558149337768555
 12769 0.004288911819458008 0.22579717636108398 0.013762474060058594
 12996 0.004676103591918945 0.22989726066589355 0.013999462127685547
 13225 0.004451751708984375 0.23381757736206055 0.014229536056518555
 13456 0.00521397590637207 0.23836350440979004 0.01449441909790039
 13689 0.004596233367919922 0.24228692054748535 0.014698266983032227
 13924 0.005026340484619141 0.24660301208496094 0.015023469924926758
 14161 0.004750728607177734 0.2514362335205078 0.01522064208984375
 14400 0.0048236846923828125 0.25521254539489746 0.015470743179321289
 14641 0.004928112030029297 0.2593255043029785 0.015731096267700195
 14884 0.004994392395019531 0.26436781883239746 0.01602005958557129
 15129 0.005070686340332031 0.26825690269470215 0.016205787658691406
 15376 0.005170106887817383 0.27283644676208496 0.01654362678527832
 15625 0.0052642822265625 0.27765464782714844 0.016794919967651367
 15876 0.005323171615600586 0.28200221061706543 0.017047882080078125
 16129 0.005408525466918945 0.28629326820373535 0.01731085777282715
 16384 0.00634312629699707 0.2918691635131836 0.017597198486328125
 16641 0.005586385726928711 0.29564642906188965 0.017819643020629883
 16900 0.006095170974731445 0.30040788650512695 0.0181427001953125
 17161 0.005765199661254883 0.30618739128112793 0.01836419105529785
 17424 0.006274700164794922 0.3099801540374756 0.018671751022338867
 17689 0.005952119827270508 0.31487059593200684 0.018952608108520508
 17956 0.0069751739501953125 0.3204941749572754 0.01923060417175293
 18225 0.006081581115722656 0.32476353645324707 0.019469022750854492
 18496 0.006650686264038086 0.3295478820800781 0.019794940948486328
 18769 0.006321430206298828 0.3357515335083008 0.020041465759277344
 19044 0.006866931915283203 0.3393130302429199 0.02035355567932129
 19321 0.006472110748291016 0.34464597702026367 0.020597219467163086
 19600 0.007600307464599609 0.3507192134857178 0.02089524269104004
 19881 0.00667572021484375 0.3547027111053467 0.02115464210510254
 20164 0.0072803497314453125 0.35962653160095215 0.021523714065551758
 20449 0.006884336471557617 0.3662104606628418 0.021797657012939453
 20736 0.007486820220947266 0.3703334331512451 0.02211785316467285
 21025 0.007074117660522461 0.3756239414215088 0.02241826057434082
 21316 0.008266687393188477 0.38233327865600586 0.022719860076904297
 21609 0.007256984710693359 0.3865089416503906 0.022990703582763672
 21904 0.007895231246948242 0.3914940357208252 0.02337646484375
 22201 0.007458686828613281 0.3978116512298584 0.023633956909179688
 22500 0.008121728897094727 0.40259814262390137 0.024002790451049805
 22801 0.0076563358306884766 0.40814876556396484 0.02430558204650879
 23104 0.00893712043762207 0.4151780605316162 0.024616479873657227
 23409 0.007859230041503906 0.41923975944519043 0.02489328384399414
 23716 0.008558511734008789 0.42456841468811035 0.02528095245361328
 24025 0.008063793182373047 0.4322628974914551 0.025528907775878906
 24336 0.008783578872680664 0.4363536834716797 0.02597951889038086
 24649 0.008293628692626953 0.4420762062072754 0.026180505752563477
 24964 0.009679317474365234 0.4492182731628418 0.02654409408569336
 25281 0.008497953414916992 0.45305848121643066 0.026819467544555664
 25600 0.009239673614501953 0.45931196212768555 0.027277231216430664
 25921 0.008725881576538086 0.4665248394012451 0.027523279190063477
 26244 0.009474992752075195 0.47110962867736816 0.027840614318847656
 26569 0.008925676345825195 0.4769012928009033 0.02816939353942871
 26896 0.010424137115478516 0.48471713066101074 0.02857494354248047
 27225 0.009132862091064453 0.489307165145874 0.028887271881103516
 27556 0.009946823120117188 0.4947621822357178 0.029261112213134766
 27889 0.009375810623168945 0.5026326179504395 0.029561996459960938
 28224 0.010209321975708008 0.5075299739837646 0.030010223388671875
 28561 0.009604454040527344 0.512941837310791 0.030242443084716797
 28900 0.01122593879699707 0.5215997695922852 0.030668020248413086
 29241 0.00981760025024414 0.5261147022247314 0.030938148498535156
 29584 0.01070713996887207 0.5326089859008789 0.03136110305786133
 29929 0.010074853897094727 0.5404996871948242 0.031681060791015625
 30276 0.010941505432128906 0.5450201034545898 0.03207850456237793
 30625 0.010294437408447266 0.5512385368347168 0.032390594482421875
 30976 0.012027978897094727 0.5595178604125977 0.03280901908874512
 31329 0.010541915893554688 0.5641942024230957 0.033121347427368164
 31684 0.011436700820922852 0.5703294277191162 0.03368067741394043
 32041 0.010791540145874023 0.5791811943054199 0.03382372856140137
 32400 0.011681795120239258 0.5839130878448486 0.03427720069885254
 32761 0.010982275009155273 0.5904202461242676 0.03462076187133789
 33124 0.012855768203735352 0.5995032787322998 0.035131216049194336
 33489 0.011290550231933594 0.6040060520172119 0.035521745681762695
 33856 0.012249231338500977 0.611276388168335 0.03599810600280762
 34225 0.011475086212158203 0.6212117671966553 0.03652787208557129
 34596 0.012486457824707031 0.6251976490020752 0.036821842193603516
 34969 0.011723756790161133 0.6323881149291992 0.03706717491149902
 35344 0.01370382308959961 0.6432652473449707 0.03759884834289551
 35721 0.012017965316772461 0.6471202373504639 0.03789401054382324
 36100 0.013006925582885742 0.6536006927490234 0.0384373664855957
 36481 0.012245655059814453 0.6645994186401367 0.03876447677612305
 36864 0.013345718383789062 0.6687893867492676 0.03927040100097656
 37249 0.012499094009399414 0.6764888763427734 0.039701223373413086
 37636 0.01464986801147461 0.6868517398834229 0.04021883010864258
 38025 0.012798309326171875 0.6907243728637695 0.04047584533691406
 38416 0.01389622688293457 0.6983387470245361 0.040961265563964844
 38809 0.013094663619995117 0.7104058265686035 0.04136991500854492
 39204 0.014181375503540039 0.7131831645965576 0.04186820983886719
 39601 0.013368368148803711 0.7203664779663086 0.04218244552612305
 40000 0.015578269958496094 0.7331922054290771 0.04270505905151367
 40401 0.013564586639404297 0.7360191345214844 0.043097734451293945
 40804 0.014783382415771484 0.7440719604492188 0.04354238510131836
 41209 0.013931989669799805 0.756544828414917 0.043955087661743164
 41616 0.015063047409057617 0.7588062286376953 0.04439711570739746
 42025 0.014135599136352539 0.7667112350463867 0.044828176498413086
 42436 0.01654791831970215 0.7805278301239014 0.0453188419342041
 42849 0.01439666748046875 0.7828304767608643 0.04583168029785156
 43264 0.01568150520324707 0.7916381359100342 0.04631805419921875
 43681 0.014707803726196289 0.8042597770690918 0.046646833419799805
 44100 0.015970468521118164 0.8073077201843262 0.047081947326660156
 44521 0.01503443717956543 0.8154428005218506 0.04749727249145508
 44944 0.017490863800048828 0.829460620880127 0.04805326461791992
 45369 0.015255451202392578 0.8318941593170166 0.0484156608581543
 45796 0.016585111618041992 0.8395957946777344 0.04899477958679199
 46225 0.015613079071044922 0.8535943031311035 0.04957222938537598
 46656 0.016900062561035156 0.8563852310180664 0.04987955093383789
 47089 0.015918731689453125 0.8636445999145508 0.05028367042541504
 47524 0.01854848861694336 0.8780758380889893 0.050955772399902344
 47961 0.016126155853271484 0.8818364143371582 0.051264286041259766
 48400 0.017519474029541016 0.8900372982025146 0.0518498420715332
 48841 0.016513824462890625 0.9053096771240234 0.05219888687133789
 49284 0.017859458923339844 0.906214714050293 0.05289053916931152
 49729 0.016726970672607422 0.9154434204101562 0.053369998931884766
 50176 0.019585371017456055 0.9311068058013916 0.053803205490112305
 50625 0.017025470733642578 0.932734489440918 0.05425262451171875
 51076 0.018528461456298828 0.94077467918396 0.05495452880859375
 51529 0.017451047897338867 0.9567761421203613 0.055329084396362305
 51984 0.018873214721679688 0.9577579498291016 0.05598044395446777
 52441 0.017673969268798828 0.9668495655059814 0.0563359260559082
 52900 0.02063465118408203 0.9848532676696777 0.05689287185668945
 53361 0.017962932586669922 0.9838225841522217 0.05725884437561035
 53824 0.019547224044799805 0.9939334392547607 0.05790519714355469
 54289 0.018327713012695312 1.0101680755615234 0.058219194412231445
 54756 0.019881725311279297 1.0110301971435547 0.05888676643371582
 55225 0.01862931251525879 1.021186351776123 0.05925250053405762
 55696 0.021787166595458984 1.0379729270935059 0.05985569953918457
 56169 0.018909692764282227 1.0400822162628174 0.060288429260253906
 56644 0.020568132400512695 1.0477924346923828 0.061165571212768555
 57121 0.019330978393554688 1.0662102699279785 0.061435699462890625
 57600 0.0209195613861084 1.067112684249878 0.062090158462524414
 58081 0.019588470458984375 1.0761103630065918 0.06275391578674316
 58564 0.022923946380615234 1.093994379043579 0.06315946578979492
 59049 0.019953250885009766 1.0957424640655518 0.06345415115356445
 59536 0.02165842056274414 1.104011058807373 0.06415772438049316
 60025 0.020308732986450195 1.1233000755310059 0.06450724601745605
 60516 0.02040410041809082 1.123831033706665 0.06510639190673828
 61009 0.020660400390625 1.1329827308654785 0.06603527069091797
 61504 0.02078413963317871 1.1511483192443848 0.06634140014648438
 62001 0.020983219146728516 1.1517014503479004 0.06657528877258301
 62500 0.021108150482177734 1.1609032154083252 0.06728124618530273
 63001 0.024698257446289062 1.18076491355896 0.06799125671386719
 63504 0.021504640579223633 1.1800944805145264 0.06826972961425781
 64009 0.0233001708984375 1.1908504962921143 0.06914591789245605
 64516 0.021889686584472656 1.2098658084869385 0.06951141357421875
 65025 0.023659467697143555 1.2096083164215088 0.07012462615966797
 65536 0.02215409278869629 1.220226764678955 0.07062101364135742
 66049 0.02581787109375 1.2407681941986084 0.07119345664978027
 66564 0.022416353225708008 1.2400639057159424 0.0717766284942627
 67081 0.024428129196166992 1.2510225772857666 0.07237744331359863
 67600 0.02283477783203125 1.2725768089294434 0.07280945777893066
 68121 0.02479696273803711 1.270747184753418 0.07359695434570312
 68644 0.02354574203491211 1.2813622951507568 0.07402348518371582
 69169 0.027146339416503906 1.3049635887145996 0.07465600967407227
 69696 0.023552656173706055 1.3034024238586426 0.07504057884216309
 70225 0.02561187744140625 1.3139421939849854 0.0757756233215332
 70756 0.023958444595336914 1.3363370895385742 0.07625937461853027
 71289 0.02594923973083496 1.334561824798584 0.07683706283569336
 71824 0.024237871170043945 1.34609055519104 0.07732033729553223
 72361 0.028350830078125 1.3697795867919922 0.07832217216491699
 72900 0.024694204330444336 1.3672592639923096 0.07856607437133789
 73441 0.026762962341308594 1.3768713474273682 0.07938861846923828
 73984 0.025083065032958984 1.4030067920684814 0.07977437973022461
 74529 0.027167797088623047 1.4000136852264404 0.08038568496704102
 75076 0.025423288345336914 1.4112162590026855 0.0808858871459961
 75625 0.029704570770263672 1.4358839988708496 0.08174943923950195
 76176 0.02590322494506836 1.433612585067749 0.08201122283935547
 76729 0.02796769142150879 1.444990634918213 0.08273482322692871
 77284 0.02620673179626465 1.4692704677581787 0.08337092399597168
 77841 0.028393268585205078 1.4664838314056396 0.0841367244720459
 78400 0.026546955108642578 1.4770550727844238 0.08491301536560059
 78961 0.031009674072265625 1.5027024745941162 0.08543729782104492
 79524 0.02691030502319336 1.500467300415039 0.08560299873352051
 80089 0.02921319007873535 1.510866403579712 0.08651423454284668
 80656 0.027371883392333984 1.5382230281829834 0.0870215892791748
 81225 0.02962470054626465 1.5337779521942139 0.0877687931060791
 81796 0.02773141860961914 1.5456385612487793 0.08821606636047363
 82369 0.03237748146057129 1.5720150470733643 0.08909344673156738
 82944 0.02805614471435547 1.5676045417785645 0.08961629867553711
 83521 0.030436038970947266 1.5791122913360596 0.09021353721618652
 84100 0.02854013442993164 1.6080706119537354 0.09081864356994629
 84681 0.030896902084350586 1.603405237197876 0.09149503707885742
 85264 0.028841018676757812 1.6153645515441895 0.092010498046875
 85849 0.03372669219970703 1.6437489986419678 0.09288430213928223
 86436 0.029301166534423828 1.639345407485962 0.09321236610412598
 87025 0.03178524971008301 1.6517746448516846 0.09410452842712402
 87616 0.029744625091552734 1.6792161464691162 0.09460949897766113
 88209 0.03218865394592285 1.6736180782318115 0.09551119804382324
 88804 0.030063867568969727 1.684814214706421 0.09576296806335449
 89401 0.03515052795410156 1.7154314517974854 0.09670209884643555
 90000 0.030432701110839844 1.710923671722412 0.09720468521118164
 90601 0.033068180084228516 1.7224578857421875 0.09796261787414551
 91204 0.03107166290283203 1.7536346912384033 0.09825778007507324
 91809 0.0334773063659668 1.747072458267212 0.09916853904724121
 92416 0.03129172325134277 1.7594656944274902 0.09954690933227539
 93025 0.03657102584838867 1.7898764610290527 0.10065197944641113
 93636 0.03176593780517578 1.7831170558929443 0.10106086730957031
 94249 0.0344088077545166 1.794015645980835 0.10193920135498047
 94864 0.03223562240600586 1.825427532196045 0.10255074501037598
 95481 0.034891366958618164 1.8209385871887207 0.10346484184265137
 96100 0.032491445541381836 1.8328964710235596 0.10373783111572266
 96721 0.03797626495361328 1.8652911186218262 0.10481953620910645
 97344 0.033089399337768555 1.8581938743591309 0.10507011413574219
 97969 0.03572678565979004 1.8707489967346191 0.10619926452636719
 98596 0.03343653678894043 1.902287244796753 0.10636067390441895
 99225 0.03629446029663086 1.8955729007720947 0.10747170448303223
 99856 0.03389310836791992 1.9087567329406738 0.10779237747192383
 100489 0.039417266845703125 1.9426655769348145 0.10880780220031738
 101124 0.03443431854248047 1.9329588413238525 0.10914468765258789
 101761 0.037087440490722656 1.9459702968597412 0.11000299453735352
 102400 0.034696102142333984 1.981407880783081 0.1106863021850586
 103041 0.037641048431396484 1.9727332592010498 0.11153554916381836
 103684 0.03512835502624512 1.9883134365081787 0.11260128021240234
 104329 0.041039466857910156 2.021299362182617 0.11277151107788086
 104976 0.03546857833862305 2.0109024047851562 0.11353254318237305
 105625 0.03850579261779785 2.023967742919922 0.11432600021362305
 106276 0.03597569465637207 2.060184955596924 0.11453413963317871
 106929 0.03905224800109863 2.052238702774048 0.11565089225769043
 107584 0.03637075424194336 2.0638201236724854 0.11608719825744629
 108241 0.04263901710510254 2.1015357971191406 0.11721277236938477
 108900 0.03698921203613281 2.0908164978027344 0.11757230758666992
 109561 0.040023088455200195 2.1055779457092285 0.1185603141784668
 110224 0.03736996650695801 2.140822410583496 0.11883115768432617
 110889 0.040433406829833984 2.1317007541656494 0.11984610557556152
 111556 0.03787088394165039 2.1453182697296143 0.12076878547668457
 112225 0.04408764839172363 2.1831870079040527 0.12153363227844238
 112896 0.03853249549865723 2.1722288131713867 0.1217648983001709
 113569 0.04152846336364746 2.1855783462524414 0.12287354469299316
 114244 0.03895998001098633 2.223611354827881 0.12362504005432129
 114921 0.04195237159729004 2.2141129970550537 0.12450051307678223
 115600 0.03920388221740723 2.2261602878570557 0.12498164176940918
 116281 0.04582643508911133 2.265779495239258 0.12645244598388672
 116964 0.039667367935180664 2.2529826164245605 0.1262953281402588
 117649 0.04293012619018555 2.268268346786499 0.12697434425354004
 118336 0.040171146392822266 2.306931734085083 0.1279134750366211
 119025 0.04349112510681152 2.295447587966919 0.1289057731628418
 119716 0.040520668029785156 2.309576988220215 0.12906694412231445
 120409 0.04745650291442871 2.3500795364379883 0.13040423393249512
 121104 0.04120230674743652 2.336787462234497 0.1310131549835205
 121801 0.0444331169128418 2.3502297401428223 0.13153982162475586
 122500 0.04173111915588379 2.393679618835449 0.1321702003479004
 123201 0.044998884201049805 2.379817485809326 0.13350725173950195
 123904 0.04205179214477539 2.394030809402466 0.1340475082397461
 124609 0.04895162582397461 2.43536639213562 0.1346297264099121
 125316 0.04244685173034668 2.4213027954101562 0.13540220260620117
 126025 0.04608511924743652 2.4378750324249268 0.13632631301879883
 126736 0.04309988021850586 2.4788215160369873 0.13750290870666504
 127449 0.04645848274230957 2.465095281600952 0.1378014087677002
 128164 0.043501853942871094 2.478029251098633 0.13803887367248535
 128881 0.05082392692565918 2.5231356620788574 0.13926959037780762
 129600 0.04397845268249512 2.5085017681121826 0.14027833938598633
 130321 0.047477006912231445 2.5246105194091797 0.14098215103149414
 131044 0.0445561408996582 2.566969633102417 0.1421809196472168
 131769 0.044788360595703125 2.5527560710906982 0.1426374912261963
 132496 0.04489541053771973 2.568047523498535 0.1431138515472412
 133225 0.045319557189941406 2.614154577255249 0.14423203468322754
 133956 0.04558730125427246 2.599072217941284 0.14474010467529297
 134689 0.04924893379211426 2.6119577884674072 0.14572739601135254
 135424 0.046060800552368164 2.6586828231811523 0.14679670333862305
 136161 0.04964876174926758 2.6437673568725586 0.1470348834991455
 136900 0.046488046646118164 2.657547950744629 0.14749956130981445
 137641 0.054106950759887695 2.70393443107605 0.14869332313537598
 138384 0.04690909385681152 2.6860835552215576 0.14919495582580566
 139129 0.05077528953552246 2.700878858566284 0.15008139610290527
 139876 0.04755258560180664 2.751072645187378 0.15176796913146973
 140625 0.051293373107910156 2.7323827743530273 0.1522691249847412
 141376 0.04811978340148926 2.748859167098999 0.15242934226989746
 142129 0.05610084533691406 2.7965927124023438 0.1536579132080078
 142884 0.048520803451538086 2.7800426483154297 0.1541156768798828
 143641 0.05243325233459473 2.7931768894195557 0.15525507926940918
 144400 0.04903721809387207 2.8419816493988037 0.1556262969970703
 145161 0.052976131439208984 2.826582908630371 0.15660691261291504
 145924 0.049437761306762695 2.838916778564453 0.15719294548034668
 146689 0.05767321586608887 2.8885531425476074 0.15878534317016602
 147456 0.050057411193847656 2.8701906204223633 0.1587667465209961
 148225 0.05418968200683594 2.8842382431030273 0.16027474403381348
 148996 0.050660133361816406 2.937455654144287 0.16077208518981934
 149769 0.054682254791259766 2.9191813468933105 0.16185545921325684
 150544 0.05100822448730469 2.9321937561035156 0.16266393661499023
 151321 0.05956673622131348 2.9866385459899902 0.16398048400878906
 152100 0.05149435997009277 2.963582992553711 0.16411972045898438
 152881 0.05578756332397461 2.9801905155181885 0.16527891159057617
 153664 0.05227017402648926 3.0327649116516113 0.16578078269958496
 154449 0.05640411376953125 3.0160884857177734 0.166914701461792
 155236 0.05263924598693848 3.0295770168304443 0.16775155067443848
 156025 0.06139636039733887 3.0831854343414307 0.16861796379089355
 156816 0.05314755439758301 3.0595831871032715 0.16894745826721191
 157609 0.0575101375579834 3.078495502471924 0.17072510719299316
 158404 0.05380845069885254 3.1301519870758057 0.170698881149292
 159201 0.058127641677856445 3.1101176738739014 0.17189598083496094
 160000 0.05438351631164551 3.123584508895874 0.17278480529785156
 160801 0.0634915828704834 3.18298077583313 0.17372345924377441
 161604 0.05481314659118652 3.1588659286499023 0.1741626262664795
 162409 0.05929279327392578 3.1737427711486816 0.1754167079925537
 163216 0.055361270904541016 3.23172926902771 0.1758713722229004
 164025 0.05991840362548828 3.2089271545410156 0.17705559730529785
 164836 0.05610466003417969 3.2225258350372314 0.17760324478149414
 165649 0.06669116020202637 3.2822868824005127 0.17935466766357422
 166464 0.05816197395324707 3.257477283477783 0.179459810256958
 167281 0.06249260902404785 3.2708873748779297 0.18100214004516602
 168100 0.05855536460876465 3.331146001815796 0.18106508255004883
 168921 0.06308984756469727 3.3045613765716553 0.18196558952331543
 169744 0.059026479721069336 3.3206303119659424 0.18323302268981934
 170569 0.06848764419555664 3.3822638988494873 0.18400025367736816
 171396 0.05950331687927246 3.3574421405792236 0.18467926979064941
 172225 0.06432247161865234 3.3721559047698975 0.18579816818237305
 173056 0.0603327751159668 3.4333739280700684 0.18669486045837402
 173889 0.06499123573303223 3.408480405807495 0.18783855438232422
 174724 0.06102395057678223 3.431213855743408 0.1893329620361328
 175561 0.07040166854858398 3.505626678466797 0.19069147109985352
 176400 0.06139016151428223 3.4589059352874756 0.19064569473266602
 177241 0.06633734703063965 3.473755121231079 0.19190502166748047
 178084 0.062110185623168945 3.5399696826934814 0.19286894798278809
 178929 0.06683349609375 3.5073211193084717 0.19398784637451172
 179776 0.06257820129394531 3.5244946479797363 0.19367337226867676
 180625 0.07251739501953125 3.590641975402832 0.19504261016845703
 181476 0.06302309036254883 3.5601329803466797 0.19601798057556152
 182329 0.06806206703186035 3.5799880027770996 0.19704365730285645
 183184 0.06380581855773926 3.641770124435425 0.19720697402954102
 184041 0.06872034072875977 3.6120879650115967 0.19859886169433594
 184900 0.06451034545898438 3.6321892738342285 0.19973349571228027
 185761 0.0745248794555664 3.6939752101898193 0.20098590850830078
 186624 0.0649261474609375 3.6648852825164795 0.20113539695739746
 187489 0.06999063491821289 3.682816743850708 0.2024533748626709
 188356 0.06559157371520996 3.747098684310913 0.2034015655517578
 189225 0.07067131996154785 3.7165706157684326 0.20482325553894043
 190096 0.0659184455871582 3.738454580307007 0.20523571968078613
 190969 0.0766439437866211 3.8041272163391113 0.2065274715423584
 191844 0.06676912307739258 3.7732136249542236 0.20659828186035156
 192721 0.07195138931274414 3.793111801147461 0.20789551734924316
 193600 0.06750750541687012 3.8596179485321045 0.2086806297302246
 194481 0.07260274887084961 3.824342727661133 0.21016383171081543
 195364 0.06810712814331055 3.8447117805480957 0.21068978309631348
 196249 0.07876729965209961 3.914072275161743 0.2118537425994873
 197136 0.06855177879333496 3.8811707496643066 0.21248221397399902
 198025 0.0738375186920166 3.896430015563965 0.21379661560058594
 198916 0.06918120384216309 3.968210458755493 0.21477222442626953
 199809 0.07468581199645996 3.9338958263397217 0.21544885635375977
 200704 0.06976461410522461 3.9494564533233643 0.2167191505432129
 201601 0.08104753494262695 4.024338006973267 0.21820831298828125
 202500 0.07039213180541992 3.986659049987793 0.2185513973236084
 203401 0.07599973678588867 4.006547212600708 0.21987080574035645
 204304 0.07108592987060547 4.078050851821899 0.2200157642364502
 205209 0.07649588584899902 4.041036128997803 0.22150230407714844
 206116 0.07169985771179199 4.060898303985596 0.2222917079925537
 207025 0.0832822322845459 4.135637283325195 0.2240133285522461
 207936 0.07233452796936035 4.100708961486816 0.223768949508667
 208849 0.07782459259033203 4.117373704910278 0.22540020942687988
 209764 0.07298612594604492 4.192789077758789 0.2264235019683838
 210681 0.0786430835723877 4.154717683792114 0.2279036045074463
 211600 0.07363486289978027 4.174284934997559 0.228240966796875
 212521 0.0851445198059082 4.251955270767212 0.22986912727355957
 213444 0.0742032527923584 4.21203088760376 0.23030543327331543
 214369 0.0798196792602539 4.2306108474731445 0.2318282127380371
 215296 0.07494449615478516 4.307328701019287 0.2317957878112793
 216225 0.08053255081176758 4.267373561859131 0.2338695526123047
 217156 0.07544684410095215 4.290304899215698 0.23358869552612305
 218089 0.0873410701751709 4.364968776702881 0.23533058166503906
 219024 0.07618999481201172 4.327158212661743 0.23548293113708496
 219961 0.08199238777160645 4.344844579696655 0.23711204528808594
 220900 0.07693362236022949 4.423234939575195 0.23764562606811523
 221841 0.0827631950378418 4.3838770389556885 0.23945164680480957
 222784 0.07742953300476074 4.401770830154419 0.2400209903717041
 223729 0.0894324779510498 4.481017589569092 0.24137234687805176
 224676 0.07818269729614258 4.442264556884766 0.24233222007751465
 225625 0.08408093452453613 4.461060523986816 0.24411892890930176
 226576 0.0789327621459961 4.543164491653442 0.2442936897277832
 227529 0.0847330093383789 4.499533176422119 0.24568462371826172
 228484 0.07937145233154297 4.514462232589722 0.24576330184936523
 229441 0.09196710586547852 4.598275184631348 0.2474822998046875
 230400 0.08014917373657227 4.55683445930481 0.2481229305267334
 231361 0.08634090423583984 4.5761613845825195 0.24950289726257324
 232324 0.08117914199829102 4.658674478530884 0.25030088424682617
 233289 0.08720064163208008 4.619436740875244 0.2524571418762207
 234256 0.08158493041992188 4.635283946990967 0.2527194023132324
 235225 0.08217549324035645 4.7182457447052 0.2535693645477295
 236196 0.08248424530029297 4.673558712005615 0.255157470703125
 237169 0.0825960636138916 4.694828271865845 0.25635361671447754
 238144 0.08297467231750488 4.782437801361084 0.2567415237426758
 239121 0.08942437171936035 4.73308801651001 0.25849056243896484
 240100 0.0838325023651123 4.757595062255859 0.25888633728027344
 241081 0.09689450263977051 4.8396384716033936 0.2606184482574463
 242064 0.08437561988830566 4.7943785190582275 0.2605295181274414
 243049 0.09081435203552246 4.813805103302002 0.262645959854126
 244036 0.08786177635192871 4.9050304889678955 0.26256871223449707
 245025 0.08527231216430664 4.855764389038086 0.2640864849090576
 246016 0.08561396598815918 4.875324487686157 0.26543164253234863
 247009 0.08625435829162598 4.964017868041992 0.2670884132385254
 248004 0.08623957633972168 4.913865566253662 0.26685547828674316
 249001 0.08667325973510742 4.934542179107666 0.26783323287963867
 250000 0.10065031051635742 5.024599075317383 0.2700164318084717
 251001 0.08745026588439941 4.978240489959717 0.2704176902770996
 252004 0.09394049644470215 4.99671745300293 0.27215027809143066
 253009 0.08813118934631348 5.089455842971802 0.2725083827972412
 254016 0.09467196464538574 5.0354883670806885 0.2740490436553955
 255025 0.08904743194580078 5.05762505531311 0.2741124629974365
 256036 0.10283160209655762 5.149752378463745 0.2764759063720703
 257049 0.08955502510070801 5.100276470184326 0.27672672271728516
 258064 0.09637928009033203 5.124168872833252 0.27794647216796875
 259081 0.0903010368347168 5.214780807495117 0.27870655059814453
 260100 0.09691643714904785 5.164074659347534 0.2799801826477051
 261121 0.09086465835571289 5.18309473991394 0.2815735340118408
 262144 0.10513162612915039 5.278229713439941 0.28249692916870117
 263169 0.09182453155517578 5.2242112159729 0.2828059196472168
 264196 0.09865355491638184 5.245304107666016 0.28510618209838867
 265225 0.09239625930786133 5.342523097991943 0.2855570316314697
 266256 0.09949588775634766 5.2911107540130615 0.2872452735900879
 267289 0.09320640563964844 5.307088851928711 0.2874183654785156
 268324 0.10767292976379395 5.405527591705322 0.2891204357147217
 269361 0.09373307228088379 5.348761081695557 0.29017210006713867
 270400 0.1010732650756836 5.369090557098389 0.2909538745880127
 271441 0.09470462799072266 5.468199253082275 0.2920210361480713
 272484 0.10166430473327637 5.413216590881348 0.2943003177642822
 273529 0.09507584571838379 5.435013771057129 0.2942016124725342
 274576 0.1104428768157959 5.532522916793823 0.29639410972595215
 275625 0.09591174125671387 5.478818655014038 0.29703378677368164
 276676 0.10319781303405762 5.501163482666016 0.29782581329345703
 277729 0.09666156768798828 5.5982606410980225 0.2983741760253906
 278784 0.10387134552001953 5.544732332229614 0.29975414276123047
 279841 0.09750819206237793 5.566189765930176 0.30079054832458496
 280900 0.1128532886505127 5.666869640350342 0.302797794342041
 281961 0.09790563583374023 5.6100358963012695 0.30352067947387695
 283024 0.10572504997253418 5.631334066390991 0.3047153949737549
 284089 0.09908485412597656 5.730088949203491 0.3051455020904541
 285156 0.10645461082458496 5.677051067352295 0.3075065612792969
 286225 0.0998067855834961 5.69475245475769 0.30832433700561523
 287296 0.1156473159790039 5.798424959182739 0.3093149662017822
 288369 0.10050201416015625 5.739731788635254 0.3096933364868164
 289444 0.10808944702148438 5.758079528808594 0.3123641014099121
 290521 0.10125589370727539 5.866282224655151 0.31277942657470703
 291600 0.10872077941894531 5.805759906768799 0.31444835662841797
 292681 0.1021726131439209 5.829281330108643 0.3146626949310303
 293764 0.11815404891967773 5.932735919952393 0.31650447845458984
 294849 0.1039283275604248 5.871717691421509 0.31739258766174316
 295936 0.11169600486755371 5.891543388366699 0.31899142265319824
 297025 0.10459589958190918 6.003341913223267 0.31955885887145996
 298116 0.11237716674804688 5.940082550048828 0.320467472076416
 299209 0.10517096519470215 5.960309028625488 0.3209214210510254
 300304 0.12145590782165527 6.066903829574585 0.3236229419708252
 301401 0.10565185546875 6.004503488540649 0.3243720531463623
 302500 0.11380624771118164 6.029961347579956 0.32604193687438965
 303601 0.10698103904724121 6.1411285400390625 0.32640767097473145
 304704 0.1145479679107666 6.071265697479248 0.3276801109313965
 305809 0.10741591453552246 6.098117351531982 0.3280496597290039
 306916 0.12353157997131348 6.208512306213379 0.33055710792541504
 308025 0.10808134078979492 6.138201713562012 0.33066725730895996
 309136 0.11644768714904785 6.168250560760498 0.3331310749053955
 310249 0.10882568359375 6.273083209991455 0.33347058296203613
 311364 0.11721563339233398 6.2074689865112305 0.3347594738006592
 312481 0.10993075370788574 6.233056545257568 0.33518052101135254
 313600 0.12692952156066895 6.345976829528809 0.33694934844970703
 314721 0.11053633689880371 6.277326822280884 0.33770751953125
 315844 0.11865019798278809 6.301301956176758 0.3403899669647217
 316969 0.11125683784484863 6.415584564208984 0.3410763740539551
 318096 0.1192781925201416 6.342926740646362 0.3424954414367676
 319225 0.1118767261505127 6.368979215621948 0.3425281047821045
 320356 0.1294867992401123 6.486934661865234 0.34601712226867676
 321489 0.11266493797302246 6.416567325592041 0.3461019992828369
 322624 0.12140250205993652 6.438945531845093 0.34746694564819336
 323761 0.11376094818115234 6.5565948486328125 0.34818410873413086
 324900 0.12196111679077148 6.4914045333862305 0.3506016731262207
 326041 0.11453914642333984 6.50921893119812 0.3509190082550049
 327184 0.13202595710754395 6.628036260604858 0.3517496585845947
 328329 0.11535239219665527 6.55861759185791 0.35211634635925293
 329476 0.12396979331970215 6.578620910644531 0.3541429042816162
 330625 0.11619830131530762 6.696647644042969 0.3547346591949463
 331776 0.12505817413330078 6.625082731246948 0.3570582866668701
 332929 0.11707663536071777 6.647060394287109 0.3577742576599121
 334084 0.1346578598022461 6.771155118942261 0.35954713821411133
 335241 0.11785221099853516 6.695572376251221 0.36025381088256836
 336400 0.12629246711730957 6.718158006668091 0.36125612258911133
 337561 0.11816573143005371 6.844239950180054 0.3620026111602783
 338724 0.12728595733642578 6.768056869506836 0.36324357986450195
 339889 0.11908197402954102 6.791316509246826 0.364088773727417
 341056 0.13725900650024414 6.914325475692749 0.36622047424316406
 342225 0.11988687515258789 6.841181516647339 0.36641407012939453
 343396 0.12958431243896484 6.865187644958496 0.36850404739379883
 344569 0.1203467845916748 6.987638473510742 0.369004487991333
 345744 0.12996602058410645 6.909881114959717 0.3721745014190674
 346921 0.1217644214630127 6.932957410812378 0.37253260612487793
 348100 0.14019775390625 7.056713819503784 0.3737907409667969
 349281 0.12253117561340332 6.9837870597839355 0.3741743564605713
 350464 0.13182640075683594 7.009091854095459 0.3764839172363281
 351649 0.12364721298217773 7.13401460647583 0.37677931785583496
 352836 0.132615327835083 7.059861660003662 0.37952637672424316
 354025 0.1237187385559082 7.08013129234314 0.38025808334350586
 355216 0.14281368255615234 7.210705280303955 0.38207507133483887
 356409 0.12538456916809082 7.130484342575073 0.3826589584350586
 357604 0.13433313369750977 7.153451204299927 0.384692907333374
 358801 0.12580156326293945 7.283377170562744 0.3852367401123047
 360000 0.13503098487854004 7.2083611488342285 0.38642406463623047
 361201 0.12659716606140137 7.228145122528076 0.38678407669067383
 362404 0.14616727828979492 7.358177185058594 0.3901195526123047
 363609 0.12717556953430176 7.276600360870361 0.3904430866241455
 364816 0.13719415664672852 7.2975475788116455 0.39252734184265137
 366025 0.1284959316253662 7.4389121532440186 0.39261841773986816
 367236 0.13745832443237305 7.349056720733643 0.3939478397369385
 368449 0.1297471523284912 7.372347831726074 0.39453721046447754
 369664 0.14900684356689453 7.512368202209473 0.3964083194732666
 370881 0.13006067276000977 7.423900127410889 0.3969094753265381
 372100 0.13970017433166504 7.4503772258758545 0.3991978168487549
 373321 0.13121438026428223 7.584587812423706 0.3997185230255127
 374544 0.14057302474975586 7.496977806091309 0.4019432067871094
 375769 0.1319882869720459 7.526216268539429 0.40247225761413574
 376996 0.15154266357421875 7.663128137588501 0.40471482276916504
 378225 0.13218045234680176 7.579488039016724 0.4048645496368408
 379456 0.14265942573547363 7.60362696647644 0.4071013927459717
 380689 0.1334397792816162 7.737828731536865 0.4076578617095947
 381924 0.14368915557861328 7.656446933746338 0.41077184677124023
 383161 0.13434481620788574 7.679517984390259 0.41007041931152344
 384400 0.15482807159423828 7.819873094558716 0.41185784339904785
 385641 0.13503313064575195 7.728921890258789 0.4137711524963379
 386884 0.14542841911315918 7.752615451812744 0.4146153926849365
 388129 0.13610267639160156 7.892364978790283 0.41576218605041504
 389376 0.14589238166809082 7.808980703353882 0.4170405864715576
 390625 0.13665151596069336 7.830779075622559 0.41819286346435547
 391876 0.1575779914855957 7.9722795486450195 0.4199702739715576
 393129 0.13755321502685547 7.879857778549194 0.42083096504211426
 394384 0.14835023880004883 7.908772706985474 0.4227142333984375
 395641 0.13837170600891113 8.051392316818237 0.423189640045166
 396900 0.14912629127502441 7.962944984436035 0.42554521560668945
 398161 0.13929533958435059 7.985105276107788 0.42615342140197754
 399424 0.16061997413635254 8.13095998764038 0.4294908046722412
 400689 0.14023232460021973 8.041205644607544 0.42880773544311523
 401956 0.15076518058776855 8.060508728027344 0.43201136589050293
 403225 0.14142084121704102 8.205031871795654 0.43239665031433105
 404496 0.15145373344421387 8.110357761383057 0.435131311416626
 405769 0.14193058013916016 8.139341831207275 0.43521976470947266
 407044 0.1637728214263916 8.288701057434082 0.43775105476379395
 408321 0.1430525779724121 8.190062761306763 0.43808865547180176
 409600 0.15372538566589355 8.217828035354614 0.4406745433807373
 410881 0.14312171936035156 8.368113994598389 0.4407227039337158
 412164 0.1544938087463379 8.272528171539307 0.44213366508483887
 413449 0.14505553245544434 8.294911861419678 0.4424581527709961
 414736 0.16675686836242676 8.44996953010559 0.445920467376709
 416025 0.1456127166748047 8.352592468261719 0.44475746154785156
 417316 0.15654802322387695 8.380544424057007 0.44680070877075195
 418609 0.14697647094726562 8.529308319091797 0.4475417137145996
 419904 0.15750885009765625 8.43131947517395 0.44994091987609863
 421201 0.14732122421264648 8.455754280090332 0.450486421585083
 422500 0.16950345039367676 8.613977193832397 0.45252513885498047
 423801 0.14763832092285156 8.508857011795044 0.45440173149108887
 425104 0.15945911407470703 8.539389848709106 0.4557642936706543
 426409 0.14946484565734863 8.698357820510864 0.45570802688598633
 427716 0.16032767295837402 8.589012861251831 0.4580700397491455
 429025 0.14954781532287598 8.613298177719116 0.4586036205291748
 430336 0.17296862602233887 8.784744501113892 0.4613840579986572
 431649 0.15089035034179688 8.67073392868042 0.461745023727417
 432964 0.1622607707977295 8.697367191314697 0.46499204635620117
 434281 0.15183711051940918 8.857184648513794 0.4657328128814697
 435600 0.16339635848999023 8.747004270553589 0.4678688049316406
 436921 0.15272212028503418 8.77966856956482 0.4687027931213379
 438244 0.1760413646697998 8.944072484970093 0.4705054759979248
 439569 0.15358376502990723 8.836709260940552 0.47166943550109863
 440896 0.1653883457183838 8.858042240142822 0.47325968742370605
 442225 0.1546013355255127 9.01764464378357 0.4738779067993164
 443556 0.16611552238464355 8.914623737335205 0.4750969409942627
 444889 0.15537214279174805 8.941635608673096 0.4761953353881836
 446224 0.1793222427368164 9.103983163833618 0.47760915756225586
 447561 0.15630793571472168 8.993919372558594 0.47835397720336914
 448900 0.1680595874786377 9.02591347694397 0.4803950786590576
 450241 0.1574723720550537 9.190532922744751 0.48134660720825195
 451584 0.1693117618560791 9.089699745178223 0.48589277267456055
 452929 0.15812969207763672 9.115201234817505 0.4873948097229004
 454276 0.18231534957885742 9.276366472244263 0.48818540573120117
 455625 0.15899252891540527 9.161741971969604 0.48900890350341797
 456976 0.17122912406921387 9.189604043960571 0.4922513961791992
 458329 0.1602787971496582 9.361637115478516 0.491901159286499
 459684 0.17221665382385254 9.244542598724365 0.4920661449432373
 461041 0.16112327575683594 9.270872116088867 0.4923427104949951
 462400 0.18556785583496094 9.444889068603516 0.49503588676452637
 463761 0.1621105670928955 9.327031373977661 0.4951286315917969
 465124 0.17419219017028809 9.358287811279297 0.4976496696472168
 466489 0.16304445266723633 9.526625394821167 0.4993155002593994
 467856 0.17532944679260254 9.412055015563965 0.500640869140625
 469225 0.16392970085144043 9.437822103500366 0.5010240077972412
 470596 0.18851852416992188 9.61348009109497 0.5055055618286133
 471969 0.16475224494934082 9.496768712997437 0.5052716732025146
 473344 0.1769731044769287 9.5259370803833 0.5082588195800781
 474721 0.16587376594543457 9.697418451309204 0.508599042892456
 476100 0.17832612991333008 9.587260007858276 0.5111775398254395
 477481 0.16655707359313965 9.61397671699524 0.5112972259521484
 478864 0.19242334365844727 9.790897369384766 0.5128469467163086
 480249 0.16760921478271484 9.669780969619751 0.513324499130249
 481636 0.18041563034057617 9.702546119689941 0.5155248641967773
 483025 0.16869187355041504 9.874701976776123 0.5157957077026367
 484416 0.1818838119506836 9.751121044158936 0.5182466506958008
 485809 0.1697530746459961 9.781147241592407 0.5187373161315918
 487204 0.19561409950256348 10.009864091873169 0.5210559368133545
 488601 0.1707019805908203 9.835368871688843 0.5228490829467773
 490000 0.18354320526123047 9.866592168807983 0.5243945121765137
 491401 0.17161321640014648 10.04662561416626 0.5252645015716553
 492804 0.18456315994262695 9.924830675125122 0.5272104740142822
 494209 0.1723802089691162 9.955581903457642 0.5280582904815674
 495616 0.19899725914001465 10.14577603340149 0.5318200588226318
 497025 0.1735379695892334 10.011988401412964 0.5325765609741211
 498436 0.18660974502563477 10.046775102615356 0.5333206653594971
 499849 0.1749267578125 10.228452920913696 0.5338149070739746
 501264 0.18764162063598633 10.101676225662231 0.5372285842895508
 502681 0.17550086975097656 10.1288480758667 0.5381677150726318
 504100 0.20205402374267578 10.307198524475098 0.53926682472229
 505521 0.17644548416137695 10.183465719223022 0.5397679805755615
 506944 0.1898205280303955 10.21331787109375 0.5433950424194336
 508369 0.1780860424041748 10.400964736938477 0.5437934398651123
 509796 0.19094395637512207 10.270553588867188 0.5463416576385498
 511225 0.17850303649902344 10.30387020111084 0.5471100807189941
 512656 0.20569372177124023 10.489801168441772 0.5497777462005615
 514089 0.17961502075195312 10.36190128326416 0.5497939586639404
 515524 0.19294118881225586 10.38855242729187 0.553123950958252
 516961 0.1806199550628662 10.584957599639893 0.5531151294708252
 518400 0.19408416748046875 10.449930667877197 0.5540122985839844
 519841 0.1814424991607666 10.47556471824646 0.5552856922149658
 521284 0.20942449569702148 10.671576261520386 0.5572929382324219
 522729 0.1824324131011963 10.544092893600464 0.5580134391784668
 524176 0.1961054801940918 10.57527780532837 0.5618677139282227
 525625 0.18388986587524414 10.763527870178223 0.5623140335083008
 527076 0.19724822044372559 10.626111030578613 0.5635473728179932
 528529 0.18471074104309082 10.65782380104065 0.563974142074585
 529984 0.21264219284057617 10.845470905303955 0.5670175552368164
 531441 0.18541717529296875 10.714704036712646 0.5669059753417969
 532900 0.19952940940856934 10.745164394378662 0.5713253021240234
 534361 0.18658447265625 10.945208549499512 0.5716550350189209
 535824 0.20050692558288574 10.80649995803833 0.5727815628051758
 537289 0.18745875358581543 10.83851170539856 0.5741400718688965
 538756 0.1881427764892578 11.033621072769165 0.5773358345031738
 540225 0.18854331970214844 10.898321628570557 0.5787460803985596
 541696 0.18961000442504883 10.92755126953125 0.5793075561523438
 543169 0.18961429595947266 11.136051416397095 0.5796232223510742
 544644 0.2038571834564209 10.984211444854736 0.5838313102722168
 546121 0.19073796272277832 11.024307250976562 0.5843169689178467
 547600 0.2199721336364746 11.220971822738647 0.5865960121154785
 549081 0.19145512580871582 11.085046768188477 0.5878567695617676
 550564 0.2061772346496582 11.100057601928711 0.5897197723388672
 552049 0.19286084175109863 11.31321668624878 0.5901939868927002
 553536 0.2069869041442871 11.171579122543335 0.5908904075622559
 555025 0.19359922409057617 11.1993248462677 0.5918357372283936
 556516 0.22345185279846191 11.418357849121094 0.5947790145874023
 558009 0.19477128982543945 11.258470058441162 0.5950412750244141
 559504 0.1950693130493164 11.2953782081604 0.5993311405181885
 561001 0.19595026969909668 11.496248960494995 0.6009747982025146
 562500 0.19612455368041992 11.35305666923523 0.6013343334197998
 564001 0.19669008255004883 11.382794857025146 0.6015639305114746
 565504 0.19733691215515137 11.598744869232178 0.6039516925811768
 567009 0.21202588081359863 11.449907779693604 0.6070215702056885
 568516 0.1983790397644043 11.486092567443848 0.6066851615905762
 570025 0.2280898094177246 11.68963885307312 0.609769344329834
 571536 0.19924116134643555 11.545255422592163 0.6092312335968018
 573049 0.21437501907348633 11.576318502426147 0.6120197772979736
 574564 0.20051002502441406 11.786259889602661 0.6124272346496582
 576081 0.21549749374389648 11.63492751121521 0.6147034168243408
 577600 0.20129847526550293 11.666277408599854 0.615997314453125
 579121 0.2319011688232422 11.875010967254639 0.6196868419647217
 580644 0.20169997215270996 11.724989414215088 0.6186182498931885
 582169 0.2175745964050293 11.75605034828186 0.6233656406402588
 583696 0.20362424850463867 11.970060110092163 0.6229569911956787
 585225 0.21887493133544922 11.827678442001343 0.6245231628417969
 586756 0.20451998710632324 11.85210657119751 0.6270103454589844
 588289 0.23572301864624023 12.072122573852539 0.6301839351654053
 589824 0.20553326606750488 11.914661884307861 0.6291263103485107
 591361 0.22107410430908203 11.94553542137146 0.6314051151275635
 592900 0.2067399024963379 12.169290781021118 0.6332621574401855
 594441 0.22254300117492676 12.008729696273804 0.6368668079376221
 595984 0.20845651626586914 12.03843379020691 0.6360824108123779
 597529 0.2393660545349121 12.262238264083862 0.6396148204803467
 599076 0.2087099552154541 12.103946208953857 0.640408992767334
 600625 0.2245311737060547 12.13144588470459 0.6429240703582764
 602176 0.20997905731201172 12.360397815704346 0.6414444446563721
 603729 0.22565078735351562 12.201555728912354 0.6447315216064453
 605284 0.21073341369628906 12.230844020843506 0.644773006439209
 606841 0.24316787719726562 12.456514358520508 0.6480865478515625
 608400 0.21190476417541504 12.298305034637451 0.6500949859619141
 609961 0.2280900478363037 12.326714515686035 0.6525933742523193
 611524 0.2132880687713623 12.554367065429688 0.6516385078430176
 613089 0.2289903163909912 12.390572547912598 0.6543941497802734
 614656 0.21408319473266602 12.430967569351196 0.6563153266906738
 616225 0.24684810638427734 12.657579183578491 0.6593625545501709
 617796 0.21518731117248535 12.490381479263306 0.6598751544952393
 619369 0.23150253295898438 12.524853467941284 0.6628589630126953
 620944 0.21661686897277832 12.75573182106018 0.6617136001586914
 622521 0.23238539695739746 12.586007118225098 0.6643316745758057
 624100 0.2188582420349121 12.620896816253662 0.6661703586578369
 625681 0.2506535053253174 12.850516319274902 0.6698753833770752
 627264 0.21898746490478516 12.692504644393921 0.6686863899230957
 628849 0.2349851131439209 12.717785120010376 0.6711115837097168
 630436 0.21966886520385742 12.948753595352173 0.6716699600219727
 632025 0.23641276359558105 12.78147029876709 0.6744575500488281
 633616 0.22084999084472656 12.815563440322876 0.6769216060638428
 635209 0.2541210651397705 13.050922393798828 0.6792936325073242
 636804 0.22188377380371094 12.878302097320557 0.6800894737243652
 638401 0.23845529556274414 12.921710968017578 0.682960033416748
 640000 0.22301554679870605 13.154269695281982 0.683422327041626
 641601 0.2395775318145752 12.991773843765259 0.6867311000823975
 643204 0.2238144874572754 13.016319751739502 0.6857109069824219
 644809 0.25829505920410156 13.248085021972656 0.6877903938293457
 646416 0.22612667083740234 13.080368995666504 0.6880614757537842
 648025 0.24206280708312988 13.11276364326477 0.6916685104370117
 649636 0.2267601490020752 13.348620176315308 0.6934354305267334
 651249 0.24330639839172363 13.176173448562622 0.6943390369415283
 652864 0.2272934913635254 13.213143110275269 0.6965372562408447
 654481 0.2620875835418701 13.45117473602295 0.6998789310455322
 656100 0.22890138626098633 13.274420976638794 0.6979861259460449
 657721 0.2456340789794922 13.315096378326416 0.70135498046875
 659344 0.2297067642211914 13.562963247299194 0.7034869194030762
 660969 0.24665117263793945 13.376175165176392 0.7065513134002686
 662596 0.2305912971496582 13.410908937454224 0.7071290016174316
 664225 0.26572561264038086 13.654264211654663 0.7097961902618408
 665856 0.23175930976867676 13.477500200271606 0.7085657119750977
 667489 0.2493290901184082 13.51620101928711 0.71150803565979
 669124 0.23325824737548828 13.761160135269165 0.7120182514190674
 670761 0.2505049705505371 13.571964502334595 0.7143516540527344
 672400 0.2339789867401123 13.6121187210083 0.715280294418335
 674041 0.26987266540527344 13.868070363998413 0.7186932563781738
 675684 0.2350771427154541 13.69783616065979 0.7203497886657715
 677329 0.2530031204223633 13.725581884384155 0.724050760269165
 678976 0.23648524284362793 13.976102828979492 0.7237651348114014
 680625 0.2540163993835449 13.781111478805542 0.72762131690979
 682276 0.237288236618042 13.821476936340332 0.7285089492797852
 683929 0.27386474609375 14.06325626373291 0.7301023006439209
 685584 0.2391338348388672 13.879149198532104 0.7303931713104248
 687241 0.2564966678619385 13.92343258857727 0.7337396144866943
 688900 0.23999929428100586 14.182847738265991 0.7326664924621582
 690561 0.2575066089630127 13.983346700668335 0.7368524074554443
 692224 0.2408747673034668 14.017753601074219 0.7361166477203369
 693889 0.2777106761932373 14.294511318206787 0.7391080856323242
 695556 0.24219799041748047 14.092387676239014 0.7415812015533447
 697225 0.26026320457458496 14.116817474365234 0.7448580265045166
 698896 0.2435300350189209 14.39093279838562 0.7424726486206055
 700569 0.2615315914154053 14.200393438339233 0.7462222576141357
 702244 0.24437332153320312 14.23233437538147 0.7490124702453613
 703921 0.2817039489746094 14.485110998153687 0.7515077590942383
 705600 0.246018648147583 14.290504217147827 0.7520380020141602
 707281 0.26413798332214355 14.334811687469482 0.7540202140808105
 708964 0.24697470664978027 14.592542886734009 0.7550320625305176
 710649 0.26529765129089355 14.40120005607605 0.7585818767547607
 712336 0.24775958061218262 14.429791450500488 0.7576596736907959
 714025 0.28583693504333496 14.698291063308716 0.76041579246521
 715716 0.24890637397766113 14.501590013504028 0.7601325511932373
 717409 0.2678537368774414 14.548837661743164 0.7644960880279541
 719104 0.2503819465637207 14.803411483764648 0.7640104293823242
 720801 0.2686471939086914 14.610849380493164 0.7679293155670166
 722500 0.25188326835632324 14.647735118865967 0.7702932357788086
 724201 0.28920602798461914 14.903495788574219 0.7731692790985107
 725904 0.2523641586303711 14.713894128799438 0.7735660076141357
 727609 0.2715780735015869 14.748993635177612 0.7767338752746582
 729316 0.25412988662719727 15.018700361251831 0.7766034603118896
 731025 0.272845983505249 14.827483654022217 0.7805390357971191
 732736 0.2549400329589844 14.857169151306152 0.7791757583618164
 734449 0.2941610813140869 15.126627206802368 0.7822105884552002
 736164 0.2561335563659668 14.926921844482422 0.7832005023956299
 737881 0.27556753158569336 14.967467069625854 0.7853424549102783
 739600 0.2581777572631836 15.232954740524292 0.7879009246826172
 741321 0.27672290802001953 15.029534816741943 0.7915012836456299
 743044 0.25812697410583496 15.069748878479004 0.7893164157867432
 744769 0.2975795269012451 15.346070289611816 0.7932500839233398
 746496 0.26035332679748535 15.132960081100464 0.7928853034973145
 748225 0.27925992012023926 15.166051626205444 0.7970447540283203
 749956 0.26096105575561523 15.453486204147339 0.7989687919616699
 751689 0.2805356979370117 15.237887144088745 0.8022100925445557
 753424 0.26191210746765137 15.28319001197815 0.8005952835083008
 755161 0.3020896911621094 15.553444147109985 0.8028595447540283
 756900 0.26314830780029297 15.339340209960938 0.8045840263366699
 758641 0.2831299304962158 15.389158964157104 0.8071589469909668
 760384 0.2647702693939209 15.664448738098145 0.8076395988464355
 762129 0.2839927673339844 15.457507133483887 0.8112814426422119
 763876 0.26621174812316895 15.497996807098389 0.8138220310211182
 765625 0.3063971996307373 15.775487184524536 0.8167626857757568
 767376 0.26708149909973145 15.55876111984253 0.8157031536102295
 769129 0.2868802547454834 15.59567141532898 0.8178703784942627
 770884 0.26848912239074707 15.886084794998169 0.818324089050293
 772641 0.2878909111022949 15.668823003768921 0.8220539093017578
 774400 0.2692897319793701 15.709266424179077 0.8243274688720703
 776161 0.3103337287902832 15.994565963745117 0.827599048614502
 777924 0.2708866596221924 15.776151657104492 0.8261194229125977
 779689 0.290877103805542 15.828625679016113 0.8291976451873779
 781456 0.271970272064209 16.10218071937561 0.8316125869750977
 783225 0.29200220108032227 15.884825706481934 0.8352482318878174
 784996 0.27303576469421387 15.919288635253906 0.8334102630615234
 786769 0.3145744800567627 16.233989238739014 0.8387532234191895
 788544 0.27391815185546875 15.993513584136963 0.8366413116455078
 790321 0.29453444480895996 16.030022144317627 0.8405435085296631
 792100 0.27601194381713867 16.336113929748535 0.8407344818115234
 793881 0.2957470417022705 16.116364002227783 0.844012975692749
 795664 0.27716755867004395 16.14345359802246 0.8465280532836914
 797449 0.31894350051879883 16.440900802612305 0.8510363101959229
 799236 0.27747130393981934 16.218244552612305 0.8484601974487305
 801025 0.29657769203186035 16.266477346420288 0.8523440361022949
 802816 0.27916383743286133 16.558783292770386 0.8549435138702393
 804609 0.3000805377960205 16.341583490371704 0.8571436405181885
 806404 0.28078627586364746 16.372674703598022 0.8557279109954834
 808201 0.3231790065765381 16.66752552986145 0.8592619895935059
 810000 0.281266450881958 16.45019006729126 0.8623785972595215
 811801 0.30277466773986816 16.486635446548462 0.8650784492492676
 813604 0.28284358978271484 16.78765034675598 0.8634378910064697
 815409 0.3037264347076416 16.554410696029663 0.8670322895050049
 817216 0.2840611934661865 16.59829330444336 0.8673825263977051
 819025 0.3274047374725342 16.900829792022705 0.8718247413635254
 820836 0.2858564853668213 16.659547805786133 0.8711345195770264
 822649 0.3065009117126465 16.69677448272705 0.8741376399993896
 824464 0.2859673500061035 17.01566171646118 0.8769364356994629
 826281 0.3078930377960205 16.77550458908081 0.8819839954376221
 828100 0.28806424140930176 16.81178045272827 0.8815233707427979
 829921 0.3314688205718994 17.132213830947876 0.885157585144043
 831744 0.2887306213378906 16.88704490661621 0.8823337554931641
 833569 0.3106250762939453 16.92912220954895 0.8868565559387207
 835396 0.2904500961303711 17.25121831893921 0.8870296478271484
 837225 0.31208324432373047 17.005877256393433 0.8906135559082031
 839056 0.292130708694458 17.03415560722351 0.8926520347595215
 840889 0.3361365795135498 17.35322380065918 0.8966524600982666
 842724 0.2927706241607666 17.111999034881592 0.8950042724609375
 844561 0.3143627643585205 17.149290800094604 0.9005060195922852
 846400 0.2949528694152832 17.466759204864502 0.8985128402709961
 848241 0.3164024353027344 17.219930171966553 0.9020175933837891
 850084 0.2953352928161621 17.27550196647644 0.9059009552001953
 851929 0.3405628204345703 17.585275411605835 0.9079935550689697
 853776 0.2967848777770996 17.35132098197937 0.9067184925079346
 855625 0.31883978843688965 17.375897645950317 0.9096956253051758
 857476 0.2981092929840088 17.697736740112305 0.912510871887207
 859329 0.3198072910308838 17.466121435165405 0.9157576560974121
 861184 0.29773831367492676 17.498077869415283 0.9138946533203125
 863041 0.3448164463043213 17.81409788131714 0.9182496070861816
 864900 0.30037355422973633 17.567328453063965 0.9170944690704346
 866761 0.32314181327819824 17.60951280593872 0.92209792137146
 868624 0.3025176525115967 17.936028957366943 0.9220530986785889
 870489 0.32454872131347656 17.68089199066162 0.9253692626953125
 872356 0.3036484718322754 17.73211979866028 0.9285092353820801
 874225 0.34912681579589844 18.045987129211426 0.9320707321166992
 876096 0.30440354347229004 17.800591707229614 0.9305295944213867
 877969 0.32729291915893555 17.850761651992798 0.935542106628418
 879844 0.30565905570983887 18.1744441986084 0.9352283477783203
 881721 0.32866835594177246 17.927202701568604 0.9395885467529297
 883600 0.30686497688293457 17.950273990631104 0.9370748996734619
 885481 0.3540065288543701 18.28442406654358 0.9404811859130859
 887364 0.30821704864501953 18.038838386535645 0.9418923854827881
 889249 0.331326961517334 18.072713136672974 0.9442610740661621
 891136 0.3095817565917969 18.419174432754517 0.9475479125976562
 893025 0.33291172981262207 18.148027181625366 0.9513075351715088
 894916 0.31077051162719727 18.18314242362976 0.9486901760101318
 896809 0.35819435119628906 18.519916534423828 0.9521620273590088
 898704 0.31240224838256836 18.262764930725098 0.9556894302368164
 900601 0.33566927909851074 18.311521291732788 0.9585223197937012
 902500 0.3137798309326172 18.656702518463135 0.9564318656921387
 904401 0.3366260528564453 18.370310068130493 0.9608607292175293
 906304 0.3147256374359131 18.438735723495483 0.9620687961578369
 908209 0.3629133701324463 18.754963397979736 0.9670407772064209
 910116 0.31621217727661133 18.527155876159668 0.9674057960510254
 912025 0.33946990966796875 18.54987072944641 0.9711711406707764
 913936 0.31838178634643555 18.877867698669434 0.9682502746582031
 915849 0.3409276008605957 18.61802864074707 0.9719302654266357
 917764 0.3189244270324707 18.67970609664917 0.9724979400634766
 919681 0.3676307201385498 19.00472903251648 0.9761703014373779
 921600 0.3202028274536133 18.74553108215332 0.9761712551116943
 923521 0.34429478645324707 18.782575368881226 0.9799959659576416
 925444 0.32167887687683105 19.116193056106567 0.9831607341766357
 927369 0.34560728073120117 18.84225058555603 0.9865288734436035
 929296 0.3226180076599121 18.890832662582397 0.9870686531066895
 931225 0.3721342086791992 19.249483823776245 0.9913599491119385
 933156 0.3241767883300781 18.99000859260559 0.9892358779907227
 935089 0.34803318977355957 19.012930154800415 0.9925928115844727
 937024 0.3256223201751709 19.375108003616333 0.9927105903625488
 938961 0.34983110427856445 19.094709873199463 0.9967446327209473
 940900 0.3270542621612549 19.123603343963623 0.996286153793335
 942841 0.3760700225830078 19.48046875 1.0004723072052002
 944784 0.32802271842956543 19.21400737762451 1.0034480094909668
 946729 0.3527815341949463 19.243956565856934 1.0071935653686523
 948676 0.32963061332702637 19.60867953300476 1.004622459411621
 950625 0.35422301292419434 19.342437267303467 1.0083692073822021
 952576 0.3306436538696289 19.373405933380127 1.011044979095459
 954529 0.38091564178466797 19.725305318832397 1.0149588584899902
 956484 0.3319993019104004 19.447277545928955 1.0150055885314941
 958441 0.33277392387390137 19.48701286315918 1.0199329853057861
 960400 0.3335690498352051 19.85319685935974 1.0219836235046387
 962361 0.33414626121520996 19.560511589050293 1.0238621234893799
 964324 0.33479952812194824 19.61351466178894 1.0241146087646484
 966289 0.3859708309173584 19.986320734024048 1.026343822479248
 968256 0.3372159004211426 19.695878744125366 1.0252714157104492
 970225 0.36158108711242676 19.74269986152649 1.0293281078338623
 972196 0.33792948722839355 20.09977674484253 1.0288057327270508
 974169 0.3626976013183594 19.82192301750183 1.034111499786377
 976144 0.3392667770385742 19.8591730594635 1.0376319885253906
 978121 0.39104795455932617 20.22771143913269 1.0412380695343018
 980100 0.34037137031555176 19.933830499649048 1.0414535999298096
 982081 0.3659017086029053 19.970539569854736 1.0449607372283936
 984064 0.3422818183898926 20.344918489456177 1.0415630340576172
 986049 0.3672006130218506 20.062318563461304 1.0460033416748047
 988036 0.3429710865020752 20.103381872177124 1.0464434623718262
 990025 0.39568328857421875 20.486130714416504 1.0505621433258057
 992016 0.3444967269897461 20.180634260177612 1.0508317947387695
 994009 0.37090444564819336 20.217246532440186 1.0551774501800537
 996004 0.34633350372314453 20.606075763702393 1.0577197074890137
 998001 0.3715825080871582 20.31431746482849 1.058570146560669