
 9 9.775161743164062e-06 0.00025916099548339844 8.58306884765625e-06
 16 1.049041748046875e-05 0.00039196014404296875 1.5974044799804688e-05
 25 1.2874603271484375e-05 0.0005590915679931641 2.7894973754882812e-05
 36 1.5974044799804688e-05 0.0007555484771728516 3.719329833984375e-05
 49 1.9073486328125e-05 0.0009844303131103516 5.3882598876953125e-05
 64 2.2411346435546875e-05 0.0012431144714355469 7.081031799316406e-05
 81 2.6941299438476562e-05 0.0015380382537841797 8.893013000488281e-05
 100 3.123283386230469e-05 0.0018744468688964844 0.0001068115234375
 121 3.695487976074219e-05 0.002265453338623047 0.0001308917999267578
 144 4.315376281738281e-05 0.002645254135131836 0.00015282630920410156
 169 4.9114227294921875e-05 0.0030794143676757812 0.000179290771484375
 196 5.626678466796875e-05 0.0035851001739501953 0.0002110004425048828
 225 6.318092346191406e-05 0.0040514469146728516 0.00023627281188964844
 256 7.009506225585938e-05 0.0046122074127197266 0.0002739429473876953
 289 8.249282836914062e-05 0.005196809768676758 0.0003123283386230469
 324 9.441375732421875e-05 0.0058062076568603516 0.00035262107849121094
 361 0.00010824203491210938 0.006476879119873047 0.00039505958557128906
 400 0.00012159347534179688 0.007174968719482422 0.00044536590576171875
 441 0.00013375282287597656 0.007900238037109375 0.0004885196685791016
 484 0.00014853477478027344 0.00866079330444336 0.0005354881286621094
 529 0.0001766681671142578 0.009451866149902344 0.0005891323089599609
 576 0.0001952648162841797 0.010270357131958008 0.0006406307220458984
 625 0.0002155303955078125 0.011136531829833984 0.0007007122039794922
 676 0.00024771690368652344 0.012035608291625977 0.0007579326629638672
 729 0.0002532005310058594 0.012986898422241211 0.0008199214935302734
 784 0.000278472900390625 0.013932466506958008 0.0008776187896728516
 841 0.00029659271240234375 0.014940261840820312 0.0009410381317138672
 900 0.00032329559326171875 0.015969038009643555 0.0010123252868652344
 961 0.00034427642822265625 0.017045021057128906 0.0010900497436523438
 1024 0.0003726482391357422 0.018179655075073242 0.0011508464813232422
 1089 0.0003936290740966797 0.01931595802307129 0.0012247562408447266
 1156 0.0004239082336425781 0.020494699478149414 0.0012962818145751953
 1225 0.0004467964172363281 0.02170586585998535 0.0013761520385742188
 1296 0.00047850608825683594 0.0229642391204834 0.0014493465423583984
 1369 0.0005009174346923828 0.024204492568969727 0.001529693603515625
 1444 0.0005345344543457031 0.02552652359008789 0.001619100570678711
 1521 0.0005581378936767578 0.026887178421020508 0.0017020702362060547
 1600 0.0005965232849121094 0.028254985809326172 0.0017917156219482422
 1681 0.0006203651428222656 0.02969193458557129 0.0018799304962158203
 1764 0.0006604194641113281 0.03113722801208496 0.0019779205322265625
 1849 0.0006861686706542969 0.0326228141784668 0.0020682811737060547
 1936 0.0007266998291015625 0.03419041633605957 0.0021691322326660156
 2025 0.0007529258728027344 0.0356900691986084 0.0022788047790527344
 2116 0.0007975101470947266 0.0373232364654541 0.002380847930908203
 2209 0.0008265972137451172 0.03896594047546387 0.0024704933166503906
 2304 0.0008687973022460938 0.04061603546142578 0.002577543258666992
 2401 0.0008983612060546875 0.04271340370178223 0.0027053356170654297
 2500 0.0009469985961914062 0.044031620025634766 0.002798318862915039
 2601 0.0009756088256835938 0.045830726623535156 0.0028951168060302734
 2704 0.0010254383087158203 0.047601938247680664 0.003012418746948242
 2809 0.0010716915130615234 0.04939985275268555 0.00316619873046875
 2916 0.001108407974243164 0.05131936073303223 0.003270387649536133
 3025 0.0011413097381591797 0.053192138671875 0.0033774375915527344
 3136 0.0011947154998779297 0.055257558822631836 0.003484964370727539
 3249 0.001224517822265625 0.05715584754943848 0.0036029815673828125
 3364 0.0012955665588378906 0.05912923812866211 0.003741025924682617
 3481 0.0013136863708496094 0.06117057800292969 0.003860950469970703
 3600 0.0013744831085205078 0.0632774829864502 0.003992319107055664
 3721 0.001409292221069336 0.06537604331970215 0.004131793975830078
 3844 0.0014679431915283203 0.0675508975982666 0.004258871078491211
 3969 0.0015003681182861328 0.06972813606262207 0.004408121109008789
 4096 0.0015673637390136719 0.07189679145812988 0.004559040069580078
 4225 0.0016148090362548828 0.07421708106994629 0.004677772521972656
 4356 0.0016837120056152344 0.0764627456665039 0.0048367977142333984
 4489 0.0017023086547851562 0.07882452011108398 0.004965782165527344
 4624 0.0017733573913574219 0.08130502700805664 0.005106687545776367
 4761 0.001800537109375 0.08355069160461426 0.00527644157409668
 4900 0.0018780231475830078 0.08611655235290527 0.0053904056549072266
 5041 0.0019161701202392578 0.0884559154510498 0.005552768707275391
 5184 0.0019872188568115234 0.09096264839172363 0.005708217620849609
 5329 0.0020248889923095703 0.09353113174438477 0.005864858627319336
 5476 0.002103567123413086 0.09600567817687988 0.006021738052368164
 5625 0.002136707305908203 0.09862065315246582 0.0061838626861572266
 5776 0.002217531204223633 0.10133576393127441 0.006349325180053711
 5929 0.0022559165954589844 0.10388875007629395 0.0065250396728515625
 6084 0.0023386478424072266 0.10667848587036133 0.006701946258544922
 6241 0.0023682117462158203 0.10933661460876465 0.006858348846435547
 6400 0.002462148666381836 0.11209678649902344 0.007053375244140625
 6561 0.002499103546142578 0.11506104469299316 0.007186412811279297
 6724 0.0025870800018310547 0.11778044700622559 0.007369279861450195
 6889 0.002626180648803711 0.12070393562316895 0.007570028305053711
 7056 0.0027129650115966797 0.12378549575805664 0.007744312286376953
 7225 0.002749204635620117 0.12676715850830078 0.007938623428344727
 7396 0.002858877182006836 0.12957239151000977 0.00807952880859375
 7569 0.0028891563415527344 0.13266777992248535 0.008274316787719727
 7744 0.0029935836791992188 0.13566112518310547 0.008484363555908203
 7921 0.003023386001586914 0.13872385025024414 0.008674860000610352
 8100 0.003122091293334961 0.14191746711730957 0.008857965469360352
 8281 0.003173351287841797 0.14522171020507812 0.009056329727172852
 8464 0.003259420394897461 0.1484849452972412 0.009268045425415039
 8649 0.003306150436401367 0.15173864364624023 0.009444952011108398
 8836 0.003420114517211914 0.15505027770996094 0.009664058685302734
 9025 0.003459930419921875 0.15848422050476074 0.009849309921264648
 9216 0.0035543441772460938 0.16192960739135742 0.010046005249023438
 9409 0.0036067962646484375 0.16537046432495117 0.010262489318847656
 9604 0.003702402114868164 0.16875505447387695 0.010489463806152344
 9801 0.0037457942962646484 0.17205524444580078 0.01072835922241211
 10000 0.0038580894470214844 0.1757206916809082 0.010904550552368164
 10201 0.003899812698364258 0.17951703071594238 0.011134624481201172
 10404 0.004024982452392578 0.18320512771606445 0.011342287063598633
 10609 0.004056692123413086 0.18650507926940918 0.011555194854736328
 10816 0.004188060760498047 0.1903080940246582 0.011768817901611328
 11025 0.004228830337524414 0.19431519508361816 0.011995077133178711
 11236 0.004328250885009766 0.19806814193725586 0.012218713760375977
 11449 0.004392862319946289 0.201857328414917 0.012453079223632812
 11664 0.004503726959228516 0.2055802345275879 0.012678146362304688
 11881 0.004563093185424805 0.20953059196472168 0.012903451919555664
 12100 0.0046694278717041016 0.21374177932739258 0.013131141662597656
 12321 0.004722118377685547 0.21769332885742188 0.01338338851928711
 12544 0.004861593246459961 0.22172999382019043 0.013614177703857422
 12769 0.004884243011474609 0.22606706619262695 0.013864994049072266
 12996 0.005022525787353516 0.229933500289917 0.014108896255493164
 13225 0.00507664680480957 0.23411774635314941 0.014359712600708008
 13456 0.005217552185058594 0.23838329315185547 0.014590263366699219
 13689 0.005255699157714844 0.24265027046203613 0.014817237854003906
 13924 0.005387067794799805 0.24691224098205566 0.015121221542358398
 14161 0.004753828048706055 0.25144314765930176 0.015326499938964844
 14400 0.004861116409301758 0.255565881729126 0.01555943489074707
 14641 0.0049288272857666016 0.25986623764038086 0.015816211700439453
 14884 0.0050241947174072266 0.26438307762145996 0.016047954559326172
 15129 0.005069255828857422 0.2688300609588623 0.016293764114379883
 15376 0.00516510009765625 0.27344751358032227 0.016556978225708008
 15625 0.0053691864013671875 0.27770519256591797 0.01684856414794922
 15876 0.0053327083587646484 0.2824382781982422 0.017087221145629883
 16129 0.006251811981201172 0.287121057510376 0.017359495162963867
 16384 0.006348133087158203 0.2917191982269287 0.017628908157348633
 16641 0.006447553634643555 0.29680562019348145 0.018010854721069336
 16900 0.006556987762451172 0.301389217376709 0.01816082000732422
 17161 0.006650447845458984 0.30607175827026367 0.01844501495361328
 17424 0.006738185882568359 0.310791015625 0.01874518394470215
 17689 0.006857156753540039 0.3154618740081787 0.01911139488220215
 17956 0.006961822509765625 0.32079052925109863 0.01930713653564453
 18225 0.0070645809173583984 0.3257007598876953 0.0195925235748291
 18496 0.007170200347900391 0.3302783966064453 0.019900083541870117
 18769 0.007280111312866211 0.33579206466674805 0.02016425132751465
 19044 0.007370710372924805 0.3402392864227295 0.020453691482543945
 19321 0.0074808597564697266 0.345994234085083 0.020800113677978516
 19600 0.007599830627441406 0.3511838912963867 0.021085023880004883
 19881 0.007714986801147461 0.35590314865112305 0.02137446403503418
 20164 0.007801055908203125 0.36089468002319336 0.02170252799987793
 20449 0.007927894592285156 0.36601805686950684 0.021992921829223633
 20736 0.008045434951782227 0.3717350959777832 0.02230978012084961
 21025 0.008155345916748047 0.3764204978942871 0.02256298065185547
 21316 0.008265256881713867 0.3822500705718994 0.022861242294311523
 21609 0.008364439010620117 0.38753533363342285 0.023221492767333984
 21904 0.008495569229125977 0.3928995132446289 0.023442983627319336
 22201 0.008610010147094727 0.39854979515075684 0.02378368377685547
 22500 0.008727550506591797 0.4040067195892334 0.024103879928588867
 22801 0.008831501007080078 0.40958547592163086 0.02439141273498535
 23104 0.008958101272583008 0.41524720191955566 0.02470993995666504
 23409 0.009079456329345703 0.4203822612762451 0.025032997131347656
 23716 0.009184837341308594 0.4255967140197754 0.02539992332458496
 24025 0.009313106536865234 0.43195223808288574 0.0256803035736084
 24336 0.009407758712768555 0.4375443458557129 0.026010990142822266
 24649 0.00956273078918457 0.4435591697692871 0.02635931968688965
 24964 0.00968313217163086 0.4490063190460205 0.026639461517333984
 25281 0.009804964065551758 0.45471644401550293 0.02700352668762207
 25600 0.00993490219116211 0.46055006980895996 0.0273587703704834
 25921 0.010045528411865234 0.4663968086242676 0.027802228927612305
 26244 0.010175466537475586 0.47210693359375 0.02806687355041504
 26569 0.010304927825927734 0.4784426689147949 0.028382062911987305
 26896 0.010439157485961914 0.4845285415649414 0.028728961944580078
 27225 0.01056671142578125 0.490464448928833 0.029050350189208984
 27556 0.010686159133911133 0.49652957916259766 0.029399394989013672
 27889 0.010822296142578125 0.5028643608093262 0.029803991317749023
 28224 0.010949850082397461 0.5085625648498535 0.03017115592956543
 28561 0.011101245880126953 0.5147809982299805 0.030536174774169922
 28900 0.011222124099731445 0.5216224193572998 0.03093123435974121
 29241 0.011362552642822266 0.5272817611694336 0.03125143051147461
 29584 0.011483192443847656 0.5339536666870117 0.0316159725189209
 29929 0.01160287857055664 0.5399625301361084 0.03197669982910156
 30276 0.011709451675415039 0.5465624332427979 0.03232407569885254
 30625 0.01188206672668457 0.5526535511016846 0.03277134895324707
 30976 0.01202392578125 0.5592970848083496 0.03310728073120117
 31329 0.012126684188842773 0.5657827854156494 0.03350996971130371
 31684 0.012289762496948242 0.5731668472290039 0.033835411071777344
 32041 0.012501716613769531 0.5785617828369141 0.034090280532836914
 32400 0.012605905532836914 0.5855810642242432 0.03448081016540527
 32761 0.012756824493408203 0.5925953388214111 0.03490161895751953
 33124 0.012892961502075195 0.5993001461029053 0.03558611869812012
 33489 0.013080596923828125 0.6069514751434326 0.035805702209472656
 33856 0.013206720352172852 0.6136376857757568 0.03616189956665039
 34225 0.013278722763061523 0.6205782890319824 0.036635637283325195
 34596 0.01347041130065918 0.6276957988739014 0.03702807426452637
 34969 0.013635873794555664 0.6347575187683105 0.03747367858886719
 35344 0.013781070709228516 0.6426975727081299 0.037842512130737305
 35721 0.013941049575805664 0.6505401134490967 0.03840827941894531
 36100 0.014059066772460938 0.6569571495056152 0.03866744041442871
 36481 0.014212369918823242 0.6644778251647949 0.039079904556274414
 36864 0.014345645904541016 0.6715273857116699 0.039430856704711914
 37249 0.014538288116455078 0.679311990737915 0.039927005767822266
 37636 0.014697790145874023 0.6869163513183594 0.04042387008666992
 38025 0.014842510223388672 0.6940526962280273 0.0407869815826416
 38416 0.01498103141784668 0.702298641204834 0.041167259216308594
 38809 0.015151023864746094 0.7097258567810059 0.04160642623901367
 39204 0.015239953994750977 0.7174944877624512 0.04206967353820801
 39601 0.01543283462524414 0.7252087593078613 0.04250359535217285
 40000 0.015576839447021484 0.7244613170623779 0.04241061210632324
 40401 0.015758991241455078 0.732811450958252 0.042816162109375
 40804 0.01588726043701172 0.739945650100708 0.043253421783447266
 41209 0.016077756881713867 0.7475025653839111 0.04368400573730469
 41616 0.01622176170349121 0.7558510303497314 0.04410862922668457
 42025 0.016379594802856445 0.7632722854614258 0.044634342193603516
 42436 0.016529560089111328 0.7703187465667725 0.04503917694091797
 42849 0.016701221466064453 0.7788434028625488 0.0455172061920166
 43264 0.01692342758178711 0.7865502834320068 0.04602217674255371
 43681 0.017047405242919922 0.7941529750823975 0.04642772674560547
 44100 0.017252206802368164 0.8018245697021484 0.04685544967651367
 44521 0.01740097999572754 0.8107597827911377 0.0474092960357666
 44944 0.01750969886779785 0.817906379699707 0.047806501388549805
 45369 0.017769813537597656 0.8260707855224609 0.04825472831726074
 45796 0.017888545989990234 0.8344836235046387 0.048716068267822266
 46225 0.01810741424560547 0.8426158428192139 0.04914522171020508
 46656 0.01825118064880371 0.8511557579040527 0.04963111877441406
 47089 0.01843738555908203 0.8585035800933838 0.050049781799316406
 47524 0.01859283447265625 0.8672685623168945 0.050573110580444336
 47961 0.01875758171081543 0.875185489654541 0.051026105880737305
 48400 0.018950223922729492 0.8837475776672363 0.051425933837890625
 48841 0.019148588180541992 0.8917872905731201 0.052011966705322266
 49284 0.019289016723632812 0.9003877639770508 0.052520751953125
 49729 0.019466876983642578 0.9089822769165039 0.0530543327331543
 50176 0.019634008407592773 0.9168701171875 0.05350637435913086
 50625 0.01979231834411621 0.9260296821594238 0.05397796630859375
 51076 0.019977331161499023 0.9353642463684082 0.054503679275512695
 51529 0.020093202590942383 0.9431910514831543 0.05488252639770508
 51984 0.02030181884765625 0.9505362510681152 0.05543017387390137
 52441 0.0205233097076416 0.9602015018463135 0.05598616600036621
 52900 0.020689010620117188 0.9691104888916016 0.056424617767333984
 53361 0.020879268646240234 0.9764056205749512 0.056878089904785156
 53824 0.021089553833007812 0.9867668151855469 0.057375192642211914
 54289 0.021327972412109375 0.9942183494567871 0.05807948112487793
 54756 0.021379709243774414 1.0030946731567383 0.05852913856506348
 55225 0.02160477638244629 1.0133235454559326 0.05895686149597168
 55696 0.02178215980529785 1.0214436054229736 0.05950284004211426
 56169 0.021997690200805664 1.0299696922302246 0.060082197189331055
 56644 0.019199371337890625 1.0400466918945312 0.06044363975524902
 57121 0.019369125366210938 1.0481855869293213 0.060889482498168945
 57600 0.019562244415283203 1.0585391521453857 0.06145501136779785
 58081 0.01970982551574707 1.0666749477386475 0.06202554702758789
 58564 0.022890329360961914 1.0759849548339844 0.06254005432128906
 59049 0.02314448356628418 1.0842962265014648 0.06318020820617676
 59536 0.023293018341064453 1.0943262577056885 0.0635523796081543
 60025 0.02354264259338379 1.1034419536590576 0.06415700912475586
 60516 0.02063298225402832 1.1135799884796143 0.06459522247314453
 61009 0.020684242248535156 1.1221871376037598 0.06523942947387695
 61504 0.020967483520507812 1.1333460807800293 0.06564116477966309
 62001 0.021036624908447266 1.1410706043243408 0.06632137298583984
 62500 0.02425670623779297 1.1515228748321533 0.06685733795166016
 63001 0.024650096893310547 1.1614267826080322 0.06737112998962402
 63504 0.02460789680480957 1.1702475547790527 0.06789875030517578
 64009 0.025042295455932617 1.1794049739837646 0.06855201721191406
 64516 0.025081396102905273 1.189584732055664 0.06917214393615723
 65025 0.025521039962768555 1.199512004852295 0.06952524185180664
 65536 0.025461673736572266 1.2092745304107666 0.07027053833007812
 66049 0.02595233917236328 1.2201933860778809 0.07063865661621094
 66564 0.025816679000854492 1.2287664413452148 0.07122278213500977
 67081 0.026355981826782227 1.2386507987976074 0.07178044319152832
 67600 0.026184558868408203 1.2494242191314697 0.07235097885131836
 68121 0.02678227424621582 1.2597599029541016 0.07286429405212402
 68644 0.02663421630859375 1.2709903717041016 0.07356548309326172
 69169 0.02720355987548828 1.281569242477417 0.07396221160888672
 69696 0.02718186378479004 1.2901897430419922 0.07455563545227051
 70225 0.027568340301513672 1.3013334274291992 0.07511758804321289
 70756 0.027435302734375 1.3125088214874268 0.07586979866027832
 71289 0.028061628341674805 1.3222596645355225 0.07655072212219238
 71824 0.02789163589477539 1.332779884338379 0.0767512321472168
 72361 0.028474092483520508 1.3429079055786133 0.07748556137084961
 72900 0.028318405151367188 1.3544692993164062 0.07817792892456055
 73441 0.02890634536743164 1.3640930652618408 0.07853531837463379
 73984 0.02867746353149414 1.3749406337738037 0.07936286926269531
 74529 0.029335737228393555 1.3870763778686523 0.07990884780883789
 75076 0.029111385345458984 1.3965065479278564 0.08041095733642578
 75625 0.029773712158203125 1.4078242778778076 0.08107185363769531
 76176 0.029698610305786133 1.4197015762329102 0.08160400390625
 76729 0.030161380767822266 1.429748296737671 0.08222794532775879
 77284 0.030175209045410156 1.440652847290039 0.08280062675476074
 77841 0.030655622482299805 1.4508514404296875 0.08344006538391113
 78400 0.03042292594909668 1.4630861282348633 0.08413100242614746
 78961 0.03111100196838379 1.4735713005065918 0.0846095085144043
 79524 0.030955791473388672 1.4849002361297607 0.08523917198181152
 80089 0.031537771224975586 1.4971096515655518 0.08564925193786621
 80656 0.031499385833740234 1.5083394050598145 0.08647632598876953
 81225 0.03201889991760254 1.5187880992889404 0.08710813522338867
 81796 0.03181910514831543 1.530214548110962 0.08752059936523438
 82369 0.03246450424194336 1.5416185855865479 0.08823633193969727
 82944 0.03237342834472656 1.5514521598815918 0.08875441551208496
 83521 0.03292274475097656 1.5645942687988281 0.08959555625915527
 84100 0.03265047073364258 1.5756189823150635 0.09031176567077637
 84681 0.03337383270263672 1.586655855178833 0.09080862998962402
 85264 0.03320717811584473 1.5977985858917236 0.0913851261138916
 85849 0.03383803367614746 1.6104466915130615 0.09214973449707031
 86436 0.03358149528503418 1.6222500801086426 0.09261083602905273
 87025 0.034316062927246094 1.6332464218139648 0.09313726425170898
 87616 0.0340120792388916 1.6448280811309814 0.09367513656616211
 88209 0.03483414649963379 1.657425880432129 0.09465169906616211
 88804 0.03453397750854492 1.6676862239837646 0.09525084495544434
 89401 0.03521394729614258 1.6805622577667236 0.09565138816833496
 90000 0.03519558906555176 1.691922664642334 0.09666132926940918
 90601 0.0356900691986084 1.7023916244506836 0.09734344482421875
 91204 0.03542065620422363 1.7151410579681396 0.09785699844360352
 91809 0.03615832328796387 1.7274067401885986 0.09842467308044434
 92416 0.036069631576538086 1.7403335571289062 0.0991065502166748
 93025 0.036394596099853516 1.751770257949829 0.09966397285461426
 93636 0.03643155097961426 1.7627074718475342 0.10038447380065918
 94249 0.037116050720214844 1.7750880718231201 0.10119485855102539
 94864 0.03688526153564453 1.7892093658447266 0.10156631469726562
 95481 0.03767895698547363 1.7997183799743652 0.10228276252746582
 96100 0.03754615783691406 1.8117830753326416 0.10326051712036133
 96721 0.03805375099182129 1.8250763416290283 0.10400629043579102
 97344 0.03792738914489746 1.8370733261108398 0.10457086563110352
 97969 0.038602352142333984 1.8499577045440674 0.1048288345336914
 98596 0.03856492042541504 1.8626656532287598 0.10576248168945312
 99225 0.039167165756225586 1.8742315769195557 0.10664081573486328
 99856 0.03882932662963867 1.8873059749603271 0.10694670677185059
 100489 0.039589881896972656 1.9002585411071777 0.10755634307861328
 101124 0.0392756462097168 1.912498950958252 0.10855603218078613
 101761 0.04012036323547363 1.9240179061889648 0.10894632339477539
 102400 0.039807796478271484 1.9392242431640625 0.10988759994506836
 103041 0.040535926818847656 1.9516525268554688 0.11064958572387695
 103684 0.040421247482299805 1.9629404544830322 0.1110544204711914
 104329 0.04111361503601074 1.9766359329223633 0.11168622970581055
 104976 0.04092860221862793 1.9892480373382568 0.11258769035339355
 105625 0.04156899452209473 2.001161813735962 0.11329388618469238
 106276 0.041287899017333984 2.0152955055236816 0.11370420455932617
 106929 0.04210686683654785 2.0274853706359863 0.11438560485839844
 107584 0.041878700256347656 2.04007625579834 0.11506271362304688
 108241 0.04264545440673828 2.053622245788574 0.11607885360717773
 108900 0.0424809455871582 2.0657801628112793 0.11696624755859375
 109561 0.04315352439880371 2.0792722702026367 0.11719727516174316
 110224 0.043019771575927734 2.092904806137085 0.11839437484741211
 110889 0.043740272521972656 2.1074304580688477 0.11867213249206543
 111556 0.04335355758666992 2.1200783252716064 0.11975789070129395
 112225 0.04424452781677246 2.1327033042907715 0.12048602104187012
 112896 0.043859004974365234 2.1460342407226562 0.12093806266784668
 113569 0.04476165771484375 2.159066915512085 0.12149691581726074
 114244 0.044576168060302734 2.174337148666382 0.12222480773925781
 114921 0.045411109924316406 2.1862916946411133 0.12337923049926758
 115600 0.04496169090270996 2.199337959289551 0.12365221977233887
 116281 0.045908451080322266 2.214120864868164 0.1245267391204834
 116964 0.04556703567504883 2.226468324661255 0.1255049705505371
 117649 0.04630637168884277 2.24115252494812 0.12619447708129883
 118336 0.04603099822998047 2.2568368911743164 0.12691926956176758
 119025 0.04690861701965332 2.268623113632202 0.12754392623901367
 119716 0.0465390682220459 2.282569408416748 0.1283426284790039
 120409 0.04748868942260742 2.294658660888672 0.12878823280334473
 121104 0.04738569259643555 2.311093330383301 0.12965965270996094
 121801 0.0481719970703125 2.3241639137268066 0.13087224960327148
 122500 0.04764437675476074 2.3372690677642822 0.13101816177368164
 123201 0.04856467247009277 2.3536009788513184 0.13181710243225098
 123904 0.04816246032714844 2.3658361434936523 0.13309478759765625
 124609 0.04912519454956055 2.379554033279419 0.1337592601776123
 125316 0.04877829551696777 2.3943374156951904 0.13415980339050293
 126025 0.04968404769897461 2.4082961082458496 0.13494014739990234
 126736 0.049308061599731445 2.424074411392212 0.13614130020141602
 127449 0.05029034614562988 2.436307907104492 0.13659882545471191
 128164 0.050043344497680664 2.451207399368286 0.13716864585876465
 128881 0.04417896270751953 2.4645590782165527 0.1380321979522705
 129600 0.04416918754577637 2.476888418197632 0.13867902755737305
 130321 0.044667720794677734 2.4943597316741943 0.13939595222473145
 131044 0.04488873481750488 2.507474184036255 0.14075326919555664
 131769 0.05212140083312988 2.5216495990753174 0.1411449909210205
 132496 0.051506996154785156 2.5366628170013428 0.141829252243042
 133225 0.05253148078918457 2.5512659549713135 0.14288592338562012
 133956 0.052321434020996094 2.566877841949463 0.14388656616210938
 134689 0.05310249328613281 2.5807273387908936 0.14458751678466797
 135424 0.05266928672790527 2.594022035598755 0.14483237266540527
 136161 0.05374622344970703 2.61081600189209 0.14621996879577637
 136900 0.046633005142211914 2.6243577003479004 0.1466367244720459
 137641 0.04714083671569824 2.6389496326446533 0.14739203453063965
 138384 0.04715561866760254 2.6556966304779053 0.1486046314239502
 139129 0.04746747016906738 2.6709399223327637 0.14883017539978027
 139876 0.05519580841064453 2.683689594268799 0.14995312690734863
 140625 0.05539512634277344 2.6992616653442383 0.15099501609802246
 141376 0.05585503578186035 2.713710069656372 0.15131354331970215
 142129 0.05607438087463379 2.7296953201293945 0.15257787704467773
 142884 0.05641651153564453 2.743703603744507 0.15316200256347656
 143641 0.05669045448303223 2.757761001586914 0.15423130989074707
 144400 0.056772708892822266 2.7741219997406006 0.15489554405212402
 145161 0.05725669860839844 2.7889084815979004 0.15591764450073242
 145924 0.057601213455200195 2.805760383605957 0.15631890296936035
 146689 0.057880401611328125 2.8199100494384766 0.15747284889221191
 147456 0.05817770957946777 2.8359358310699463 0.15802717208862305
 148225 0.05863142013549805 2.8500163555145264 0.15919780731201172
 148996 0.05863022804260254 2.866772174835205 0.15990591049194336
 149769 0.0591893196105957 2.8803746700286865 0.16086030006408691
 150544 0.0593717098236084 2.8977601528167725 0.16164588928222656
 151321 0.05980801582336426 2.911611557006836 0.16242718696594238
 152100 0.06004810333251953 2.926912307739258 0.16261577606201172
 152881 0.060381174087524414 2.9476845264434814 0.16500067710876465
 153664 0.060665130615234375 2.9617252349853516 0.1660463809967041
 154449 0.061014413833618164 2.9755733013153076 0.16634249687194824
 155236 0.060956716537475586 2.9927031993865967 0.16722893714904785
 156025 0.06165194511413574 3.006348133087158 0.16753721237182617
 156816 0.06189537048339844 3.0199711322784424 0.1689305305480957
 157609 0.06230974197387695 3.039132833480835 0.16918087005615234
 158404 0.06267714500427246 3.0526888370513916 0.16989827156066895
 159201 0.06287503242492676 3.072171449661255 0.17043161392211914
 160000 0.06317400932312012 3.08536434173584 0.1717088222503662
 160801 0.06354093551635742 3.1012189388275146 0.17183899879455566
 161604 0.06387186050415039 3.1177752017974854 0.17338204383850098
 162409 0.0641930103302002 3.1314756870269775 0.1740555763244629
 163216 0.06537342071533203 3.1504404544830322 0.1750023365020752
 164025 0.06583118438720703 3.1689538955688477 0.1759929656982422
 164836 0.06587600708007812 3.181136131286621 0.17629241943359375
 165649 0.06650829315185547 3.1987271308898926 0.17680001258850098
 166464 0.06688690185546875 3.214395523071289 0.17799806594848633
 167281 0.0671389102935791 3.231930732727051 0.1791539192199707
 168100 0.06732630729675293 3.2467730045318604 0.18038201332092285
 168921 0.0679922103881836 3.2634236812591553 0.18055200576782227
 169744 0.06807661056518555 3.2821030616760254 0.18150091171264648
 170569 0.06861162185668945 3.2946789264678955 0.18242168426513672
 171396 0.0686347484588623 3.314096450805664 0.1837320327758789
 172225 0.06904721260070801 3.3311450481414795 0.1843245029449463
 173056 0.06907296180725098 3.3449959754943848 0.18561291694641113
 173889 0.06985259056091309 3.364168882369995 0.18620753288269043
 174724 0.07011866569519043 3.377335786819458 0.1866154670715332
 175561 0.07039976119995117 3.397322177886963 0.18747806549072266
 176400 0.0704643726348877 3.4134631156921387 0.18855500221252441
 177241 0.07107281684875488 3.430408477783203 0.18996357917785645
 178084 0.0712289810180664 3.445674419403076 0.1909337043762207
 178929 0.07176661491394043 3.462731122970581 0.19170522689819336
 179776 0.07207131385803223 3.484470844268799 0.19236278533935547
 180625 0.07250165939331055 3.497835159301758 0.1932835578918457
 181476 0.07283902168273926 3.5158441066741943 0.1940293312072754
 182329 0.07280158996582031 3.534228563308716 0.19496774673461914
 183184 0.07355594635009766 3.5487256050109863 0.19614028930664062
 184041 0.07378220558166504 3.5651838779449463 0.1967780590057373
 184900 0.07423019409179688 3.585084915161133 0.19752049446105957
 185761 0.07451987266540527 3.601583242416382 0.19861578941345215
 186624 0.07489681243896484 3.618438482284546 0.19989800453186035
 187489 0.07502579689025879 3.6333563327789307 0.20101022720336914
 188356 0.07548713684082031 3.655115842819214 0.20214414596557617
 189225 0.0758199691772461 3.6699349880218506 0.20306134223937988
 190096 0.07631230354309082 3.685786247253418 0.20398306846618652
 190969 0.07657861709594727 3.7042531967163086 0.20513391494750977
 191844 0.0770270824432373 3.7202720642089844 0.2057335376739502
 192721 0.07729268074035645 3.740307569503784 0.20691323280334473
 193600 0.07779145240783691 3.7576820850372314 0.20766162872314453
 194481 0.07806038856506348 3.7753798961639404 0.20826244354248047
 195364 0.078399658203125 3.7930514812469482 0.20894217491149902
 196249 0.07874059677124023 3.8096306324005127 0.2099442481994629
 197136 0.07890510559082031 3.825624465942383 0.21146559715270996
 198025 0.07936215400695801 3.8470165729522705 0.2122042179107666
 198916 0.0797739028930664 3.8649065494537354 0.21363329887390137
 199809 0.079986572265625 3.8801076412200928 0.21443819999694824
 200704 0.08050346374511719 3.8985202312469482 0.2144150733947754
 201601 0.0803835391998291 3.9172041416168213 0.21556663513183594
 202500 0.08092427253723145 3.9368584156036377 0.21605205535888672
 203401 0.08158707618713379 3.952209949493408 0.21732020378112793
 204304 0.08189749717712402 3.972618341445923 0.21863412857055664
 205209 0.08219480514526367 3.99023699760437 0.21962785720825195
 206116 0.08263683319091797 4.007579803466797 0.22007369995117188
 207025 0.0830230712890625 4.026176452636719 0.22083306312561035
 207936 0.08345484733581543 4.046985149383545 0.2220299243927002
 208849 0.08375096321105957 4.0616514682769775 0.2230815887451172
 209764 0.08407425880432129 4.084075689315796 0.22403955459594727
 210681 0.0844874382019043 4.098718643188477 0.22507023811340332
 211600 0.0847468376159668 4.117094993591309 0.22626900672912598
 212521 0.08511972427368164 4.134994268417358 0.2270345687866211
 213444 0.08561348915100098 4.155881404876709 0.2288668155670166
 214369 0.08591508865356445 4.172364234924316 0.22944045066833496
 215296 0.08627200126647949 4.192615985870361 0.23083972930908203
 216225 0.08670806884765625 4.209904909133911 0.2316441535949707
 217156 0.08704185485839844 4.228806495666504 0.23248672485351562
 218089 0.08740973472595215 4.250719785690308 0.23330020904541016
 219024 0.08776974678039551 4.268941879272461 0.23477602005004883
 219961 0.08813929557800293 4.285731315612793 0.23521089553833008
 220900 0.0885462760925293 4.304579019546509 0.23655009269714355
 221841 0.08888053894042969 4.323288440704346 0.23753023147583008
 222784 0.0892643928527832 4.340356349945068 0.23754453659057617
 223729 0.08961892127990723 4.360095500946045 0.23877978324890137
 224676 0.09002256393432617 4.381623268127441 0.24054431915283203
 225625 0.09039831161499023 4.3961265087127686 0.24161815643310547
 226576 0.09071779251098633 4.418179750442505 0.2428438663482666
 227529 0.09119725227355957 4.440273284912109 0.24373078346252441
 228484 0.09151911735534668 4.456256628036499 0.24389338493347168
 229441 0.09189152717590332 4.476701974868774 0.24506592750549316
 230400 0.09248208999633789 4.495921850204468 0.24658799171447754
 231361 0.08080530166625977 4.516736030578613 0.24772405624389648
 232324 0.08165597915649414 4.531397104263306 0.24783825874328613
 233289 0.08133292198181152 4.551660060882568 0.24869704246520996
 234256 0.08198189735412598 4.5729124546051025 0.2501237392425537
 235225 0.09456205368041992 4.593628406524658 0.25087475776672363
 236196 0.09491229057312012 4.611835956573486 0.2519235610961914
 237169 0.09538817405700684 4.6307220458984375 0.2530527114868164
 238144 0.0957038402557373 4.65238094329834 0.25413084030151367
 239121 0.09604191780090332 4.667844533920288 0.25519871711730957
 240100 0.09650349617004395 4.691514492034912 0.2571094036102295
 241081 0.09686589241027832 4.710162162780762 0.2576470375061035
 242064 0.0972745418548584 4.731059312820435 0.25912904739379883
 243049 0.09752964973449707 4.746342897415161 0.2597768306732178
 244036 0.09806346893310547 4.768635988235474 0.260847806930542
 245025 0.08543872833251953 4.789316654205322 0.2622408866882324
 246016 0.08620262145996094 4.809244155883789 0.2623910903930664
 247009 0.08619952201843262 4.827839374542236 0.2632918357849121
 248004 0.08696937561035156 4.8469460010528564 0.26450395584106445
 249001 0.10002565383911133 4.868492126464844 0.2657158374786377
 250000 0.09931612014770508 4.8858466148376465 0.26656556129455566
 251001 0.10087108612060547 4.908455848693848 0.2678380012512207
 252004 0.0996861457824707 4.92909574508667 0.26879024505615234
 253009 0.10160160064697266 4.948501348495483 0.2696812152862549
 254016 0.1007230281829834 4.967917442321777 0.2709650993347168
 255025 0.10234427452087402 4.990894556045532 0.2718997001647949
 256036 0.10146713256835938 5.009021043777466 0.2739548683166504
 257049 0.10316824913024902 5.030086278915405 0.2750670909881592
 258064 0.10239219665527344 5.0482282638549805 0.2762174606323242
 259081 0.1043245792388916 5.069164037704468 0.2771720886230469
 260100 0.10299372673034668 5.0901429653167725 0.27759766578674316
 261121 0.10487532615661621 5.11054801940918 0.27916812896728516
 262144 0.10390281677246094 5.134743928909302 0.28032827377319336
 263169 0.10572028160095215 5.15181040763855 0.28159070014953613
 264196 0.1047053337097168 5.174998044967651 0.2815268039703369
 265225 0.10652995109558105 5.190125226974487 0.2826879024505615
 266256 0.10560750961303711 5.215078353881836 0.2847776412963867
 267289 0.10716080665588379 5.238741397857666 0.2855863571166992
 268324 0.10636448860168457 5.255062818527222 0.2866814136505127
 269361 0.10809898376464844 5.276334524154663 0.28799962997436523
 270400 0.10723543167114258 5.29634690284729 0.28803491592407227
 271441 0.10894298553466797 5.320799350738525 0.28925013542175293
 272484 0.10778141021728516 5.34372878074646 0.29041552543640137
 273529 0.10971665382385254 5.360509872436523 0.2913181781768799
 274576 0.10892748832702637 5.380743026733398 0.2925748825073242
 275625 0.11048269271850586 5.403144359588623 0.29346561431884766
 276676 0.10977363586425781 5.42467474937439 0.2946786880493164
 277729 0.11130261421203613 5.44241738319397 0.29607200622558594
 278784 0.11055707931518555 5.470980405807495 0.2970120906829834
 279841 0.11219525337219238 5.487236499786377 0.2980918884277344
 280900 0.11168074607849121 5.51210355758667 0.30051136016845703
 281961 0.11312627792358398 5.530083894729614 0.30150628089904785
 283024 0.11186528205871582 5.551276206970215 0.3023209571838379
 284089 0.1140439510345459 5.573235511779785 0.3036348819732666
 285156 0.11299419403076172 5.5950093269348145 0.30460476875305176
 286225 0.11471223831176758 5.611008167266846 0.3057723045349121
 287296 0.11377477645874023 5.6385979652404785 0.3068869113922119
 288369 0.11557412147521973 5.658667325973511 0.30802178382873535
 289444 0.11484193801879883 5.680984973907471 0.30814099311828613
 290521 0.11653590202331543 5.703158140182495 0.30947184562683105
 291600 0.11571788787841797 5.723804473876953 0.3113389015197754
 292681 0.11762428283691406 5.744941234588623 0.3127446174621582
 293764 0.11755847930908203 5.766148805618286 0.3139529228210449
 294849 0.11916995048522949 5.7879815101623535 0.3150308132171631
 295936 0.11864089965820312 5.814428091049194 0.31616973876953125
 297025 0.11982512474060059 5.83273983001709 0.3172328472137451
 298116 0.11897444725036621 5.855152130126953 0.31792330741882324
 299209 0.12084794044494629 5.87540340423584 0.31868600845336914
 300304 0.11981010437011719 5.898949384689331 0.31957101821899414
 301401 0.12137484550476074 5.919945478439331 0.32098865509033203
 302500 0.12108230590820312 5.940297365188599 0.32196998596191406
 303601 0.12220239639282227 5.9677135944366455 0.32337236404418945
 304704 0.12202668190002441 5.9863080978393555 0.324385404586792
 305809 0.12368535995483398 6.011462926864624 0.3255422115325928
 306916 0.12293219566345215 6.037900924682617 0.3269631862640381
 308025 0.12443041801452637 6.053766250610352 0.32772111892700195
 309136 0.12361931800842285 6.0774085521698 0.33044886589050293
 310249 0.12535786628723145 6.098104238510132 0.3300662040710449
 311364 0.12409710884094238 6.121416807174683 0.332491397857666
 312481 0.12581706047058105 6.147918462753296 0.3338954448699951
 313600 0.12515902519226074 6.16596245765686 0.33504700660705566
 314721 0.12696266174316406 6.187395334243774 0.33582043647766113
 315844 0.12639355659484863 6.2113196849823 0.3371255397796631
 316969 0.1279006004333496 6.236234903335571 0.3384590148925781
 318096 0.12707042694091797 6.256391763687134 0.3400001525878906
 319225 0.1286613941192627 6.2812440395355225 0.3410780429840088
 320356 0.12749814987182617 6.303267240524292 0.3410930633544922
 321489 0.12943673133850098 6.327913522720337 0.34249329566955566
 322624 0.12877535820007324 6.3463006019592285 0.3445141315460205
 323761 0.1304476261138916 6.371734857559204 0.34637904167175293
 324900 0.12917828559875488 6.393067121505737 0.34674692153930664
 326041 0.1307976245880127 6.4166505336761475 0.3485383987426758
 327184 0.13078069686889648 6.436048746109009 0.3493797779083252
 328329 0.132185697555542 6.462011814117432 0.3504471778869629
 329476 0.13167095184326172 6.4879279136657715 0.3519022464752197
 330625 0.13359761238098145 6.5089685916900635 0.3526184558868408
 331776 0.13256263732910156 6.5326621532440186 0.3529801368713379
 332929 0.13382911682128906 6.552559852600098 0.35443663597106934
 334084 0.13341259956359863 6.576536178588867 0.35544252395629883
 335241 0.13462233543395996 6.600464820861816 0.35642242431640625
 336400 0.13397932052612305 6.623056411743164 0.357799768447876
 337561 0.13551926612854004 6.645347356796265 0.3588535785675049
 338724 0.1351301670074463 6.670272588729858 0.36003541946411133
 339889 0.13692831993103027 6.693949460983276 0.36153507232666016
 341056 0.136016845703125 6.721564292907715 0.36280250549316406
 342225 0.13788414001464844 6.741342782974243 0.36400556564331055
 343396 0.137223482131958 6.7652928829193115 0.3663637638092041
 344569 0.13843274116516113 6.787388324737549 0.36760592460632324
 345744 0.13772797584533691 6.81110405921936 0.36878466606140137
 346921 0.13987183570861816 6.836560487747192 0.369797945022583
 348100 0.13835644721984863 6.858103275299072 0.3711214065551758
 349281 0.14002537727355957 6.880023717880249 0.3721771240234375
 350464 0.1400279998779297 6.908676624298096 0.3735482692718506
 351649 0.14159822463989258 6.933780670166016 0.37498998641967773
 352836 0.140303373336792 6.956153631210327 0.37653326988220215
 354025 0.14252614974975586 6.983095645904541 0.3775162696838379
 355216 0.14180850982666016 7.004059791564941 0.37786865234375
 356409 0.14350652694702148 7.029947757720947 0.37873148918151855
 357604 0.1417691707611084 7.055309534072876 0.38139843940734863
 358801 0.14444613456726074 7.079233169555664 0.3827953338623047
 360000 0.1431114673614502 7.101134538650513 0.3841893672943115
 361201 0.14526724815368652 7.124415397644043 0.38542866706848145
 362404 0.1445941925048828 7.152867794036865 0.3865931034088135
 363609 0.14622116088867188 7.176610946655273 0.3878753185272217
 364816 0.12807226181030273 7.198587417602539 0.38792943954467773
 366025 0.12903261184692383 7.219563961029053 0.3889636993408203
 367236 0.12845492362976074 7.248192071914673 0.39023303985595703
 368449 0.12910175323486328 7.271669149398804 0.3914182186126709
 369664 0.14879822731018066 7.293391466140747 0.3923156261444092
 370881 0.13060879707336426 7.321719646453857 0.3941080570220947
 372100 0.13092994689941406 7.343199968338013 0.39505791664123535
 373321 0.1319417953491211 7.36700177192688 0.39684009552001953
 374544 0.13158440589904785 7.3920135498046875 0.3981199264526367
 375769 0.14984869956970215 7.420580863952637 0.399564266204834
 376996 0.15185904502868652 7.438263177871704 0.40192341804504395
 378225 0.15065693855285645 7.465431213378906 0.40331077575683594
 379456 0.1526937484741211 7.4931817054748535 0.40479278564453125
 380689 0.1517658233642578 7.520460367202759 0.40615248680114746
 381924 0.1540820598602295 7.543277025222778 0.40735769271850586
 383161 0.15266895294189453 7.567864656448364 0.40839719772338867
 384400 0.15471744537353516 7.590798854827881 0.40801453590393066
 385641 0.13543152809143066 7.6185338497161865 0.4099159240722656
 386884 0.1361525058746338 7.643354892730713 0.4107785224914551
 388129 0.13617277145385742 7.6653056144714355 0.4122483730316162
 389376 0.13683223724365234 7.692211389541626 0.41343164443969727
 390625 0.157120943069458 7.71708083152771 0.41544127464294434
 391876 0.1575303077697754 7.740630626678467 0.41632843017578125
 393129 0.1579883098602295 7.7671895027160645 0.4172821044921875
 394384 0.1585080623626709 7.793273448944092 0.41913890838623047
 395641 0.15888071060180664 7.817610502243042 0.4199979305267334
 396900 0.159698486328125 7.841033935546875 0.42245912551879883
 398161 0.15989279747009277 7.865583658218384 0.4239332675933838
 399424 0.1603102684020996 7.897786855697632 0.4257628917694092
 400689 0.16063284873962402 7.9197838306427 0.4270968437194824
 401956 0.16146302223205566 7.947803497314453 0.42824244499206543
 403225 0.16214227676391602 7.970561504364014 0.42966437339782715
 404496 0.16242623329162598 7.997042417526245 0.43070244789123535
 405769 0.1630840301513672 8.021503448486328 0.43202853202819824
 407044 0.16336297988891602 8.046855688095093 0.4335203170776367
 408321 0.1642165184020996 8.073087215423584 0.4349374771118164
 409600 0.16491198539733887 8.100406408309937 0.43630409240722656
 410881 0.16521453857421875 8.12616515159607 0.43769192695617676
 412164 0.16562438011169434 8.153185844421387 0.4376811981201172
 413449 0.16621708869934082 8.177674770355225 0.4390087127685547
 414736 0.16679883003234863 8.205684185028076 0.4402639865875244
 416025 0.1672525405883789 8.22640609741211 0.4427173137664795
 417316 0.16751432418823242 8.254001379013062 0.4435391426086426
 418609 0.16827893257141113 8.281923294067383 0.4442455768585205
 419904 0.1686389446258545 8.305968761444092 0.4457831382751465
 421201 0.16910886764526367 8.32813024520874 0.4468104839324951
 422500 0.1697845458984375 8.360806465148926 0.4480404853820801
 423801 0.17029070854187012 8.383380889892578 0.44936561584472656
 425104 0.17083096504211426 8.410561800003052 0.45145511627197266
 426409 0.17142343521118164 8.43886923789978 0.4525492191314697
 427716 0.17199230194091797 8.466968297958374 0.45565152168273926
 429025 0.17237567901611328 8.490278244018555 0.45650696754455566
 430336 0.17289185523986816 8.520582675933838 0.4582078456878662
 431649 0.17334794998168945 8.540135622024536 0.45983219146728516
 432964 0.17390775680541992 8.575135946273804 0.46048879623413086
 434281 0.17454314231872559 8.594969272613525 0.4622931480407715
 435600 0.17497682571411133 8.621623516082764 0.463991641998291
 436921 0.17546629905700684 8.648708820343018 0.46515822410583496
 438244 0.17615485191345215 8.676977396011353 0.4665944576263428
 439569 0.17659902572631836 8.704726219177246 0.4677588939666748
 440896 0.1771681308746338 8.733399152755737 0.4695591926574707
 442225 0.17779088020324707 8.756249904632568 0.4704601764678955
 443556 0.17804527282714844 8.780937910079956 0.4704856872558594
 444889 0.17864489555358887 8.80779504776001 0.47339677810668945
 446224 0.17919301986694336 8.83775520324707 0.47339630126953125
 447561 0.1797502040863037 8.860254764556885 0.4747757911682129
 448900 0.18027400970458984 8.891149044036865 0.4762895107269287
 450241 0.1808631420135498 8.923776388168335 0.4775996208190918
 451584 0.18130064010620117 8.947453260421753 0.47945451736450195
 452929 0.18186140060424805 8.974469900131226 0.4807121753692627
 454276 0.18249773979187012 9.007751941680908 0.4821045398712158
 455625 0.18295550346374512 9.02824091911316 0.4831502437591553
 456976 0.18358945846557617 9.055706024169922 0.48476266860961914
 458329 0.18401026725769043 9.081153631210327 0.4862041473388672
 459684 0.18459582328796387 9.106763362884521 0.48693299293518066
 461041 0.18401265144348145 9.137767791748047 0.48877811431884766
 462400 0.18555450439453125 9.163713216781616 0.49263763427734375
 463761 0.18595600128173828 9.190673112869263 0.4935731887817383
 465124 0.18656182289123535 9.222043514251709 0.49461889266967773
 466489 0.18720459938049316 9.24891209602356 0.4957852363586426
 467856 0.18779706954956055 9.273958921432495 0.49807286262512207
 469225 0.18816614151000977 9.303382873535156 0.49886488914489746
 470596 0.18876862525939941 9.33129072189331 0.49979519844055176
 471969 0.18930268287658691 9.359631538391113 0.5021371841430664
 473344 0.18982744216918945 9.390950679779053 0.5038514137268066
 474721 0.19036340713500977 9.412575960159302 0.5049822330474854
 476100 0.1911637783050537 9.439534902572632 0.5059554576873779
 477481 0.1915907859802246 9.469095945358276 0.5077023506164551
 478864 0.19248175621032715 9.494635820388794 0.5092053413391113
 480249 0.192854642868042 9.52619981765747 0.5113973617553711
 481636 0.19353365898132324 9.553515672683716 0.5124397277832031
 483025 0.19384193420410156 9.57881212234497 0.5139851570129395
 484416 0.19449067115783691 9.60901403427124 0.5133607387542725
 485809 0.1951003074645996 9.644289255142212 0.5152642726898193
 487204 0.1956021785736084 9.665380954742432 0.5161745548248291
 488601 0.19606447219848633 9.692084074020386 0.51786208152771
 490000 0.19646525382995605 9.726210594177246 0.5199000835418701
 491401 0.19721221923828125 9.75131368637085 0.5213720798492432
 492804 0.19780755043029785 9.777779817581177 0.5221374034881592
 494209 0.1986072063446045 9.802302598953247 0.5239145755767822
 495616 0.19903278350830078 9.834782123565674 0.5247106552124023
 497025 0.19951701164245605 9.860494375228882 0.5267641544342041
 498436 0.20030975341796875 9.889699935913086 0.5285744667053223
 499849 0.20047855377197266 9.921142816543579 0.5296611785888672
 501264 0.20120692253112793 9.950459718704224 0.5310206413269043
 502681 0.20161652565002441 9.975301742553711 0.5322203636169434
 504100 0.2023789882659912 10.001708745956421 0.53629469871521
 505521 0.2030177116394043 10.033576965332031 0.5373010635375977
 506944 0.20343589782714844 10.060200452804565 0.5392422676086426
 508369 0.2038435935974121 10.086541652679443 0.5407726764678955
 509796 0.20444488525390625 10.119081020355225 0.5417370796203613
 511225 0.20504355430603027 10.152230501174927 0.5431926250457764
 512656 0.2046220302581787 10.1765775680542 0.5450127124786377
 514089 0.20632243156433105 10.208029508590698 0.5464529991149902
 515524 0.20681118965148926 10.233469486236572 0.5474526882171631
 516961 0.20730352401733398 10.262127161026001 0.5496883392333984
 518400 0.20804834365844727 10.290511131286621 0.5509986877441406
 519841 0.20854854583740234 10.320454835891724 0.5524146556854248
 521284 0.20884132385253906 10.360709190368652 0.5543725490570068
 522729 0.20943593978881836 10.376897811889648 0.5548877716064453
 524176 0.2103571891784668 10.410478353500366 0.5574710369110107
 525625 0.21071219444274902 10.4390127658844 0.5582828521728516
 527076 0.21135711669921875 10.465049982070923 0.5582888126373291
 528529 0.21239948272705078 10.497204780578613 0.5597007274627686
 529984 0.18633151054382324 10.522515535354614 0.5614199638366699
 531441 0.18683624267578125 10.563296556472778 0.5622520446777344
 532900 0.18645787239074707 10.586670637130737 0.5643951892852783
 534361 0.18778324127197266 10.621058940887451 0.5659418106079102
 535824 0.2143404483795166 10.647139549255371 0.567040205001831
 537289 0.21338534355163574 10.6732759475708 0.5688514709472656
 538756 0.18859219551086426 10.7086763381958 0.5702848434448242
 540225 0.18871831893920898 10.731702327728271 0.5716726779937744
 541696 0.18912339210510254 10.75968599319458 0.5738821029663086
 543169 0.18967223167419434 10.793621063232422 0.5750072002410889
 544644 0.21778202056884766 10.826218366622925 0.5783176422119141
 546121 0.2189619541168213 10.851967811584473 0.5800487995147705
 547600 0.21960020065307617 10.885702848434448 0.5814528465270996
 549081 0.22011065483093262 10.919491291046143 0.5823988914489746
 550564 0.2207198143005371 10.947253227233887 0.5857033729553223
 552049 0.22124409675598145 10.969357967376709 0.5864150524139404
 553536 0.22208571434020996 10.996628522872925 0.5889241695404053
 555025 0.22235560417175293 11.031994819641113 0.5895402431488037
 556516 0.2231919765472412 11.061246395111084 0.5884530544281006
 558009 0.19467949867248535 11.092260360717773 0.5901589393615723
 559504 0.1965937614440918 11.129913806915283 0.5920915603637695
 561001 0.19573330879211426 11.159818649291992 0.5933926105499268
 562500 0.19796967506408691 11.18285059928894 0.5952270030975342
 564001 0.2260277271270752 11.214248657226562 0.5963985919952393
 565504 0.22423434257507324 11.241029024124146 0.5978279113769531
 567009 0.2274620532989502 11.271295547485352 0.5992908477783203
 568516 0.2254314422607422 11.306342124938965 0.603187084197998
 570025 0.2285752296447754 11.338638067245483 0.6044459342956543
 571536 0.22649097442626953 11.365413427352905 0.605865478515625
 573049 0.22970819473266602 11.39418339729309 0.6075689792633057
 574564 0.2276630401611328 11.430700540542603 0.6093988418579102
 576081 0.23090338706970215 11.454858303070068 0.6113030910491943
 577600 0.22909116744995117 11.48813271522522 0.6106719970703125
 579121 0.2320854663848877 11.522027969360352 0.6138393878936768
 580644 0.23085474967956543 11.555805444717407 0.6140947341918945
 582169 0.2333056926727295 11.576822280883789 0.6156008243560791
 583696 0.23150181770324707 11.608951091766357 0.6169500350952148
 585225 0.23453450202941895 11.641351222991943 0.6191508769989014
 586756 0.23283934593200684 11.673460483551025 0.6236381530761719
 588289 0.23598313331604004 11.701000690460205 0.6243743896484375
 589824 0.23434829711914062 11.73463249206543 0.6232101917266846
 591361 0.2371213436126709 11.764809608459473 0.6251330375671387
 592900 0.23609280586242676 11.802287817001343 0.6268415451049805
 594441 0.23845815658569336 11.838127851486206 0.6285946369171143
 595984 0.23674345016479492 11.863781213760376 0.6301167011260986
 597529 0.23929786682128906 11.900262117385864 0.6312026977539062
 599076 0.23730993270874023 11.923767805099487 0.635317325592041
 600625 0.24064970016479492 11.95232605934143 0.637216329574585
 602176 0.2391340732574463 11.983469486236572 0.6367290019989014
 603729 0.24187970161437988 12.01552677154541 0.6382596492767334
 605284 0.23993158340454102 12.050328016281128 0.641481876373291
 606841 0.24306035041809082 12.076777458190918 0.6437704563140869
 608400 0.24107146263122559 12.110511064529419 0.645684003829956
 609961 0.24433469772338867 12.145583152770996 0.6469321250915527
 611524 0.24245834350585938 12.170855283737183 0.6484215259552002
 613089 0.24585437774658203 12.208789587020874 0.649921178817749
 614656 0.24374079704284668 12.2339448928833 0.6523776054382324
 616225 0.2465658187866211 12.272634029388428 0.6536061763763428
 617796 0.24474644660949707 12.311683177947998 0.6527070999145508
 619369 0.2481541633605957 12.331921577453613 0.6544318199157715
 620944 0.24593901634216309 12.365985631942749 0.656179666519165
 622521 0.2492542266845703 12.40499210357666 0.6572861671447754
 624100 0.24786639213562012 12.429644107818604 0.6620430946350098
 625681 0.25061941146850586 12.458862543106079 0.6638121604919434
 627264 0.24855566024780273 12.489357471466064 0.6630640029907227
 628849 0.2519032955169678 12.521933317184448 0.6655526161193848
 630436 0.24966049194335938 12.553989887237549 0.666684627532959
 632025 0.2532334327697754 12.587766647338867 0.6676347255706787
 633616 0.2511565685272217 12.618549108505249 0.6692626476287842
 635209 0.2543821334838867 12.653051614761353 0.671151876449585
 636804 0.25249719619750977 12.685142278671265 0.6732625961303711
 638401 0.2549912929534912 12.722188234329224 0.6749622821807861
 640000 0.2528665065765381 12.75074577331543 0.6792507171630859
 641601 0.2570207118988037 12.779847145080566 0.6802458763122559
 643204 0.25393128395080566 12.819846630096436 0.6796979904174805
 644809 0.2582521438598633 12.846835136413574 0.6817262172698975
 646416 0.25601744651794434 12.879678726196289 0.6851766109466553
 648025 0.2595076560974121 12.907618999481201 0.6866981983184814
 649636 0.25756072998046875 12.941600561141968 0.6882598400115967
 651249 0.260761022567749 12.975691318511963 0.690575122833252
 652864 0.2580115795135498 13.009554147720337 0.6918952465057373
 654481 0.26206517219543457 13.039942502975464 0.6937003135681152
 656100 0.2598459720611572 13.080198287963867 0.6944706439971924
 657721 0.2633051872253418 13.102954864501953 0.6963613033294678
 659344 0.26146769523620605 13.139710187911987 0.6983997821807861
 660969 0.26466965675354004 13.17792010307312 0.7007195949554443
 662596 0.26242661476135254 13.199202537536621 0.699904203414917
 664225 0.2660369873046875 13.235715627670288 0.7011072635650635
 665856 0.26424551010131836 13.275557279586792 0.7030069828033447
 667489 0.2673313617706299 13.303106307983398 0.7045657634735107
 669124 0.26497864723205566 13.339371919631958 0.7086541652679443
 670761 0.268587589263916 13.368364810943604 0.7099940776824951
 672400 0.2660970687866211 13.404553413391113 0.7098104953765869
 674041 0.269763708114624 13.43480134010315 0.7115979194641113
 675684 0.26813554763793945 13.470821857452393 0.7131798267364502
 677329 0.27117323875427246 13.501033544540405 0.7157952785491943
 678976 0.26879310607910156 13.536266088485718 0.7189643383026123
 680625 0.2725098133087158 13.575593709945679 0.7209851741790771
 682276 0.2705819606781006 13.602329015731812 0.7202353477478027
 683929 0.2738058567047119 13.640575170516968 0.7219882011413574
 685584 0.27207517623901367 13.669269323348999 0.7238726615905762
 687241 0.2750368118286133 13.705345869064331 0.7253298759460449
 688900 0.2724609375 13.733856201171875 0.7294824123382568
 690561 0.2765171527862549 13.77953815460205 0.7312681674957275
 692224 0.27387356758117676 13.80884337425232 0.7306687831878662
 693889 0.2775752544403076 13.832746505737305 0.7324283123016357
 695556 0.27483057975769043 13.87235689163208 0.7367839813232422
 697225 0.2789745330810547 13.909752130508423 0.7394425868988037
 698896 0.2767300605773926 13.939252853393555 0.7400913238525391
 700569 0.2803966999053955 13.971043348312378 0.7413430213928223
 702244 0.27790045738220215 14.009298086166382 0.7434859275817871
 703921 0.2813720703125 14.03587818145752 0.7452800273895264
 705600 0.28023648262023926 14.086833715438843 0.7474422454833984
 707281 0.28314948081970215 14.111347913742065 0.7491805553436279
 708964 0.28090405464172363 14.141360521316528 0.7499861717224121
 710649 0.28403139114379883 14.1735360622406 0.7515678405761719
 712336 0.28217077255249023 14.216755151748657 0.7512211799621582
 714025 0.28577089309692383 14.235955476760864 0.7530825138092041
 715716 0.2832796573638916 14.280556917190552 0.7550134658813477
 717409 0.28673720359802246 14.31383991241455 0.7569725513458252
 719104 0.28505897521972656 14.344970226287842 0.761082649230957
 720801 0.288435697555542 14.378463506698608 0.7627742290496826
 722500 0.28577756881713867 14.419902324676514 0.7629115581512451
 724201 0.28992533683776855 14.450434684753418 0.763930082321167
 725904 0.2877323627471924 14.485381603240967 0.7686035633087158
 727609 0.25348639488220215 14.517186164855957 0.7701358795166016
 729316 0.25402069091796875 14.563786506652832 0.7689383029937744
 731025 0.2544403076171875 14.598718643188477 0.7711203098297119
 732736 0.2549905776977539 14.630621194839478 0.7728629112243652
 734449 0.2939035892486572 14.66573977470398 0.7740461826324463
 736164 0.29454636573791504 14.696260213851929 0.7789332866668701
 737881 0.2953672409057617 14.733004093170166 0.7813127040863037
 739600 0.2572815418243408 14.766902208328247 0.7800424098968506
 741321 0.258159875869751 14.796836137771606 0.7823355197906494
 743044 0.25896382331848145 14.83788251876831 0.7855114936828613
 744769 0.2596766948699951 14.864988565444946 0.787667989730835
 746496 0.29842209815979004 14.90817141532898 0.7893548011779785
 748225 0.29934239387512207 14.942519426345825 0.7913081645965576
 749956 0.3001675605773926 14.96969747543335 0.79276442527771
 751689 0.30039191246032715 15.002654314041138 0.7944004535675049
 753424 0.30162525177001953 15.033424854278564 0.7969105243682861
 755161 0.3021223545074463 15.07896900177002 0.798884391784668
 756900 0.3027496337890625 15.109725713729858 0.8000271320343018
 758641 0.302675724029541 15.143394708633423 0.8027942180633545
 760384 0.30408191680908203 15.182648420333862 0.8008098602294922
 762129 0.2659146785736084 15.217261552810669 0.8036785125732422
 763876 0.26673460006713867 15.2615966796875 0.8076977729797363
 765625 0.2666759490966797 15.285431861877441 0.8101787567138672
 767376 0.26721978187561035 15.321181774139404 0.8090977668762207
 769129 0.3075723648071289 15.359434366226196 0.811420202255249
 770884 0.3083462715148926 15.389196157455444 0.8145487308502197
 772641 0.3088381290435791 15.421507358551025 0.8170745372772217
 774400 0.30968785285949707 15.476691484451294 0.8185420036315918
 776161 0.3103976249694824 15.50406813621521 0.8202850818634033
 777924 0.3107633590698242 15.55085015296936 0.8218681812286377
 779689 0.3115108013153076 15.571059942245483 0.823915958404541
 781456 0.31029534339904785 15.613397359848022 0.8261153697967529
 783225 0.31293535232543945 15.651504755020142 0.8288450241088867
 784996 0.313549280166626 15.685577630996704 0.8266465663909912
 786769 0.3146388530731201 15.723394632339478 0.8326466083526611
 788544 0.31521034240722656 15.759126901626587 0.8304517269134521
 790321 0.31586718559265137 15.797860145568848 0.8324017524719238
 792100 0.31679677963256836 15.828359365463257 0.8348798751831055
 793881 0.3174912929534912 15.853819131851196 0.8370361328125
 795664 0.31820106506347656 15.896219253540039 0.8408842086791992
 797449 0.3187384605407715 15.938563108444214 0.8434953689575195
 799236 0.31962132453918457 15.970266103744507 0.8413853645324707
 801025 0.32036352157592773 16.003953218460083 0.8440625667572021
 802816 0.32105541229248047 16.046456336975098 0.8485946655273438
 804609 0.32155394554138184 16.086281776428223 0.8506834506988525
 806404 0.32254886627197266 16.116045713424683 0.8518447875976562
 808201 0.3232300281524658 16.14836597442627 0.8570141792297363
 810000 0.3238205909729004 16.1940655708313 0.8597826957702637
 811801 0.32469701766967773 16.215399980545044 0.8602707386016846
 813604 0.324939489364624 16.25908064842224 0.8629965782165527
 815409 0.32597827911376953 16.307949781417847 0.8643009662628174
 817216 0.32657504081726074 16.327293872833252 0.8630619049072266
 819025 0.3275017738342285 16.371408224105835 0.861900806427002
 820836 0.3278510570526123 16.419674158096313 0.8670477867126465
 822649 0.3287844657897949 16.439607858657837 0.8702678680419922
 824464 0.32962846755981445 16.478368043899536 0.8714585304260254
 826281 0.3303847312927246 16.514860153198242 0.873671293258667
 828100 0.33116984367370605 16.551929712295532 0.8749630451202393
 829921 0.3317995071411133 16.58409357070923 0.8775339126586914
 831744 0.3324871063232422 16.636715173721313 0.8763597011566162
 833569 0.3332955837249756 16.676597833633423 0.8778748512268066
 835396 0.3338887691497803 16.701372385025024 0.8787503242492676
 837225 0.3341541290283203 16.737539529800415 0.8816852569580078
 839056 0.3354067802429199 16.764251470565796 0.8864850997924805
 840889 0.3359370231628418 16.819809436798096 0.8882904052734375
 842724 0.3369147777557373 16.85518193244934 0.8870174884796143
 844561 0.3373899459838867 16.891934871673584 0.8893692493438721
 846400 0.33817052841186523 16.920681953430176 0.8945252895355225
 848241 0.33931756019592285 16.94658589363098 0.8970997333526611
 850084 0.33974289894104004 16.992559909820557 0.8990499973297119
 851929 0.3406040668487549 17.044927835464478 0.9003148078918457
 853776 0.3404378890991211 17.08122944831848 0.9030029773712158
 855625 0.3420393466949463 17.10578441619873 0.904381275177002
 857476 0.3425283432006836 17.14240050315857 0.9059288501739502
 859329 0.3434891700744629 17.192171573638916 0.9078109264373779
 861184 0.3438601493835449 17.23174810409546 0.9094948768615723
 863041 0.3450343608856201 17.273581981658936 0.9113223552703857
 864900 0.3451399803161621 17.294216632843018 0.9103288650512695
 866761 0.346416711807251 17.344938278198242 0.9125940799713135
 868624 0.34715723991394043 17.38874888420105 0.9178967475891113
 870489 0.3475499153137207 17.41655707359314 0.9196009635925293
 872356 0.34882664680480957 17.45425820350647 0.921764612197876
 874225 0.34950757026672363 17.485862731933594 0.9238131046295166
 876096 0.3501262664794922 17.522788286209106 0.9229428768157959
 877969 0.35088491439819336 17.572426319122314 0.9242494106292725
 879844 0.3516960144042969 17.602171659469604 0.9292449951171875
 881721 0.3523108959197998 17.64631175994873 0.9311211109161377
 883600 0.35265541076660156 17.663012742996216 0.9291870594024658
 885481 0.3538973331451416 17.70521378517151 0.9316785335540771
 887364 0.35447072982788086 17.747989654541016 0.9334735870361328
 889249 0.35510969161987305 17.78649139404297 0.9347639083862305
 891136 0.3557877540588379 17.839625358581543 0.9398894309997559
 893025 0.3568613529205322 17.853498220443726 0.9429099559783936
 894916 0.3576674461364746 17.90295910835266 0.9411575794219971
 896809 0.3583071231842041 17.948979139328003 0.943453311920166
 898704 0.358720064163208 17.99276566505432 0.9482824802398682
 900601 0.35926175117492676 18.02197027206421 0.9507479667663574
 902500 0.36078548431396484 18.067716360092163 0.953366756439209
 904401 0.3616042137145996 18.102343320846558 0.9546804428100586
 906304 0.36215877532958984 18.139349699020386 0.9564769268035889
 908209 0.36287903785705566 18.18321394920349 0.958683967590332
 910116 0.36305785179138184 18.217604875564575 0.9612894058227539
 912025 0.3644568920135498 18.252708911895752 0.9618840217590332
 913936 0.36533427238464355 18.29685401916504 0.9645626544952393
 915849 0.3656177520751953 18.3280668258667 0.9664685726165771
 917764 0.3665425777435303 18.377516508102417 0.9685091972351074
 919681 0.3674478530883789 18.405276775360107 0.9697279930114746
 921600 0.36822009086608887 18.44841718673706 0.9685792922973633
 923521 0.36838459968566895 18.477644205093384 0.9715597629547119
 925444 0.3689577579498291 18.527759313583374 0.9761269092559814
 927369 0.3706507682800293 18.56948161125183 0.9788393974304199
 929296 0.3713383674621582 18.60505485534668 0.976973295211792
 931225 0.3718912601470947 18.63214612007141 0.9791383743286133
 933156 0.3727564811706543 18.676857709884644 0.9841046333312988
 935089 0.3736751079559326 18.715076208114624 0.9866657257080078
 937024 0.3738257884979248 18.745611667633057 0.9862103462219238
 938961 0.3751523494720459 18.795767307281494 0.986217737197876
 940900 0.37595129013061523 18.834662199020386 0.9878551959991455
 942841 0.3762221336364746 18.877299547195435 0.9922988414764404
 944784 0.377183198928833 18.910268545150757 0.9928245544433594
 946729 0.37819385528564453 18.949121713638306 0.9953882694244385
 948676 0.3787498474121094 18.998649835586548 1.0010359287261963
 950625 0.37955451011657715 19.033034801483154 1.0016250610351562
 952576 0.3802456855773926 19.06893277168274 1.0007686614990234
 954529 0.38158607482910156 19.109448671340942 1.0033574104309082
 956484 0.3324313163757324 19.158800840377808 1.009674310684204
 958441 0.33281755447387695 19.200900077819824 1.010749340057373
 960400 0.33393335342407227 19.233776807785034 1.0124320983886719
 962361 0.33432888984680176 19.274158239364624 1.0141265392303467
 964324 0.3853132724761963 19.319988012313843 1.0155184268951416
 966289 0.3857083320617676 19.342344522476196 1.0190236568450928
 968256 0.3862299919128418 19.39790415763855 1.0212724208831787
 970225 0.38741087913513184 19.422734260559082 1.0223495960235596
 972196 0.38809895515441895 19.467116594314575 1.0253386497497559
 974169 0.38878345489501953 19.506959676742554 1.0273826122283936
 976144 0.34047722816467285 19.55088710784912 1.0261027812957764
 978121 0.34003567695617676 19.592368125915527 1.0281524658203125
 980100 0.34171128273010254 19.617768049240112 1.0335988998413086
 982081 0.34160494804382324 19.67920422554016 1.0356926918029785
 984064 0.3921794891357422 19.725359439849854 1.0338785648345947
 986049 0.3936128616333008 19.744061946868896 1.0350754261016846
 988036 0.39485883712768555 19.78877305984497 1.0388338565826416
 990025 0.39567041397094727 19.822299242019653 1.0400757789611816
 992016 0.3961668014526367 19.86973738670349 1.0422477722167969
 994009 0.3971264362335205 19.9145610332489 1.045426368713379
 996004 0.3982388973236084 19.956305980682373 1.0460872650146484
 998001 0.3986337184906006 19.99532675743103 1.0515599250793457