
 9 1.1205673217773438e-05 0.00026035308837890625 8.344650268554688e-06
 16 1.049041748046875e-05 0.0003921985626220703 1.5735626220703125e-05
 25 1.2874603271484375e-05 0.0005588531494140625 2.765655517578125e-05
 36 1.621246337890625e-05 0.0007550716400146484 3.719329833984375e-05
 49 1.9311904907226562e-05 0.000982522964477539 5.2928924560546875e-05
 64 2.3126602172851562e-05 0.0012423992156982422 7.009506225585938e-05
 81 2.6941299438476562e-05 0.0016090869903564453 8.7738037109375e-05
 100 3.24249267578125e-05 0.001875162124633789 0.0001068115234375
 121 3.7670135498046875e-05 0.0022430419921875 0.0001285076141357422
 144 4.410743713378906e-05 0.0026466846466064453 0.0001697540283203125
 169 5.125999450683594e-05 0.003083467483520508 0.0001785755157470703
 196 5.793571472167969e-05 0.003551006317138672 0.0002079010009765625
 225 6.4849853515625e-05 0.004071950912475586 0.00023412704467773438
 256 7.271766662597656e-05 0.004596710205078125 0.00026988983154296875
 289 8.654594421386719e-05 0.00518345832824707 0.0003075599670410156
 324 9.703636169433594e-05 0.0058155059814453125 0.00035071372985839844
 361 0.00010991096496582031 0.006475925445556641 0.0003941059112548828
 400 0.00012302398681640625 0.007146358489990234 0.0004413127899169922
 441 0.00013828277587890625 0.007897138595581055 0.0004851818084716797
 484 0.00015211105346679688 0.008651018142700195 0.0005307197570800781
 529 0.00016736984252929688 0.009437322616577148 0.00058746337890625
 576 0.00018334388732910156 0.010254859924316406 0.0006351470947265625
 625 0.0002009868621826172 0.01112508773803711 0.0006985664367675781
 676 0.00021648406982421875 0.01206207275390625 0.0007529258728027344
 729 0.00023555755615234375 0.012970209121704102 0.0008161067962646484
 784 0.00025343894958496094 0.013965368270874023 0.0008747577667236328
 841 0.0002727508544921875 0.014960527420043945 0.0009379386901855469
 900 0.0002913475036621094 0.015970468521118164 0.0010075569152832031
 961 0.0003139972686767578 0.017043590545654297 0.0010688304901123047
 1024 0.0003368854522705078 0.018139123916625977 0.0011451244354248047
 1089 0.0003578662872314453 0.019271135330200195 0.0012211799621582031
 1156 0.0003936290740966797 0.020503520965576172 0.001295328140258789
 1225 0.0004038810729980469 0.021654367446899414 0.0013866424560546875
 1296 0.0004279613494873047 0.022966861724853516 0.0014634132385253906
 1369 0.0004520416259765625 0.024255037307739258 0.0015301704406738281
 1444 0.0004742145538330078 0.025529146194458008 0.0016086101531982422
 1521 0.0005037784576416016 0.026879310607910156 0.0017161369323730469
 1600 0.0005304813385009766 0.028269529342651367 0.0017938613891601562
 1681 0.0005581378936767578 0.029691219329833984 0.0018858909606933594
 1764 0.0005862712860107422 0.03110480308532715 0.0019807815551757812
 1849 0.0006177425384521484 0.032668352127075195 0.002067089080810547
 1936 0.0006883144378662109 0.03418111801147461 0.0021789073944091797
 2025 0.0006771087646484375 0.03568458557128906 0.0022661685943603516
 2116 0.0007531642913818359 0.03732943534851074 0.002373933792114258
 2209 0.0007390975952148438 0.03894996643066406 0.002471923828125
 2304 0.0008211135864257812 0.040608882904052734 0.0025987625122070312
 2401 0.0008037090301513672 0.04234433174133301 0.002682209014892578
 2500 0.0008916854858398438 0.044004201889038086 0.0027923583984375
 2601 0.0008711814880371094 0.04586219787597656 0.002892017364501953
 2704 0.0009655952453613281 0.04757094383239746 0.0030219554901123047
 2809 0.0009410381317138672 0.04944348335266113 0.003131866455078125
 2916 0.0010421276092529297 0.051336050033569336 0.0032663345336914062
 3025 0.0010128021240234375 0.053215742111206055 0.0033631324768066406
 3136 0.0011348724365234375 0.05513906478881836 0.0034859180450439453
 3249 0.0010886192321777344 0.05715036392211914 0.003581523895263672
 3364 0.0011289119720458984 0.05912041664123535 0.0037255287170410156
 3481 0.0011668205261230469 0.06114840507507324 0.0038526058197021484
 3600 0.0012078285217285156 0.06328392028808594 0.003989458084106445
 3721 0.0012488365173339844 0.06534123420715332 0.004125833511352539
 3844 0.001291513442993164 0.0675349235534668 0.004252195358276367
 3969 0.0013315677642822266 0.06972479820251465 0.004391670227050781
 4096 0.0013740062713623047 0.07189321517944336 0.0045320987701416016
 4225 0.0014307498931884766 0.0741422176361084 0.004667043685913086
 4356 0.0014882087707519531 0.07644844055175781 0.004820346832275391
 4489 0.0015058517456054688 0.07876300811767578 0.00496220588684082
 4624 0.001565694808959961 0.08112192153930664 0.005097150802612305
 4761 0.0016047954559326172 0.08351016044616699 0.005233287811279297
 4900 0.00164794921875 0.08592057228088379 0.005411624908447266
 5041 0.0016922950744628906 0.08841872215270996 0.0055539608001708984
 5184 0.0017402172088623047 0.09092497825622559 0.005697011947631836
 5329 0.0017893314361572266 0.09350013732910156 0.005881071090698242
 5476 0.0018377304077148438 0.09601712226867676 0.006023883819580078
 5625 0.001903533935546875 0.09867095947265625 0.006181240081787109
 5776 0.0020644664764404297 0.10120344161987305 0.006373405456542969
 5929 0.002002716064453125 0.10404372215270996 0.006529808044433594
 6084 0.0021698474884033203 0.10670638084411621 0.006696462631225586
 6241 0.002087116241455078 0.10949206352233887 0.006865501403808594
 6400 0.0023000240325927734 0.11214470863342285 0.0070459842681884766
 6561 0.00220489501953125 0.11510610580444336 0.007180929183959961
 6724 0.002415180206298828 0.11787605285644531 0.007394552230834961
 6889 0.002313852310180664 0.12070250511169434 0.007554292678833008
 7056 0.002547740936279297 0.12357616424560547 0.007753610610961914
 7225 0.002418994903564453 0.12670445442199707 0.007919549942016602
 7396 0.0026733875274658203 0.129638671875 0.008162975311279297
 7569 0.0025424957275390625 0.1325986385345459 0.008267879486083984
 7744 0.0027937889099121094 0.13558077812194824 0.008495569229125977
 7921 0.002660512924194336 0.13874435424804688 0.008640766143798828
 8100 0.0029082298278808594 0.14191722869873047 0.00885152816772461
 8281 0.002783060073852539 0.14513039588928223 0.009032726287841797
 8464 0.0030448436737060547 0.14849853515625 0.009246826171875
 8649 0.0029048919677734375 0.15166401863098145 0.009401559829711914
 8836 0.003165721893310547 0.15500569343566895 0.009658575057983398
 9025 0.003034830093383789 0.15830206871032715 0.009825706481933594
 9216 0.0033164024353027344 0.16167950630187988 0.01003575325012207
 9409 0.0031616687774658203 0.16527056694030762 0.010221719741821289
 9604 0.0034706592559814453 0.16879034042358398 0.010456323623657227
 9801 0.0033037662506103516 0.1722249984741211 0.010642051696777344
 10000 0.0035996437072753906 0.17586779594421387 0.010883808135986328
 10201 0.0034286975860595703 0.17935848236083984 0.01107645034790039
 10404 0.0037453174591064453 0.1827385425567627 0.011296749114990234
 10609 0.003567218780517578 0.18648147583007812 0.01150059700012207
 10816 0.0038874149322509766 0.1903996467590332 0.011736869812011719
 11025 0.003704071044921875 0.19415593147277832 0.011912345886230469
 11236 0.004041910171508789 0.19800877571105957 0.012175798416137695
 11449 0.0038475990295410156 0.20192241668701172 0.012385129928588867
 11664 0.004210233688354492 0.20581769943237305 0.012685298919677734
 11881 0.003993034362792969 0.2096538543701172 0.012838125228881836
 12100 0.004396677017211914 0.21366214752197266 0.013080596923828125
 12321 0.0041391849517822266 0.21739649772644043 0.013266324996948242
 12544 0.004532575607299805 0.22171568870544434 0.01356363296508789
 12769 0.004293203353881836 0.22565531730651855 0.013760805130004883
 12996 0.004679203033447266 0.2298271656036377 0.014015913009643555
 13225 0.00446009635925293 0.23421359062194824 0.01424717903137207
 13456 0.004848957061767578 0.23860931396484375 0.014508962631225586
 13689 0.004597663879394531 0.2421097755432129 0.014730215072631836
 13924 0.005042552947998047 0.24675679206848145 0.015058755874633789
 14161 0.004810810089111328 0.2510390281677246 0.015203475952148438
 14400 0.0051953792572021484 0.2550506591796875 0.015476465225219727
 14641 0.004906415939331055 0.259568452835083 0.01569390296936035
 14884 0.0053558349609375 0.2643277645111084 0.016012907028198242
 15129 0.005067348480224609 0.268247127532959 0.016234874725341797
 15376 0.00517725944519043 0.27313899993896484 0.01658463478088379
 15625 0.005248546600341797 0.27760887145996094 0.016843795776367188
 15876 0.005328655242919922 0.2818639278411865 0.0170748233795166
 16129 0.005430936813354492 0.28711819648742676 0.017330169677734375
 16384 0.005900144577026367 0.29193973541259766 0.01761174201965332
 16641 0.0055866241455078125 0.29587674140930176 0.01784992218017578
 16900 0.006101846694946289 0.30130982398986816 0.018156051635742188
 17161 0.005766868591308594 0.3058803081512451 0.018548250198364258
 17424 0.006271839141845703 0.31008100509643555 0.01870560646057129
 17689 0.0059587955474853516 0.315535306930542 0.018933773040771484
 17956 0.006453037261962891 0.32037925720214844 0.019257307052612305
 18225 0.0060880184173583984 0.3245570659637451 0.01950812339782715
 18496 0.006674528121948242 0.3304252624511719 0.019829511642456055
 18769 0.0063059329986572266 0.33548831939697266 0.020047664642333984
 19044 0.006855964660644531 0.33959293365478516 0.020358800888061523
 19321 0.006505250930786133 0.34520840644836426 0.020629405975341797
 19600 0.007060050964355469 0.35064053535461426 0.020965099334716797
 19881 0.006685972213745117 0.35494017601013184 0.021184921264648438
 20164 0.007262706756591797 0.36054491996765137 0.021575927734375
 20449 0.006862640380859375 0.36641740798950195 0.021818876266479492
 20736 0.007465362548828125 0.3701169490814209 0.022187471389770508
 21025 0.007044792175292969 0.3768954277038574 0.022434234619140625
 21316 0.00769352912902832 0.38213157653808594 0.022792816162109375
 21609 0.007268428802490234 0.38587498664855957 0.023007631301879883
 21904 0.007904291152954102 0.3929483890533447 0.02340078353881836
 22201 0.007470846176147461 0.39801621437072754 0.023644447326660156
 22500 0.008101463317871094 0.40234923362731934 0.024074316024780273
 22801 0.0076389312744140625 0.40888285636901855 0.024311065673828125
 23104 0.008323907852172852 0.4152863025665283 0.02467632293701172
 23409 0.00787353515625 0.41876673698425293 0.024902820587158203
 23716 0.008577585220336914 0.4260532855987549 0.025353193283081055
 24025 0.008085966110229492 0.4316880702972412 0.02559518814086914
 24336 0.008778095245361328 0.43569111824035645 0.02597212791442871
 24649 0.00829458236694336 0.4428443908691406 0.026244640350341797
 24964 0.009009361267089844 0.4491255283355713 0.026609182357788086
 25281 0.008491039276123047 0.4533400535583496 0.026874542236328125
 25600 0.009239912033081055 0.4603869915008545 0.027286291122436523
 25921 0.008726119995117188 0.47269320487976074 0.027739286422729492
 26244 0.00945901870727539 0.4707961082458496 0.027953624725341797
 26569 0.008929014205932617 0.47837257385253906 0.028382301330566406
 26896 0.00970768928527832 0.4844398498535156 0.028653860092163086
 27225 0.009125471115112305 0.48856616020202637 0.02893209457397461
 27556 0.009946823120117188 0.4965934753417969 0.029325485229492188
 27889 0.009364128112792969 0.5031757354736328 0.029636383056640625
 28224 0.010182380676269531 0.5072829723358154 0.030034542083740234
 28561 0.009577035903930664 0.5150308609008789 0.030451059341430664
 28900 0.010430574417114258 0.5211365222930908 0.030796051025390625
 29241 0.00979757308959961 0.5254402160644531 0.031000137329101562
 29584 0.010673284530639648 0.5342018604278564 0.03143715858459473
 29929 0.010073423385620117 0.5403835773468018 0.03174090385437012
 30276 0.010912179946899414 0.5446479320526123 0.03218960762023926
 30625 0.01027226448059082 0.5528435707092285 0.032462358474731445
 30976 0.011141538619995117 0.5594086647033691 0.032919883728027344
 31329 0.010537385940551758 0.5639662742614746 0.03329181671142578
 31684 0.01143646240234375 0.5725283622741699 0.03365302085876465
 32041 0.010737180709838867 0.5791580677032471 0.03392148017883301
 32400 0.011718511581420898 0.583768367767334 0.03442978858947754
 32761 0.010992050170898438 0.5919132232666016 0.03484463691711426
 33124 0.011943817138671875 0.5997018814086914 0.035254716873168945
 33489 0.011260509490966797 0.6038832664489746 0.03553366661071777
 33856 0.012199878692626953 0.6139702796936035 0.03609323501586914
 34225 0.011509895324707031 0.6208796501159668 0.03638768196105957
 34596 0.01249551773071289 0.6253085136413574 0.03685140609741211
 34969 0.011752843856811523 0.6351244449615479 0.037215232849121094
 35344 0.012772321701049805 0.6430819034576416 0.03769826889038086
 35721 0.012025594711303711 0.6471467018127441 0.03802347183227539
 36100 0.013044595718383789 0.6571917533874512 0.038463592529296875
 36481 0.012297391891479492 0.6644489765167236 0.038857460021972656
 36864 0.013316631317138672 0.6690316200256348 0.039301156997680664
 37249 0.012575387954711914 0.6796464920043945 0.039716482162475586
 37636 0.013626337051391602 0.6875982284545898 0.04014992713928223
 38025 0.012821674346923828 0.6907563209533691 0.0405576229095459
 38416 0.013858556747436523 0.7015542984008789 0.04105949401855469
 38809 0.013048887252807617 0.709843635559082 0.04143667221069336
 39204 0.014173746109008789 0.7129766941070557 0.04185891151428223
 39601 0.013303041458129883 0.7254831790924072 0.042244672775268555
 40000 0.014475345611572266 0.7331387996673584 0.042826175689697266
 40401 0.01362299919128418 0.7363131046295166 0.04306435585021973
 40804 0.01474905014038086 0.7485790252685547 0.04364943504333496
 41209 0.013852596282958984 0.7561941146850586 0.04401803016662598
 41616 0.015036582946777344 0.7596518993377686 0.0445709228515625
 42025 0.014172077178955078 0.7722110748291016 0.04489445686340332
 42436 0.015384435653686523 0.7802550792694092 0.045491933822631836
 42849 0.01441502571105957 0.7829201221466064 0.04581284523010254
 43264 0.01568913459777832 0.796100378036499 0.0464935302734375
 43681 0.014733552932739258 0.8044905662536621 0.04679274559020996
 44100 0.015938520431518555 0.8067362308502197 0.04723477363586426
 44521 0.015014171600341797 0.820117712020874 0.047649383544921875
 44944 0.01630258560180664 0.8281705379486084 0.048160552978515625
 45369 0.015269279479980469 0.83085036277771 0.048586368560791016
 45796 0.016588211059570312 0.845130205154419 0.04911684989929199
 46225 0.015638113021850586 0.8536274433135986 0.04945993423461914
 46656 0.01687479019165039 0.8561172485351562 0.05009746551513672
 47089 0.015847444534301758 0.8711931705474854 0.050455331802368164
 47524 0.017225980758666992 0.8784604072570801 0.0510406494140625
 47961 0.016135692596435547 0.8808555603027344 0.05132722854614258
 48400 0.01756739616394043 0.896090030670166 0.05200457572937012
 48841 0.016443729400634766 0.9040822982788086 0.05220675468444824
 49284 0.017844200134277344 0.9063024520874023 0.05288410186767578
 49729 0.016771793365478516 0.921647310256958 0.053353071212768555
 50176 0.018172502517700195 0.9310672283172607 0.05391716957092285
 50625 0.017067909240722656 0.9325203895568848 0.054264068603515625
 51076 0.018556833267211914 0.9484593868255615 0.05483865737915039
 51529 0.017435789108276367 0.9578330516815186 0.05518031120300293
 51984 0.01889944076538086 0.9579477310180664 0.05580782890319824
 52441 0.017711162567138672 0.9746236801147461 0.056322336196899414
 52900 0.019205570220947266 0.9837241172790527 0.05698537826538086
 53361 0.017994403839111328 0.9853427410125732 0.05714702606201172
 53824 0.019525527954101562 1.001349687576294 0.05791735649108887
 54289 0.018309354782104492 1.0107979774475098 0.05828523635864258
 54756 0.019860267639160156 1.0114974975585938 0.058897972106933594
 55225 0.018667221069335938 1.0288281440734863 0.059310197830200195
 55696 0.020232200622558594 1.0374746322631836 0.05996370315551758
 56169 0.019073486328125 1.0391581058502197 0.060289621353149414
 56644 0.01917576789855957 1.0568602085113525 0.06098055839538574
 57121 0.01931309700012207 1.0664703845977783 0.061562538146972656
 57600 0.019408226013183594 1.0670452117919922 0.06218123435974121
 58081 0.019655227661132812 1.08497953414917 0.0626058578491211
 58564 0.021283388137817383 1.093562364578247 0.06311392784118652
 59049 0.019969463348388672 1.0938079357147217 0.06342697143554688
 59536 0.02165985107421875 1.1137633323669434 0.064300537109375
 60025 0.020292997360229492 1.122769832611084 0.06460905075073242
 60516 0.020404815673828125 1.121680736541748 0.06505155563354492
 61009 0.02062535285949707 1.1410088539123535 0.06609392166137695
 61504 0.02083134651184082 1.1509251594543457 0.06617522239685059
 62001 0.020938396453857422 1.151256799697876 0.06673002243041992
 62500 0.02110600471496582 1.1714553833007812 0.06751012802124023
 63001 0.022902727127075195 1.181581974029541 0.0679171085357666
 63504 0.021413564682006836 1.1792871952056885 0.06841468811035156
 64009 0.023283720016479492 1.2016220092773438 0.06911587715148926
 64516 0.02186751365661621 1.2111530303955078 0.06942009925842285
 65025 0.023655176162719727 1.2099664211273193 0.07019424438476562
 65536 0.022084951400756836 1.2309942245483398 0.0706782341003418
 66049 0.0240478515625 1.2399876117706299 0.0713505744934082
 66564 0.022492408752441406 1.2398324012756348 0.07184052467346191
 67081 0.024442672729492188 1.261336088180542 0.07235240936279297
 67600 0.02289891242980957 1.2725915908813477 0.07288432121276855
 68121 0.0247952938079834 1.2711782455444336 0.07355928421020508
 68644 0.023184537887573242 1.2936351299285889 0.07400274276733398
 69169 0.025221824645996094 1.3041257858276367 0.07480001449584961
 69696 0.023560762405395508 1.302894115447998 0.07512712478637695
 70225 0.025603055953979492 1.3258984088897705 0.07582974433898926
 70756 0.023905277252197266 1.336698055267334 0.07620882987976074
 71289 0.02588939666748047 1.3345110416412354 0.07699441909790039
 71824 0.024338722229003906 1.357797622680664 0.07741737365722656
 72361 0.02639627456665039 1.369405746459961 0.07844138145446777
 72900 0.02480626106262207 1.3667197227478027 0.0786583423614502
 73441 0.026773452758789062 1.3904731273651123 0.0794832706451416
 73984 0.025077342987060547 1.4024853706359863 0.07983613014221191
 74529 0.027147531509399414 1.3987839221954346 0.08063745498657227
 75076 0.02546381950378418 1.4245822429656982 0.08105158805847168
 75625 0.027573823928833008 1.4344780445098877 0.08170843124389648
 76176 0.025693416595458984 1.432586908340454 0.0822606086730957
 76729 0.02797222137451172 1.4583077430725098 0.08292388916015625
 77284 0.026183605194091797 1.4697234630584717 0.08321762084960938
 77841 0.02837371826171875 1.4651050567626953 0.08418416976928711
 78400 0.026576519012451172 1.492234706878662 0.08473873138427734
 78961 0.02880072593688965 1.5040314197540283 0.08536195755004883
 79524 0.026860475540161133 1.4994840621948242 0.0857844352722168
 80089 0.02921462059020996 1.5255846977233887 0.08670878410339355
 80656 0.027367115020751953 1.537980079650879 0.08710050582885742
 81225 0.029619216918945312 1.5328021049499512 0.08800244331359863
 81796 0.027806997299194336 1.5597188472747803 0.08842968940734863
 82369 0.03008294105529785 1.5726757049560547 0.08909440040588379
 82944 0.028148651123046875 1.5678069591522217 0.08955717086791992
 83521 0.030473947525024414 1.5955870151519775 0.09044098854064941
 84100 0.02858424186706543 1.607147455215454 0.0908358097076416
 84681 0.030884742736816406 1.6021816730499268 0.0915822982788086
 85264 0.029025793075561523 1.6310768127441406 0.0918586254119873
 85849 0.031369686126708984 1.6428215503692627 0.09291982650756836
 86436 0.0292205810546875 1.6378681659698486 0.09328866004943848
 87025 0.03174567222595215 1.6661949157714844 0.09419655799865723
 87616 0.02963399887084961 1.6793506145477295 0.09462499618530273
 88209 0.032160282135009766 1.6736359596252441 0.09542298316955566
 88804 0.03003692626953125 1.7042229175567627 0.0958702564239502
 89401 0.0326077938079834 1.715357780456543 0.09660029411315918
 90000 0.030443429946899414 1.7102863788604736 0.09685993194580078
 90601 0.03309965133666992 1.7402100563049316 0.09794425964355469
 91204 0.030916452407836914 1.752371072769165 0.0985715389251709
 91809 0.033443450927734375 1.746582269668579 0.09929537773132324
 92416 0.03128457069396973 1.777038812637329 0.0997929573059082
 93025 0.033945560455322266 1.7899415493011475 0.10040855407714844
 93636 0.0317683219909668 1.7825913429260254 0.1011955738067627
 94249 0.0344085693359375 1.8151061534881592 0.1018517017364502
 94864 0.03220343589782715 1.8270864486694336 0.1025390625
 95481 0.03482937812805176 1.8187355995178223 0.10338544845581055
 96100 0.032715797424316406 1.8521509170532227 0.10375571250915527
 96721 0.03532862663269043 1.8659358024597168 0.10444116592407227
 97344 0.03302717208862305 1.8578991889953613 0.10496902465820312
 97969 0.03576517105102539 1.8916740417480469 0.10614752769470215
 98596 0.033432960510253906 1.9035794734954834 0.10628890991210938
 99225 0.03612971305847168 1.8959789276123047 0.10745978355407715
 99856 0.033843040466308594 1.9291794300079346 0.10766243934631348
 100489 0.036701202392578125 1.9418048858642578 0.1085965633392334
 101124 0.03449726104736328 1.9337682723999023 0.10910677909851074
 101761 0.03715157508850098 1.9678337574005127 0.11022496223449707
 102400 0.0349423885345459 1.980717420578003 0.11051750183105469
 103041 0.03754615783691406 1.9728484153747559 0.1116631031036377
 103684 0.03512692451477051 2.0080981254577637 0.1120595932006836
 104329 0.03811979293823242 2.0202507972717285 0.11283421516418457
 104976 0.035532236099243164 2.0121347904205322 0.11325383186340332
 105625 0.0385584831237793 2.0478477478027344 0.11469578742980957
 106276 0.03605484962463379 2.0609054565429688 0.11449551582336426
 106929 0.039066314697265625 2.0496888160705566 0.11583280563354492
 107584 0.03658461570739746 2.089118003845215 0.11588144302368164
 108241 0.03955507278442383 2.1010937690734863 0.1171107292175293
 108900 0.03703737258911133 2.091322422027588 0.11737632751464844
 109561 0.040045738220214844 2.1290693283081055 0.11878466606140137
 110224 0.03734946250915527 2.1407198905944824 0.11907505989074707
 110889 0.0404052734375 2.1296634674072266 0.11983847618103027
 111556 0.037747859954833984 2.1687583923339844 0.12048864364624023
 112225 0.041016578674316406 2.1826984882354736 0.12124514579772949
 112896 0.03832221031188965 2.171505928039551 0.12169885635375977
 113569 0.04143381118774414 2.210063934326172 0.1226959228515625
 114244 0.03879809379577637 2.2243242263793945 0.1234586238861084
 114921 0.04197573661804199 2.2106688022613525 0.12422704696655273
 115600 0.03923606872558594 2.252155303955078 0.12471461296081543
 116281 0.04250049591064453 2.2663168907165527 0.12604475021362305
 116964 0.03971529006958008 2.2539589405059814 0.1261746883392334
 117649 0.04298067092895508 2.294048309326172 0.12716031074523926
 118336 0.04017496109008789 2.306532144546509 0.12767529487609863
 119025 0.043493032455444336 2.2946200370788574 0.12887024879455566
 119716 0.040685176849365234 2.3371050357818604 0.1291029453277588
 120409 0.04401040077209473 2.351105213165283 0.13040661811828613
 121104 0.0409846305847168 2.337167739868164 0.1306166648864746
 121801 0.044426679611206055 2.3797881603240967 0.13183093070983887
 122500 0.04164433479309082 2.393538236618042 0.13211870193481445
 123201 0.04514932632446289 2.378727674484253 0.1334376335144043
 123904 0.042130231857299805 2.422614574432373 0.13371634483337402
 124609 0.04549098014831543 2.437065601348877 0.1351757049560547
 125316 0.04273271560668945 2.422279119491577 0.13555002212524414
 126025 0.04598355293273926 2.4633586406707764 0.13628768920898438
 126736 0.043097496032714844 2.4823381900787354 0.13687849044799805
 127449 0.04651522636413574 2.4659674167633057 0.13802433013916016
 128164 0.04355669021606445 2.5106334686279297 0.13813471794128418
 128881 0.043961524963378906 2.52483868598938 0.13967657089233398
 129600 0.04388165473937988 2.507071018218994 0.14007234573364258
 130321 0.04428529739379883 2.552757978439331 0.14095759391784668
 131044 0.04455733299255371 2.5696375370025635 0.14213252067565918
 131769 0.048212528228759766 2.5537109375 0.14278888702392578
 132496 0.04519987106323242 2.5980570316314697 0.1429424285888672
 133225 0.04861307144165039 2.614941358566284 0.14431405067443848
 133956 0.04549002647399902 2.5969009399414062 0.14438152313232422
 134689 0.04915475845336914 2.6434192657470703 0.1456136703491211
 135424 0.04595541954040527 2.6582014560699463 0.1459200382232666
 136161 0.04966282844543457 2.6428494453430176 0.14743828773498535
 136900 0.0463719367980957 2.689282178878784 0.14806342124938965
 137641 0.04696345329284668 2.705026865005493 0.14911794662475586
 138384 0.047051429748535156 2.686990976333618 0.14979910850524902
 139129 0.04745984077453613 2.7347829341888428 0.15049529075622559
 139876 0.04746651649475098 2.750399112701416 0.15122246742248535
 140625 0.05125069618225098 2.7294187545776367 0.15242338180541992
 141376 0.048108577728271484 2.7812001705169678 0.15285730361938477
 142129 0.05190873146057129 2.797773838043213 0.1541576385498047
 142884 0.048441171646118164 2.777320623397827 0.15411949157714844
 143641 0.05240988731384277 2.829991340637207 0.1556684970855713
 144400 0.04909348487854004 2.8432538509368896 0.15601491928100586
 145161 0.05301380157470703 2.8215079307556152 0.15731382369995117
 145924 0.04941225051879883 2.8752312660217285 0.1576981544494629
 146689 0.05351090431213379 2.8923685550689697 0.15885066986083984
 147456 0.04992222785949707 2.871363878250122 0.1591804027557373
 148225 0.05411958694458008 2.9205245971679688 0.16029810905456543
 148996 0.050916433334350586 2.9409825801849365 0.16105389595031738
 149769 0.054648637771606445 2.917706251144409 0.16210198402404785
 150544 0.051146745681762695 2.970928430557251 0.1626420021057129
 151321 0.05524468421936035 2.9860270023345947 0.16383600234985352
 152100 0.051676034927368164 2.9631707668304443 0.1638631820678711
 152881 0.055808067321777344 3.0160751342773438 0.16566038131713867
 153664 0.05239439010620117 3.0342671871185303 0.16622447967529297
 154449 0.05648303031921387 3.009798049926758 0.16724586486816406
 155236 0.052706241607666016 3.067300796508789 0.16770458221435547
 156025 0.05695652961730957 3.0796151161193848 0.16908979415893555
 156816 0.05349850654602051 3.0610899925231934 0.16907954216003418
 157609 0.057650089263916016 3.1175551414489746 0.17087697982788086
 158404 0.053900718688964844 3.1342365741729736 0.17109918594360352
 159201 0.05813932418823242 3.108206033706665 0.17193603515625
 160000 0.054480791091918945 3.1640853881835938 0.17287778854370117
 160801 0.05873537063598633 3.179150104522705 0.17359185218811035
 161604 0.05483579635620117 3.158346652984619 0.174760103225708
 162409 0.059230804443359375 3.214564800262451 0.1755979061126709
 163216 0.05569791793823242 3.2294156551361084 0.1763591766357422
 164025 0.05985903739929199 3.207346200942993 0.17771244049072266
 164836 0.055956363677978516 3.264899253845215 0.1780099868774414
 165649 0.06205415725708008 3.280125379562378 0.1793193817138672
 166464 0.058081626892089844 3.2582530975341797 0.17917490005493164
 167281 0.06244087219238281 3.312865734100342 0.18097352981567383
 168100 0.05878138542175293 3.3307507038116455 0.18084239959716797
 168921 0.06299757957458496 3.3053438663482666 0.18242716789245605
 169744 0.05932140350341797 3.365767002105713 0.18306946754455566
 170569 0.0636439323425293 3.3833673000335693 0.1839613914489746
 171396 0.05980515480041504 3.3565354347229004 0.18445110321044922
 172225 0.06424498558044434 3.416172981262207 0.18570375442504883
 173056 0.06018686294555664 3.432758331298828 0.18630099296569824
 173889 0.06492137908935547 3.4088525772094727 0.1881246566772461
 174724 0.0609126091003418 3.4689807891845703 0.1885843276977539
 175561 0.06562113761901855 3.4836349487304688 0.1897602081298828
 176400 0.0611577033996582 3.457637071609497 0.19028615951538086
 177241 0.06610798835754395 3.5211703777313232 0.19097423553466797
 178084 0.06203269958496094 3.5384695529937744 0.19217395782470703
 178929 0.06674718856811523 3.508805990219116 0.1932668685913086
 179776 0.06251859664916992 3.571495771408081 0.1938948631286621
 180625 0.0674130916595459 3.590524435043335 0.19512081146240234
 181476 0.06324219703674316 3.56146502494812 0.19629502296447754
 182329 0.06805920600891113 3.6270740032196045 0.19746637344360352
 183184 0.06396055221557617 3.6438941955566406 0.19727778434753418
 184041 0.0686945915222168 3.6119534969329834 0.19878458976745605
 184900 0.06439971923828125 3.6806445121765137 0.19973468780517578
 185761 0.06927895545959473 3.6972293853759766 0.2010514736175537
 186624 0.06495904922485352 3.66544771194458 0.20119333267211914
 187489 0.0700218677520752 3.7325170040130615 0.20245814323425293
 188356 0.06554675102233887 3.7501561641693115 0.20348906517028809
 189225 0.07056069374084473 3.717632293701172 0.20484256744384766
 190096 0.06615877151489258 3.7872161865234375 0.20521259307861328
 190969 0.07123327255249023 3.8021883964538574 0.20670533180236816
 191844 0.06694245338439941 3.7713794708251953 0.2072138786315918
 192721 0.07189750671386719 3.84023380279541 0.2087550163269043
 193600 0.0674598217010498 3.857590436935425 0.20867681503295898
 194481 0.07250499725341797 3.8242499828338623 0.2100541591644287
 195364 0.06811356544494629 3.893071174621582 0.2105860710144043
 196249 0.0730736255645752 3.9158263206481934 0.21196794509887695
 197136 0.06849527359008789 3.8794660568237305 0.21241164207458496
 198025 0.07388544082641602 3.9519100189208984 0.21387648582458496
 198916 0.06927967071533203 3.9678947925567627 0.21475434303283691
 199809 0.07447648048400879 3.9338467121124268 0.2161271572113037
 200704 0.0698537826538086 4.006176948547363 0.21630215644836426
 201601 0.07533121109008789 4.024433135986328 0.21761393547058105
 202500 0.07040190696716309 3.986823081970215 0.21861052513122559
 203401 0.07576107978820801 4.0630433559417725 0.22014284133911133
 204304 0.07120108604431152 4.079264879226685 0.22009706497192383
 205209 0.07655620574951172 4.043200969696045 0.2214491367340088
 206116 0.07170462608337402 4.1212615966796875 0.22257328033447266
 207025 0.07718968391418457 4.135765790939331 0.22405219078063965
 207936 0.07218289375305176 4.099615097045898 0.223860502243042
 208849 0.07778501510620117 4.177060842514038 0.22543787956237793
 209764 0.07293558120727539 4.190845966339111 0.22643184661865234
 210681 0.07839727401733398 4.156919956207275 0.2277820110321045
 211600 0.07344388961791992 4.2323524951934814 0.2285459041595459
 212521 0.07929611206054688 4.248316287994385 0.22988653182983398
 213444 0.07436823844909668 4.212331295013428 0.23057246208190918
 214369 0.08006906509399414 4.2899556159973145 0.2319808006286621
 215296 0.07491040229797363 4.305518388748169 0.23227310180664062
 216225 0.08057904243469238 4.2642998695373535 0.23293781280517578
 217156 0.07561159133911133 4.346375942230225 0.23426342010498047
 218089 0.08130979537963867 4.3655476570129395 0.23566246032714844
 219024 0.07607483863830566 4.323807001113892 0.23586297035217285
 219961 0.08212494850158691 4.4059529304504395 0.23726248741149902
 220900 0.0769345760345459 4.4241814613342285 0.23760294914245605
 221841 0.08262372016906738 4.381974697113037 0.23932623863220215
 222784 0.07733917236328125 4.460849046707153 0.23972582817077637
 223729 0.08338427543640137 4.482068300247192 0.24138545989990234
 224676 0.07807230949401855 4.44001841545105 0.2424466609954834
 225625 0.08406949043273926 4.520686626434326 0.24406981468200684
 226576 0.07867789268493652 4.541816473007202 0.24446654319763184
 227529 0.08474254608154297 4.49878191947937 0.24597644805908203
 228484 0.07953834533691406 4.584401369094849 0.24614477157592773
 229441 0.08548831939697266 4.597825765609741 0.24728727340698242
 230400 0.07991170883178711 4.555672883987427 0.24855279922485352
 231361 0.08036971092224121 4.638883352279663 0.25001025199890137
 232324 0.08126640319824219 4.661971807479858 0.2500154972076416
 233289 0.08120417594909668 4.615944862365723 0.2516207695007324
 234256 0.08162403106689453 4.697904109954834 0.2531547546386719
 235225 0.08803796768188477 4.720342636108398 0.254178524017334
 236196 0.08245658874511719 4.674467086791992 0.2545299530029297
 237169 0.08857893943786621 4.760401487350464 0.25612926483154297
 238144 0.08326530456542969 4.783303737640381 0.2560770511627197
 239121 0.08927106857299805 4.7341063022613525 0.25771117210388184
 240100 0.08364224433898926 4.820478916168213 0.25893163681030273
 241081 0.08998489379882812 4.840861082077026 0.26035261154174805
 242064 0.08443546295166016 4.792884111404419 0.2603616714477539
 243049 0.09093499183654785 4.884811162948608 0.26244473457336426
 244036 0.08495330810546875 4.906174421310425 0.26233386993408203
 245025 0.08554911613464355 4.853096961975098 0.263918399810791
 246016 0.08571076393127441 4.946979999542236 0.2656435966491699
 247009 0.08598136901855469 4.961381912231445 0.26624560356140137
 248004 0.08631253242492676 4.91707968711853 0.26712894439697266
 249001 0.08673381805419922 5.004410743713379 0.2682192325592041
 250000 0.09331965446472168 5.024763107299805 0.27011585235595703
 251001 0.08727478981018066 4.977329969406128 0.2703592777252197
 252004 0.0939173698425293 5.069912433624268 0.27146100997924805
 253009 0.08827090263366699 5.084741115570068 0.2718081474304199
 254016 0.09486174583435059 5.036217451095581 0.27421045303344727
 255025 0.08904194831848145 5.128823518753052 0.274524450302124
 256036 0.09554314613342285 5.150513410568237 0.27650904655456543
 257049 0.08943486213684082 5.099285125732422 0.27675509452819824
 258064 0.09631752967834473 5.191612958908081 0.27805161476135254
 259081 0.09020781517028809 5.21544623374939 0.2783646583557129
 260100 0.0970313549041748 5.160186290740967 0.2801229953765869
 261121 0.09101176261901855 5.253936290740967 0.28121519088745117
 262144 0.09799528121948242 5.276687145233154 0.28215956687927246
 263169 0.09157037734985352 5.224264860153198 0.282395601272583
 264196 0.09870052337646484 5.3214404582977295 0.2842106819152832
 265225 0.09219217300415039 5.341338634490967 0.28490614891052246
 266256 0.0992422103881836 5.287217855453491 0.2872903347015381
 267289 0.09308004379272461 5.38252329826355 0.2878842353820801
 268324 0.10021758079528809 5.403736352920532 0.28899431228637695
 269361 0.09384417533874512 5.352419853210449 0.28966379165649414
 270400 0.1011354923248291 5.451847314834595 0.29177284240722656
 271441 0.09463644027709961 5.470109701156616 0.2922818660736084
 272484 0.10168600082397461 5.414730072021484 0.2939438819885254
 273529 0.09543085098266602 5.513036727905273 0.29447102546691895
 274576 0.10242199897766113 5.534684658050537 0.2953314781188965
 275625 0.09610676765441895 5.476025581359863 0.2958066463470459
 276676 0.10327911376953125 5.576580762863159 0.2976188659667969
 277729 0.09690189361572266 5.600808143615723 0.2980771064758301
 278784 0.10394406318664551 5.542454719543457 0.30074262619018555
 279841 0.09774208068847656 5.644872426986694 0.30147600173950195
 280900 0.10495424270629883 5.666534662246704 0.30301761627197266
 281961 0.09832310676574707 5.607146263122559 0.30336618423461914
 283024 0.1053779125213623 5.710742950439453 0.30444884300231934
 284089 0.09908342361450195 5.732892990112305 0.30480217933654785
 285156 0.10627913475036621 5.670884609222412 0.30746936798095703
 286225 0.09989452362060547 5.778631210327148 0.30800509452819824
 287296 0.10730481147766113 5.798857688903809 0.309128999710083
 288369 0.10026240348815918 5.7385313510894775 0.309279203414917
 289444 0.10808730125427246 5.843163728713989 0.31105947494506836
 290521 0.1012413501739502 5.866663455963135 0.3116772174835205
 291600 0.10898590087890625 5.805601358413696 0.3144416809082031
 292681 0.10191798210144043 5.906000137329102 0.315288782119751
 293764 0.10966992378234863 5.934763669967651 0.3166012763977051
 294849 0.10378861427307129 5.8721537590026855 0.31726956367492676
 295936 0.1116175651550293 5.97866678237915 0.318270206451416
 297025 0.1043844223022461 6.001866817474365 0.3187870979309082
 298116 0.11236429214477539 5.937230110168457 0.321789026260376
 299209 0.10528683662414551 6.047010898590088 0.32169270515441895
 300304 0.11302018165588379 6.072158336639404 0.32344675064086914
 301401 0.10615372657775879 6.00610876083374 0.32457399368286133
 302500 0.11389040946960449 6.118758916854858 0.3251354694366455
 303601 0.10661888122558594 6.140467405319214 0.325789213180542
 304704 0.11491942405700684 6.073198080062866 0.32746100425720215
 305809 0.1073007583618164 6.18349289894104 0.3280332088470459
 306916 0.11573314666748047 6.209074974060059 0.3307971954345703
 308025 0.1084902286529541 6.139912128448486 0.3311476707458496
 309136 0.11644935607910156 6.252666234970093 0.3330061435699463
 310249 0.1090383529663086 6.276050329208374 0.33292317390441895
 311364 0.1169123649597168 6.208790302276611 0.3355288505554199
 312481 0.1102297306060791 6.323854446411133 0.33617186546325684
 313600 0.11782026290893555 6.346526145935059 0.33706068992614746
 314721 0.11052417755126953 6.275640487670898 0.33775877952575684
 315844 0.11876654624938965 6.38924503326416 0.34047985076904297
 316969 0.11169719696044922 6.414291143417358 0.34064769744873047
 318096 0.1196129322052002 6.346694231033325 0.3417999744415283
 319225 0.11218929290771484 6.461778402328491 0.34247922897338867
 320356 0.1203765869140625 6.487255811691284 0.34530115127563477
 321489 0.11322212219238281 6.413567304611206 0.34569239616394043
 322624 0.12135672569274902 6.5327064990997314 0.3478066921234131
 323761 0.11351847648620605 6.559088945388794 0.3479154109954834
 324900 0.12227606773376465 6.487176418304443 0.3491802215576172
 326041 0.11447286605834961 6.6048054695129395 0.3498094081878662
 327184 0.12334847450256348 6.628314971923828 0.3527195453643799
 328329 0.11506104469299316 6.553460121154785 0.351712703704834
 329476 0.1239931583404541 6.675917625427246 0.3547666072845459
 330625 0.1161489486694336 6.698289632797241 0.35575389862060547
 331776 0.12479758262634277 6.625042200088501 0.3573470115661621
 332929 0.11705875396728516 6.748237133026123 0.3582344055175781
 334084 0.12523913383483887 6.771505117416382 0.35921549797058105
 335241 0.11750292778015137 6.694775819778442 0.359452486038208
 336400 0.1266474723815918 6.816234111785889 0.3612971305847168
 337561 0.11794328689575195 6.8449180126190186 0.3620164394378662
 338724 0.1272578239440918 6.767348051071167 0.363553524017334
 339889 0.11836838722229004 6.892033100128174 0.3644449710845947
 341056 0.1282343864440918 6.916914224624634 0.36765456199645996
 342225 0.12001562118530273 6.83758020401001 0.3673369884490967
 343396 0.12912487983703613 6.962763071060181 0.3687312602996826
 344569 0.1211087703704834 6.993402481079102 0.3691425323486328
 345744 0.13014864921569824 6.913922071456909 0.37108850479125977
 346921 0.12194156646728516 7.040240526199341 0.37186384201049805
 348100 0.13104844093322754 7.065401554107666 0.3745903968811035
 349281 0.12227439880371094 6.982803821563721 0.37497568130493164
 350464 0.13173890113830566 7.114180326461792 0.3762633800506592
 351649 0.12368917465209961 7.135026693344116 0.37674641609191895
 352836 0.1325361728668213 7.054666042327881 0.38012123107910156
 354025 0.12392067909240723 7.185086250305176 0.38022446632385254
 355216 0.13340473175048828 7.210651636123657 0.3826174736022949
 356409 0.12458562850952148 7.131043434143066 0.3828141689300537
 357604 0.13417649269104004 7.265641927719116 0.3839583396911621
 358801 0.12580299377441406 7.289105176925659 0.3843679428100586
 360000 0.1342334747314453 7.207538366317749 0.387345552444458
 361201 0.12670612335205078 7.33604097366333 0.3878939151763916
 362404 0.13620424270629883 7.363769769668579 0.3896474838256836
 363609 0.12728404998779297 7.276759624481201 0.3902585506439209
 364816 0.12812161445617676 7.415947914123535 0.3921973705291748
 366025 0.12863802909851074 7.4337852001190186 0.3927500247955322
 367236 0.12890148162841797 7.355973243713379 0.39409899711608887
 368449 0.12932991981506348 7.483074903488159 0.3956143856048584
 369664 0.13881301879882812 7.509977102279663 0.3966104984283447
 370881 0.12980437278747559 7.424755573272705 0.3969709873199463
 372100 0.13986682891845703 7.5653111934661865 0.3998744487762451
 373321 0.13095307350158691 7.589653015136719 0.4011821746826172
 374544 0.1403350830078125 7.501644849777222 0.4015483856201172
 375769 0.13176441192626953 7.638818264007568 0.40231943130493164
 376996 0.14165520668029785 7.663965940475464 0.40545010566711426
 378225 0.1323864459991455 7.579979658126831 0.4062373638153076
 379456 0.14235424995422363 7.712439298629761 0.40707993507385254
 380689 0.13367176055908203 7.738779306411743 0.4076054096221924
 381924 0.14335989952087402 7.652305364608765 0.41060400009155273
 383161 0.1341383457183838 7.799533367156982 0.40982580184936523
 384400 0.14427852630615234 7.817450046539307 0.41208457946777344
 385641 0.13501405715942383 7.728290557861328 0.41242408752441406
 386884 0.14531254768371582 7.870293140411377 0.4146616458892822
 388129 0.1362147331237793 7.897041082382202 0.4155147075653076
 389376 0.14612150192260742 7.803875684738159 0.4186124801635742
 390625 0.1366438865661621 7.948531866073608 0.41905856132507324
 391876 0.1470966339111328 7.972249746322632 0.4201054573059082
 393129 0.1377711296081543 7.8831799030303955 0.4204120635986328
 394384 0.1481308937072754 8.029648303985596 0.4239065647125244
 395641 0.13896393775939941 8.05510425567627 0.4244728088378906
 396900 0.14879465103149414 7.956594228744507 0.4253201484680176
 398161 0.13925814628601074 8.106430292129517 0.4260275363922119
 399424 0.14968299865722656 8.135290384292603 0.4280400276184082
 400689 0.14049839973449707 8.041023015975952 0.4286839962005615
 401956 0.15081334114074707 8.186427116394043 0.43184709548950195
 403225 0.14120864868164062 8.207574367523193 0.43084287643432617
 404496 0.15143918991088867 8.119635581970215 0.43461012840270996
 405769 0.14193201065063477 8.261247873306274 0.43518829345703125
 407044 0.1525883674621582 8.294002771377563 0.4377601146697998
 408321 0.14288735389709473 8.190924406051636 0.43773365020751953
 409600 0.15391325950622559 8.345740795135498 0.4392275810241699
 410881 0.1437063217163086 8.36873984336853 0.439495325088501
 412164 0.1549084186553955 8.269325494766235 0.4416632652282715
 413449 0.14480185508728027 8.422232866287231 0.4424736499786377
 414736 0.1554584503173828 8.450427293777466 0.4446539878845215
 416025 0.14580416679382324 8.350942611694336 0.4445931911468506
 417316 0.15619373321533203 8.509907960891724 0.44797229766845703
 418609 0.14647459983825684 8.53874945640564 0.44869017601013184
 419904 0.15733957290649414 8.427355527877808 0.44991397857666016
 421201 0.14720463752746582 8.585739135742188 0.4500765800476074
 422500 0.15839433670043945 8.610236406326294 0.4536783695220947
 423801 0.14827299118041992 8.512155771255493 0.4534482955932617
 425104 0.15935730934143066 8.6654691696167 0.4566466808319092
 426409 0.14963626861572266 8.693432807922363 0.4572029113769531
 427716 0.1602792739868164 8.591519832611084 0.4584066867828369
 429025 0.15007305145263672 8.748531341552734 0.45887303352355957
 430336 0.16137290000915527 8.774631977081299 0.46106386184692383
 431649 0.1515026092529297 8.669617652893066 0.46146154403686523
 432964 0.1620163917541504 8.833876848220825 0.4638822078704834
 434281 0.15202760696411133 8.861799955368042 0.4640357494354248
 435600 0.1629643440246582 8.75157642364502 0.46803855895996094
 436921 0.15301012992858887 8.911810636520386 0.46823740005493164
 438244 0.16423892974853516 8.944331407546997 0.4704732894897461
 439569 0.15360522270202637 8.837054252624512 0.47106146812438965
 440896 0.16512799263000488 8.996638298034668 0.4723813533782959
 442225 0.15454411506652832 9.027384519577026 0.47248029708862305
 443556 0.1662142276763916 8.913898706436157 0.4749948978424072
 444889 0.15548038482666016 9.083287000656128 0.47567272186279297
 446224 0.1670827865600586 9.109074592590332 0.4789614677429199
 447561 0.15630483627319336 8.996233701705933 0.47974371910095215
 448900 0.16819500923156738 9.160351991653442 0.4804725646972656
 450241 0.1576554775238037 9.193255424499512 0.48083925247192383
 451584 0.16900062561035156 9.091562986373901 0.48738574981689453
 452929 0.15812373161315918 9.309136629104614 0.4871401786804199
 454276 0.17014455795288086 9.275403499603271 0.48845505714416504
 455625 0.15919971466064453 9.16159987449646 0.4883999824523926
 456976 0.17122936248779297 9.329144954681396 0.4913909435272217
 458329 0.1601886749267578 9.364758253097534 0.49149274826049805
 459684 0.1720871925354004 9.25120735168457 0.4935610294342041
 461041 0.16125702857971191 9.417776346206665 0.4935123920440674
 462400 0.17307257652282715 9.44636607170105 0.4946882724761963
 463761 0.16197967529296875 9.327822923660278 0.4950594902038574
 465124 0.17433786392211914 9.497972011566162 0.49723052978515625
 466489 0.16297364234924316 9.527769327163696 0.4985463619232178
 467856 0.1751089096069336 9.410853624343872 0.5006983280181885
 469225 0.16380786895751953 9.582915306091309 0.501105785369873
 470596 0.17624235153198242 9.617521524429321 0.5039217472076416
 471969 0.16465091705322266 9.49595308303833 0.5042176246643066
 473344 0.17726492881774902 9.678428411483765 0.5075125694274902
 474721 0.1658186912536621 9.706843376159668 0.5083119869232178
 476100 0.1780688762664795 9.581119060516357 0.5108468532562256
 477481 0.1670694351196289 9.7574942111969 0.5115752220153809
 478864 0.1794731616973877 9.78730034828186 0.5129780769348145
 480249 0.16789650917053223 9.66535234451294 0.5129625797271729
 481636 0.1806347370147705 9.841721534729004 0.5174529552459717
 483025 0.16878223419189453 9.873002052307129 0.5176982879638672
 484416 0.18133234977722168 9.755631685256958 0.5184342861175537
 485809 0.16989564895629883 9.931293249130249 0.5188896656036377
 487204 0.18263769149780273 9.963475942611694 0.5227451324462891
 488601 0.17067384719848633 9.843729257583618 0.523681640625
 490000 0.18353748321533203 10.01952576637268 0.525493860244751
 491401 0.1717824935913086 10.052479267120361 0.5258901119232178
 492804 0.18455076217651367 9.920497179031372 0.5270512104034424
 494209 0.17269611358642578 10.105396747589111 0.5274765491485596
 495616 0.18564486503601074 10.142744302749634 0.5302517414093018
 497025 0.17354893684387207 10.013026714324951 0.5304100513458252
 498436 0.18657612800598145 10.19701337814331 0.5347487926483154
 499849 0.17472624778747559 10.224318981170654 0.5348024368286133
 501264 0.1877598762512207 10.09678053855896 0.5364265441894531
 502681 0.17534780502319336 10.287425756454468 0.536527156829834
 504100 0.18881726264953613 10.315073013305664 0.5397818088531494
 505521 0.1769716739654541 10.181259155273438 0.5394268035888672
 506944 0.18977117538452148 10.373124599456787 0.5422041416168213
 508369 0.1775219440460205 10.403047561645508 0.5430910587310791
 509796 0.19061899185180664 10.270803451538086 0.5465283393859863
 511225 0.17852115631103516 10.45777440071106 0.5470185279846191
 512656 0.19184184074401855 10.489362239837646 0.5498251914978027
 514089 0.17934226989746094 10.357010126113892 0.5497372150421143
 515524 0.1929929256439209 10.550704717636108 0.5528128147125244
 516961 0.1807713508605957 10.58047103881836 0.5529181957244873
 518400 0.19392752647399902 10.451900720596313 0.5541667938232422
 519841 0.1813795566558838 10.642228364944458 0.5550169944763184
 521284 0.1951141357421875 10.677497148513794 0.559168815612793
 522729 0.18256902694702148 10.536892890930176 0.5591976642608643
 524176 0.19596123695373535 10.737311840057373 0.5602259635925293
 525625 0.18344831466674805 10.763637065887451 0.560539960861206
 527076 0.197340726852417 10.638143301010132 0.5650436878204346
 528529 0.18429112434387207 10.820712804794312 0.565493106842041
 529984 0.19850611686706543 10.853476762771606 0.5666205883026123
 531441 0.185469388961792 10.718030214309692 0.5672144889831543
 532900 0.19945764541625977 10.916778087615967 0.5693049430847168
 534361 0.18686699867248535 10.946605443954468 0.5704207420349121
 535824 0.20043015480041504 10.80767297744751 0.5744795799255371
 537289 0.18761515617370605 11.008091926574707 0.5758540630340576
 538756 0.18831491470336914 11.038318157196045 0.5759341716766357
 540225 0.18862080574035645 10.898413181304932 0.5768318176269531
 541696 0.1890256404876709 11.102638244628906 0.5790441036224365
 543169 0.18977808952331543 11.130651712417603 0.5797569751739502
 544644 0.2035520076751709 10.987808465957642 0.581723690032959
 546121 0.19104361534118652 11.20374345779419 0.582528829574585
 547600 0.20470261573791504 11.225928544998169 0.5862329006195068
 549081 0.19141221046447754 11.078457832336426 0.5868525505065918
 550564 0.20583796501159668 11.283076286315918 0.5895745754241943
 552049 0.1927189826965332 11.3076753616333 0.5898587703704834
 553536 0.206984281539917 11.169409275054932 0.5914325714111328
 555025 0.19385027885437012 11.380434274673462 0.5925290584564209
 556516 0.20811676979064941 11.4069983959198 0.595421552658081
 558009 0.19477319717407227 11.26814889907837 0.5968821048736572
 559504 0.1951463222503662 11.481818199157715 0.59702467918396
 561001 0.19619512557983398 11.50219988822937 0.5992031097412109
 562500 0.19607281684875488 11.347908735275269 0.6007835865020752
 564001 0.19688177108764648 11.568000316619873 0.6011641025543213
 565504 0.19736361503601074 11.591160774230957 0.6023950576782227
 567009 0.2118527889251709 11.453206777572632 0.6058099269866943
 568516 0.19826650619506836 11.667301416397095 0.6071228981018066
 570025 0.21318459510803223 11.692230939865112 0.6104183197021484
 571536 0.19888758659362793 11.5500168800354 0.6092491149902344
 573049 0.21422696113586426 11.753326416015625 0.6113793849945068
 574564 0.20011138916015625 11.789945125579834 0.6133198738098145
 576081 0.21518802642822266 11.633747339248657 0.6164910793304443
 577600 0.20144939422607422 11.848129272460938 0.6151995658874512
 579121 0.21660447120666504 11.882097959518433 0.6188488006591797
 580644 0.20228052139282227 11.72682785987854 0.6201057434082031
 582169 0.21754002571105957 11.943332195281982 0.6219832897186279
 583696 0.20195221900939941 11.977162837982178 0.6235396862030029
 585225 0.21867799758911133 11.815679550170898 0.6257059574127197
 586756 0.20475196838378906 12.03993010520935 0.6255273818969727
 588289 0.22018074989318848 12.072129726409912 0.6281089782714844
 589824 0.20582818984985352 11.919339418411255 0.63002610206604
 591361 0.2209000587463379 12.13259506225586 0.6330235004425049
 592900 0.20688533782958984 12.166369199752808 0.6312925815582275
 594441 0.22208952903747559 12.012887716293335 0.6347982883453369
 595984 0.20787572860717773 12.234922409057617 0.6348063945770264
 597529 0.22321605682373047 12.271014928817749 0.6373040676116943
 599076 0.20895004272460938 12.109323740005493 0.6393442153930664
 600625 0.22431612014770508 12.328304052352905 0.6422903537750244
 602176 0.21015262603759766 12.366246938705444 0.6416125297546387
 603729 0.22525858879089355 12.201167583465576 0.6446797847747803
 605284 0.21107268333435059 12.426192998886108 0.6446890830993652
 606841 0.22708511352539062 12.456866979598999 0.6476457118988037
 608400 0.21187615394592285 12.30124044418335 0.6495392322540283
 609961 0.22795462608337402 12.526195764541626 0.6525475978851318
 611524 0.21338820457458496 12.55737566947937 0.652902364730835
 613089 0.22898221015930176 12.401293992996216 0.6556804180145264
 614656 0.21425962448120117 12.619483709335327 0.6544203758239746
 616225 0.23007774353027344 12.654232501983643 0.6577928066253662
 617796 0.21526479721069336 12.493391513824463 0.6574215888977051
 619369 0.23136281967163086 12.719792127609253 0.6601567268371582
 620944 0.21648430824279785 12.756316661834717 0.6628978252410889
 622521 0.23231005668640137 12.59213900566101 0.6656718254089355
 624100 0.21762967109680176 12.822510242462158 0.6648204326629639
 625681 0.23376965522766113 12.851508855819702 0.6674602031707764
 627264 0.21848034858703613 12.685147047042847 0.6682531833648682
 628849 0.23487234115600586 12.925416946411133 0.6711652278900146
 630436 0.21965551376342773 12.957212209701538 0.6728129386901855
 632025 0.23604249954223633 12.7847261428833 0.6764392852783203
 633616 0.22074413299560547 13.020195722579956 0.6751697063446045
 635209 0.23732876777648926 13.057246685028076 0.6779453754425049
 636804 0.22168564796447754 12.887000799179077 0.6782615184783936
 638401 0.23844432830810547 13.112022638320923 0.6814143657684326
 640000 0.2230393886566162 13.162489652633667 0.6827704906463623
 641601 0.239851713180542 12.98798680305481 0.6857035160064697
 643204 0.22397804260253906 13.22424840927124 0.6848146915435791
 644809 0.24083232879638672 13.252357959747314 0.6881494522094727
 646416 0.22504901885986328 13.08212399482727 0.6877799034118652
 648025 0.24171233177185059 13.319283485412598 0.6918022632598877
 649636 0.22651100158691406 13.358082056045532 0.6931233406066895
 651249 0.2430119514465332 13.18775463104248 0.6966423988342285
 652864 0.2274777889251709 13.41958212852478 0.6968934535980225
 654481 0.24445605278015137 13.45785117149353 0.6991307735443115
 656100 0.2283463478088379 13.274455308914185 0.6995830535888672
 657721 0.2456190586090088 13.521538019180298 0.7029120922088623
 659344 0.22983932495117188 13.56118106842041 0.7012844085693359
 660969 0.24697613716125488 13.38120412826538 0.7049636840820312
 662596 0.23085427284240723 13.62274694442749 0.704129695892334
 664225 0.24814987182617188 13.656790018081665 0.7079877853393555
 665856 0.23202300071716309 13.483533382415771 0.7101447582244873
 667489 0.24925589561462402 13.727994203567505 0.7137236595153809
 669124 0.23308348655700684 13.766706705093384 0.7116899490356445
 670761 0.25038909912109375 13.582475185394287 0.7147622108459473
 672400 0.23414063453674316 13.830475807189941 0.7164897918701172
 674041 0.25171422958374023 13.864735126495361 0.720503568649292
 675684 0.23509550094604492 13.678779602050781 0.7183084487915039
 677329 0.252993106842041 13.932265996932983 0.7220339775085449
 678976 0.2364969253540039 13.96032428741455 0.7221758365631104
 680625 0.254103422164917 13.78877568244934 0.7252776622772217
 682276 0.23760199546813965 14.03136134147644 0.7255804538726807
 683929 0.25486302375793457 14.068904638290405 0.7287137508392334
 685584 0.238661527633667 13.883287906646729 0.731074333190918
 687241 0.2565903663635254 14.141727924346924 0.7347040176391602
 688900 0.23981571197509766 14.181458473205566 0.7325689792633057
 690561 0.25762319564819336 13.984989166259766 0.7356054782867432
 692224 0.24113106727600098 14.245618104934692 0.7358193397521973
 693889 0.25899577140808105 14.274314403533936 0.7392594814300537
 695556 0.2417452335357666 14.086542844772339 0.7414143085479736
 697225 0.260159969329834 14.355422973632812 0.7444429397583008
 698896 0.24365806579589844 14.375761985778809 0.7453854084014893
 700569 0.2613339424133301 14.18984842300415 0.7471988201141357
 702244 0.24449491500854492 14.453410148620605 0.7460088729858398
 703921 0.26250123977661133 14.489805698394775 0.749570369720459
 705600 0.24545764923095703 14.306508779525757 0.752812385559082
 707281 0.2638106346130371 14.555267572402954 0.7550427913665771
 708964 0.24712395668029785 14.590788125991821 0.7549867630004883
 710649 0.265026330947876 14.411332607269287 0.7567942142486572
 712336 0.24819540977478027 14.662400722503662 0.7587339878082275
 714025 0.2664921283721924 14.698186874389648 0.7621119022369385
 715716 0.24895238876342773 14.512917757034302 0.7601830959320068
 717409 0.2678244113922119 14.775314569473267 0.7641968727111816
 719104 0.2503316402435303 14.801069498062134 0.7670142650604248
 720801 0.2687215805053711 14.60411548614502 0.769951343536377
 722500 0.25148606300354004 14.884671449661255 0.7684133052825928
 724201 0.270125150680542 14.9163498878479 0.7715270519256592
 725904 0.25234174728393555 14.717091083526611 0.7708516120910645
 727609 0.27134251594543457 14.991010427474976 0.77370285987854
 729316 0.2538795471191406 15.035054445266724 0.7773804664611816
 731025 0.27266716957092285 14.831881523132324 0.780280590057373
 732736 0.25507068634033203 15.09542727470398 0.7789506912231445
 734449 0.27402710914611816 15.135650873184204 0.7828571796417236
 736164 0.25589632987976074 14.927076816558838 0.7818045616149902
 737881 0.2751328945159912 15.20022177696228 0.7856054306030273
 739600 0.2578005790710449 15.240504741668701 0.7880964279174805
 741321 0.2761049270629883 15.027072429656982 0.7910289764404297
 743044 0.2588071823120117 15.306198358535767 0.7917585372924805
 744769 0.27765631675720215 15.351572275161743 0.794816255569458
 746496 0.25954294204711914 15.145152568817139 0.7951452732086182
 748225 0.2790670394897461 15.415473461151123 0.7984123229980469
 749956 0.26087307929992676 15.447455644607544 0.7968816757202148
 751689 0.28028249740600586 15.238648891448975 0.8001596927642822
 753424 0.262251615524292 15.528910636901855 0.8016834259033203
 755161 0.28173375129699707 15.558195114135742 0.8060004711151123
 756900 0.263153076171875 15.341995000839233 0.8037562370300293
 758641 0.28285813331604004 15.629670143127441 0.8068716526031494
 760384 0.2638671398162842 15.669560432434082 0.8072071075439453
 762129 0.2848234176635742 15.450848579406738 0.810967206954956
 763876 0.26602768898010254 15.747809171676636 0.8138492107391357
 765625 0.28565335273742676 15.794411897659302 0.8165838718414307
 767376 0.2667560577392578 15.566306114196777 0.8164339065551758
 769129 0.28675103187561035 15.867802381515503 0.8206639289855957
 770884 0.2683684825897217 15.887086868286133 0.8211703300476074
 772641 0.2879788875579834 15.679254055023193 0.8243236541748047
 774400 0.26920485496520996 15.965795040130615 0.8217377662658691
 776161 0.2894749641418457 16.004099369049072 0.8259477615356445
 777924 0.27038145065307617 15.781477928161621 0.8255183696746826
 779689 0.2909660339355469 16.081116914749146 0.8295633792877197
 781456 0.27191948890686035 16.114174127578735 0.8293571472167969
 783225 0.29233694076538086 15.887539386749268 0.8332045078277588
 784996 0.272768497467041 16.180655479431152 0.8358385562896729
 786769 0.2930431365966797 16.221532344818115 0.8368120193481445
 788544 0.27397608757019043 15.998387575149536 0.8388488292694092
 790321 0.2946200370788574 16.300675868988037 0.8399829864501953
 792100 0.2754709720611572 16.329763412475586 0.8439984321594238
 793881 0.29590606689453125 16.10921621322632 0.846991777420044
 795664 0.27703189849853516 16.403353214263916 0.8441741466522217
 797449 0.29740262031555176 16.44797968864441 0.847907304763794
 799236 0.2784237861633301 16.225574731826782 0.848041296005249
 801025 0.2987222671508789 16.52548599243164 0.8514683246612549
 802816 0.27930545806884766 16.55942702293396 0.854222297668457
 804609 0.2994039058685303 16.327117443084717 0.8578898906707764
 806404 0.2803199291229248 16.641058683395386 0.8584187030792236
 808201 0.3011610507965088 16.67805242538452 0.8615715503692627
 810000 0.2815737724304199 16.440046310424805 0.859595537185669
 811801 0.3027048110961914 16.74523687362671 0.8635473251342773
 813604 0.2832210063934326 16.78011703491211 0.8637769222259521
 815409 0.30361199378967285 16.553555250167847 0.8693375587463379
 817216 0.28421807289123535 16.861758947372437 0.867079496383667
 819025 0.3049962520599365 16.894625425338745 0.871368408203125
 820836 0.285614013671875 16.67147135734558 0.8744118213653564
 822649 0.30669093132019043 16.984813690185547 0.8779776096343994
 824464 0.28677916526794434 17.021788835525513 0.8751699924468994
 826281 0.3077874183654785 16.781712293624878 0.878495454788208
 828100 0.2871267795562744 17.080819129943848 0.8784053325653076
 829921 0.3094651699066162 17.1310555934906 0.8825302124023438
 831744 0.28983187675476074 16.891218185424805 0.8826107978820801
 833569 0.3106269836425781 17.2122163772583 0.8860104084014893
 835396 0.2915191650390625 17.243425846099854 0.8883631229400635
 837225 0.3119382858276367 16.999226570129395 0.891942024230957
 839056 0.2916865348815918 17.31629514694214 0.8909227848052979
 840889 0.3133819103240967 17.349725008010864 0.8951611518859863
 842724 0.2928445339202881 17.113191604614258 0.8944289684295654
 844561 0.3146231174468994 17.430664777755737 0.8978822231292725
 846400 0.2947962284088135 17.47294592857361 0.8996098041534424
 848241 0.3154425621032715 17.223938941955566 0.9042158126831055
 850084 0.295302152633667 17.557535886764526 0.9045131206512451
 851929 0.31754302978515625 17.585591554641724 0.9082098007202148
 853776 0.29645442962646484 17.339874505996704 0.9089972972869873
 855625 0.31850695610046387 17.66071605682373 0.9118442535400391
 857476 0.2981252670288086 17.698644399642944 0.9120755195617676
 859329 0.3201422691345215 17.4614155292511 0.916130781173706
 861184 0.29969143867492676 17.77497386932373 0.9155399799346924
 863041 0.3214888572692871 17.818236351013184 0.9193301200866699
 864900 0.30120348930358887 17.57021403312683 0.9169197082519531
 866761 0.32299184799194336 17.885859966278076 0.9215593338012695
 868624 0.301985502243042 17.940078496932983 0.9241974353790283
 870489 0.3242487907409668 17.687256336212158 0.9277439117431641
 872356 0.30342531204223633 18.026391983032227 0.925957202911377
 874225 0.3257019519805908 18.0722074508667 0.9300150871276855
 876096 0.3048079013824463 17.784902095794678 0.9293270111083984
 877969 0.3272366523742676 18.152661085128784 0.9324579238891602
 879844 0.306272029876709 18.171974420547485 0.9334983825683594
 881721 0.3280205726623535 17.92262291908264 0.937408447265625
 883600 0.3070793151855469 18.249279499053955 0.936779260635376
 885481 0.3298184871673584 18.28754234313965 0.9398281574249268
 887364 0.3080620765686035 18.02756357192993 0.9433348178863525
 889249 0.3313629627227783 18.368520736694336 0.9461712837219238
 891136 0.30959582328796387 18.419816255569458 0.9447207450866699
 893025 0.33240199089050293 18.14536213874817 0.9483137130737305
 894916 0.31165003776550293 18.49351739883423 0.9512374401092529
 896809 0.3338651657104492 18.52126407623291 0.9550843238830566
 898704 0.3121504783630371 18.25856304168701 0.9544851779937744
 900601 0.3356645107269287 18.606686115264893 0.9585909843444824
 902500 0.31372976303100586 18.632826328277588 0.9589509963989258
 904401 0.3367040157318115 18.38465642929077 0.9625611305236816
 906304 0.31501078605651855 18.725334882736206 0.9597823619842529
 908209 0.3384099006652832 18.777695417404175 0.9638469219207764
 910116 0.3166022300720215 18.497934341430664 0.9636883735656738
 912025 0.33867955207824707 18.843058347702026 0.9687883853912354
 913936 0.317641019821167 18.882181406021118 0.9704689979553223
 915849 0.34087347984313965 18.623630046844482 0.9749143123626709
 917764 0.3187723159790039 18.973323822021484 0.9719195365905762
 919681 0.3421781063079834 19.00523090362549 0.9766116142272949
 921600 0.3200371265411377 18.734817028045654 0.9787964820861816
 923521 0.3441042900085449 19.07677912712097 0.9827244281768799
 925444 0.32158732414245605 19.12532639503479 0.9803738594055176
 927369 0.34514451026916504 18.853832960128784 0.984473705291748
 929296 0.32308030128479004 19.208388805389404 0.983741283416748
 931225 0.3463408946990967 19.250718593597412 0.9887683391571045
 933156 0.3239428997039795 18.974802494049072 0.9880101680755615
 935089 0.3484001159667969 19.340746641159058 0.9917685985565186
 937024 0.32581138610839844 19.36833667755127 0.9952089786529541
 938961 0.34940671920776367 19.098412036895752 0.9985768795013428
 940900 0.3268857002258301 19.441160440444946 0.9961428642272949
 942841 0.35076069831848145 19.492511749267578 1.0028929710388184
 944784 0.32817673683166504 19.201460123062134 0.9997248649597168
 946729 0.35277795791625977 19.562162399291992 1.0053815841674805
 948676 0.3298649787902832 19.621458292007446 1.0071606636047363
 950625 0.3535621166229248 19.328034162521362 1.0108962059020996
 952576 0.3311910629272461 19.689402103424072 1.011911392211914
 954529 0.3551511764526367 19.730952739715576 1.0146818161010742
 956484 0.33239245414733887 19.45097064971924 1.0157279968261719
 958441 0.3570375442504883 19.80901527404785 1.0191566944122314
 960400 0.33374547958374023 19.856140613555908 1.0182888507843018
 962361 0.358339786529541 19.56803274154663 1.020888090133667
 964324 0.33502650260925293 19.940122365951538 1.0240778923034668
 966289 0.35958433151245117 19.97488284111023 1.027691125869751
 968256 0.3363523483276367 19.692413091659546 1.0242812633514404
 970225 0.3619577884674072 20.04868483543396 1.0286850929260254
 972196 0.3385336399078369 20.10947299003601 1.0344831943511963
 974169 0.3383522033691406 19.82958483695984 1.0358340740203857
 976144 0.33951663970947266 20.19269585609436 1.0367743968963623
 978121 0.3399689197540283 20.226824045181274 1.0372655391693115
 980100 0.34042882919311523 19.942204236984253 1.0376927852630615
 982081 0.36565113067626953 20.310595989227295 1.0418086051940918
 984064 0.3429687023162842 20.348424196243286 1.0411555767059326
 986049 0.36722850799560547 20.047808170318604 1.0452585220336914
 988036 0.3437154293060303 20.431822776794434 1.048443078994751
 990025 0.36858654022216797 20.48675799369812 1.0518052577972412
 992016 0.34465622901916504 20.181745529174805 1.0493254661560059
 994009 0.37006258964538574 20.559850931167603 1.0543320178985596
 996004 0.3461952209472656 20.598680019378662 1.0550274848937988
 998001 0.37163305282592773 20.31687593460083 1.058760643005371