
 9 1.0013580322265625e-05 0.00026345252990722656 8.106231689453125e-06
 16 1.1205673217773438e-05 0.0003943443298339844 1.6689300537109375e-05
 25 1.239776611328125e-05 0.0005631446838378906 2.7179718017578125e-05
 36 1.621246337890625e-05 0.000759124755859375 3.814697265625e-05
 49 1.9788742065429688e-05 0.000988006591796875 5.412101745605469e-05
 64 2.3365020751953125e-05 0.001249551773071289 7.104873657226562e-05
 81 2.7179718017578125e-05 0.001585245132446289 9.012222290039062e-05
 100 3.147125244140625e-05 0.0018839836120605469 0.00010848045349121094
 121 3.6716461181640625e-05 0.0022513866424560547 0.0001304149627685547
 144 4.38690185546875e-05 0.0026586055755615234 0.00015354156494140625
 169 4.9591064453125e-05 0.0030908584594726562 0.00018024444580078125
 196 5.650520324707031e-05 0.0036859512329101562 0.00021195411682128906
 225 6.341934204101562e-05 0.0040895938873291016 0.0002377033233642578
 256 7.05718994140625e-05 0.004595279693603516 0.0002739429473876953
 289 8.487701416015625e-05 0.00519251823425293 0.0003123283386230469
 324 9.655952453613281e-05 0.00582575798034668 0.00035572052001953125
 361 0.00010800361633300781 0.006509065628051758 0.00039887428283691406
 400 0.00012183189392089844 0.007178068161010742 0.00044798851013183594
 441 0.00013566017150878906 0.00789332389831543 0.00048828125
 484 0.00015115737915039062 0.008680343627929688 0.0005352497100830078
 529 0.0001723766326904297 0.009465456008911133 0.0005924701690673828
 576 0.00018978118896484375 0.010286569595336914 0.0006420612335205078
 625 0.0002067089080810547 0.011155366897583008 0.0007038116455078125
 676 0.0002269744873046875 0.012052059173583984 0.000759124755859375
 729 0.00024366378784179688 0.013055562973022461 0.0008230209350585938
 784 0.0002675056457519531 0.013990163803100586 0.0008785724639892578
 841 0.0002837181091308594 0.01500082015991211 0.0009436607360839844
 900 0.0003097057342529297 0.016043901443481445 0.0010156631469726562
 961 0.00032830238342285156 0.01710963249206543 0.0010786056518554688
 1024 0.00035309791564941406 0.01821756362915039 0.0011684894561767578
 1089 0.0003743171691894531 0.019368886947631836 0.0012302398681640625
 1156 0.0004010200500488281 0.02054309844970703 0.001306772232055664
 1225 0.0004215240478515625 0.021770954132080078 0.0013806819915771484
 1296 0.0004513263702392578 0.022997617721557617 0.0014545917510986328
 1369 0.0004725456237792969 0.024273395538330078 0.001547098159790039
 1444 0.000507354736328125 0.025608301162719727 0.001613616943359375
 1521 0.0005266666412353516 0.02694416046142578 0.0017113685607910156
 1600 0.0005662441253662109 0.028366804122924805 0.0018095970153808594
 1681 0.0005862712860107422 0.02978825569152832 0.0019001960754394531
 1764 0.0006208419799804688 0.031243324279785156 0.002001523971557617
 1849 0.0006597042083740234 0.032736778259277344 0.0020792484283447266
 1936 0.0006852149963378906 0.03428459167480469 0.002199411392211914
 2025 0.0007228851318359375 0.03581690788269043 0.0022764205932617188
 2116 0.0007498264312744141 0.03747105598449707 0.002382040023803711
 2209 0.0007767677307128906 0.039092063903808594 0.0024847984313964844
 2304 0.0008342266082763672 0.04075121879577637 0.0025892257690429688
 2401 0.0008440017700195312 0.04245162010192871 0.0027129650115966797
 2500 0.0008909702301025391 0.04414534568786621 0.002800464630126953
 2601 0.0009176731109619141 0.045952558517456055 0.0029244422912597656
 2704 0.0009653568267822266 0.04773378372192383 0.0030307769775390625
 2809 0.0009899139404296875 0.04959607124328613 0.0031838417053222656
 2916 0.0010390281677246094 0.051491498947143555 0.003281116485595703
 3025 0.0010657310485839844 0.053347110748291016 0.0034008026123046875
 3136 0.0011167526245117188 0.055352210998535156 0.0034971237182617188
 3249 0.0011632442474365234 0.05731034278869629 0.003638029098510742
 3364 0.0012040138244628906 0.05933690071105957 0.0037734508514404297
 3481 0.001232147216796875 0.06131172180175781 0.003899097442626953
 3600 0.001302480697631836 0.06347846984863281 0.004008293151855469
 3721 0.0013196468353271484 0.06557321548461914 0.004155158996582031
 3844 0.0013799667358398438 0.06769466400146484 0.004288911819458008
 3969 0.001409292221069336 0.06994843482971191 0.0044384002685546875
 4096 0.001478433609008789 0.07218289375305176 0.004571437835693359
 4225 0.001497507095336914 0.07439064979553223 0.004698991775512695
 4356 0.0015652179718017578 0.07667231559753418 0.004862546920776367
 4489 0.0015902519226074219 0.07902956008911133 0.004991292953491211
 4624 0.0016727447509765625 0.08142733573913574 0.005147218704223633
 4761 0.0017077922821044922 0.0837867259979248 0.005284786224365234
 4900 0.0017576217651367188 0.08631062507629395 0.005429744720458984
 5041 0.0018062591552734375 0.08871889114379883 0.005591869354248047
 5184 0.0018835067749023438 0.09114885330200195 0.00573277473449707
 5329 0.0018935203552246094 0.0937509536743164 0.005915403366088867
 5476 0.0019698143005371094 0.0962977409362793 0.0060689449310302734
 5625 0.002006053924560547 0.09894037246704102 0.006226062774658203
 5776 0.0020761489868164062 0.10163521766662598 0.006403207778930664
 5929 0.0021026134490966797 0.10426497459411621 0.00656890869140625
 6084 0.002184629440307617 0.1069643497467041 0.0067424774169921875
 6241 0.002226114273071289 0.10970568656921387 0.0069043636322021484
 6400 0.002300262451171875 0.11245942115783691 0.0070879459381103516
 6561 0.002343416213989258 0.11539721488952637 0.007245302200317383
 6724 0.0024213790893554688 0.1181647777557373 0.0074083805084228516
 6889 0.0024552345275878906 0.12098288536071777 0.007605791091918945
 7056 0.0025565624237060547 0.12393331527709961 0.007797718048095703
 7225 0.0025780200958251953 0.12696480751037598 0.007970809936523438
 7396 0.0026705265045166016 0.13003826141357422 0.008138418197631836
 7569 0.0027039051055908203 0.13291215896606445 0.00834035873413086
 7744 0.0028066635131835938 0.13606643676757812 0.008533716201782227
 7921 0.0028247833251953125 0.13926196098327637 0.008780479431152344
 8100 0.002921581268310547 0.1423184871673584 0.008893251419067383
 8281 0.0029642581939697266 0.14555859565734863 0.009099245071411133
 8464 0.0030651092529296875 0.1488034725189209 0.009284496307373047
 8649 0.003082752227783203 0.15222525596618652 0.009516239166259766
 8836 0.0031976699829101562 0.15547919273376465 0.009725332260131836
 9025 0.00322723388671875 0.15890121459960938 0.009888410568237305
 9216 0.003337383270263672 0.16235947608947754 0.010103464126586914
 9409 0.0033464431762695312 0.1657729148864746 0.01030874252319336
 9604 0.003476858139038086 0.16933178901672363 0.01050877571105957
 9801 0.0034933090209960938 0.17277789115905762 0.010737180709838867
 10000 0.0036308765411376953 0.17638564109802246 0.010937929153442383
 10201 0.0036606788635253906 0.17998480796813965 0.011174917221069336
 10404 0.0037555694580078125 0.18360543251037598 0.011387109756469727
 10609 0.003795146942138672 0.18718314170837402 0.011616706848144531
 10816 0.0039043426513671875 0.19108343124389648 0.01181483268737793
 11025 0.003940105438232422 0.19494247436523438 0.012038469314575195
 11236 0.0040547847747802734 0.1986536979675293 0.012265205383300781
 11449 0.004088401794433594 0.2026658058166504 0.012490034103393555
 11664 0.004199028015136719 0.2064821720123291 0.012682676315307617
 11881 0.00425410270690918 0.21031498908996582 0.012920618057250977
 12100 0.004371166229248047 0.21453309059143066 0.013176202774047852
 12321 0.004425048828125 0.21850872039794922 0.013501644134521484
 12544 0.0045413970947265625 0.22260308265686035 0.01369166374206543
 12769 0.004570722579956055 0.22668719291687012 0.013917207717895508
 12996 0.0046961307525634766 0.23094415664672852 0.01424407958984375
 13225 0.004725217819213867 0.23503708839416504 0.014390945434570312
 13456 0.0048503875732421875 0.23920869827270508 0.014694690704345703
 13689 0.004895448684692383 0.24354243278503418 0.014882087707519531
 13924 0.005025386810302734 0.24778199195861816 0.015162944793701172
 14161 0.0047724246978759766 0.25217247009277344 0.015424489974975586
 14400 0.004846334457397461 0.2565603256225586 0.015643835067749023
 14641 0.004933357238769531 0.2611112594604492 0.015918970108032227
 14884 0.004992246627807617 0.2655472755432129 0.016106605529785156
 15129 0.00509953498840332 0.27005887031555176 0.01651787757873535
 15376 0.005197286605834961 0.2744286060333252 0.016775131225585938
 15625 0.005274295806884766 0.2790825366973877 0.017050743103027344
 15876 0.005361080169677734 0.2837095260620117 0.017328262329101562
 16129 0.0058629512786865234 0.28842997550964355 0.0176393985748291
 16384 0.005928754806518555 0.29291629791259766 0.01792144775390625
 16641 0.006021738052368164 0.2977004051208496 0.01805281639099121
 16900 0.006109476089477539 0.3024263381958008 0.01828742027282715
 17161 0.006226778030395508 0.30747032165527344 0.018548011779785156
 17424 0.006315469741821289 0.3120992183685303 0.018869876861572266
 17689 0.006418466567993164 0.31701040267944336 0.01929330825805664
 17956 0.006496906280517578 0.32201552391052246 0.019448518753051758
 18225 0.006603717803955078 0.328782320022583 0.019910335540771484
 18496 0.0066988468170166016 0.3317084312438965 0.020003318786621094
 18769 0.006819725036621094 0.336958646774292 0.02026677131652832
 19044 0.006905317306518555 0.3418145179748535 0.02056145668029785
 19321 0.00700831413269043 0.34692931175231934 0.0208437442779541
 19600 0.007108211517333984 0.35219335556030273 0.021195173263549805
 19881 0.00718998908996582 0.3574345111846924 0.02153921127319336
 20164 0.007277965545654297 0.36299610137939453 0.021878480911254883
 20449 0.0073969364166259766 0.3677852153778076 0.022116899490356445
 20736 0.007509946823120117 0.37315869331359863 0.02246546745300293
 21025 0.007593870162963867 0.37836337089538574 0.022807836532592773
 21316 0.007711172103881836 0.38382983207702637 0.023231983184814453
 21609 0.007822513580322266 0.38910698890686035 0.023304462432861328
 21904 0.00794219970703125 0.3946564197540283 0.023715734481811523
 22201 0.007990837097167969 0.40009570121765137 0.024011611938476562
 22500 0.008164167404174805 0.40558958053588867 0.024445056915283203
 22801 0.008271217346191406 0.4109385013580322 0.024627685546875
 23104 0.00835561752319336 0.41680455207824707 0.025006532669067383
 23409 0.00847005844116211 0.4223811626434326 0.02521061897277832
 23716 0.008591890335083008 0.4279310703277588 0.025671005249023438
 24025 0.00872349739074707 0.4337608814239502 0.025866270065307617
 24336 0.008791685104370117 0.43914294242858887 0.026182889938354492
 24649 0.008927345275878906 0.44493603706359863 0.026584863662719727
 24964 0.009056806564331055 0.45113515853881836 0.026845216751098633
 25281 0.009171485900878906 0.45703577995300293 0.02732253074645996
 25600 0.00928950309753418 0.46267199516296387 0.0275571346282959
 25921 0.009378910064697266 0.4685497283935547 0.027904510498046875
 26244 0.009497404098510742 0.4747600555419922 0.02826070785522461
 26569 0.009633541107177734 0.4804089069366455 0.028599023818969727
 26896 0.009729146957397461 0.4866199493408203 0.028918027877807617
 27225 0.009866714477539062 0.4927978515625 0.029232501983642578
 27556 0.009965181350708008 0.4989457130432129 0.029650211334228516
 27889 0.010099411010742188 0.5048732757568359 0.02988576889038086
 28224 0.010226964950561523 0.5115523338317871 0.030556917190551758
 28561 0.010329961776733398 0.5175337791442871 0.030836820602416992
 28900 0.010463953018188477 0.5239202976226807 0.031141042709350586
 29241 0.01058340072631836 0.5299773216247559 0.03138995170593262
 29584 0.010701417922973633 0.5366561412811279 0.03192448616027832
 29929 0.010844230651855469 0.5427098274230957 0.032321929931640625
 30276 0.010952472686767578 0.5498003959655762 0.032508134841918945
 30625 0.011113166809082031 0.5560588836669922 0.032938241958618164
 30976 0.011219024658203125 0.5622179508209229 0.033321380615234375
 31329 0.011346578598022461 0.5688161849975586 0.033837080001831055
 31684 0.011458873748779297 0.5754282474517822 0.03399300575256348
 32041 0.011646270751953125 0.5823001861572266 0.03438568115234375
 32400 0.011759042739868164 0.5885803699493408 0.03468918800354004
 32761 0.011905908584594727 0.5956559181213379 0.03508448600769043
 33124 0.012015104293823242 0.6026997566223145 0.03561544418334961
 33489 0.012159347534179688 0.6096746921539307 0.03585219383239746
 33856 0.012326717376708984 0.6170504093170166 0.036412715911865234
 34225 0.012488365173339844 0.6242194175720215 0.0367584228515625
 34596 0.012605905532836914 0.6314947605133057 0.03733968734741211
 34969 0.012738227844238281 0.6388957500457764 0.03771018981933594
 35344 0.012877941131591797 0.6463179588317871 0.038094282150268555
 35721 0.013018131256103516 0.653449296951294 0.038428306579589844
 36100 0.013190031051635742 0.6608693599700928 0.03884458541870117
 36481 0.013277053833007812 0.6681807041168213 0.03931093215942383
 36864 0.01345682144165039 0.6755070686340332 0.039713382720947266
 37249 0.013586044311523438 0.6827793121337891 0.040076255798339844
 37636 0.013710498809814453 0.6903567314147949 0.040619611740112305
 38025 0.013859748840332031 0.6980209350585938 0.04094839096069336
 38416 0.014007329940795898 0.7059788703918457 0.0414738655090332
 38809 0.014131784439086914 0.7138533592224121 0.04190850257873535
 39204 0.014313459396362305 0.7214992046356201 0.042481184005737305
 39601 0.014434576034545898 0.7289996147155762 0.042839765548706055
 40000 0.01462101936340332 0.73097825050354 0.042649269104003906
 40401 0.014761686325073242 0.7382731437683105 0.04319572448730469
 40804 0.014876842498779297 0.7463829517364502 0.043543338775634766
 41209 0.015064001083374023 0.7539553642272949 0.044202566146850586
 41616 0.015201091766357422 0.7614011764526367 0.044434309005737305
 42025 0.015343189239501953 0.7691271305084229 0.04499983787536621
 42436 0.015544414520263672 0.7769312858581543 0.04540443420410156
 42849 0.015634775161743164 0.7851581573486328 0.0459444522857666
 43264 0.015830039978027344 0.7932462692260742 0.04625988006591797
 43681 0.01596999168395996 0.8007979393005371 0.04681873321533203
 44100 0.016111373901367188 0.8090620040893555 0.047240257263183594
 44521 0.016296863555908203 0.8164644241333008 0.04760336875915527
 44944 0.016454458236694336 0.824451208114624 0.048124074935913086
 45369 0.016595125198364258 0.8327553272247314 0.04854297637939453
 45796 0.016777753829956055 0.8411650657653809 0.049108028411865234
 46225 0.01694631576538086 0.8490874767303467 0.049588680267333984
 46656 0.017091989517211914 0.8574845790863037 0.05002880096435547
 47089 0.017242431640625 0.8656737804412842 0.05041241645812988
 47524 0.017380475997924805 0.8744878768920898 0.05086684226989746
 47961 0.01757192611694336 0.8825058937072754 0.05144309997558594
 48400 0.0177154541015625 0.890897274017334 0.05184745788574219
 48841 0.017896652221679688 0.8991963863372803 0.0523982048034668
 49284 0.01807880401611328 0.9077906608581543 0.05285024642944336
 49729 0.018237829208374023 0.916085958480835 0.053365230560302734
 50176 0.01839756965637207 0.9249651432037354 0.05389595031738281
 50625 0.018488407135009766 0.9333608150482178 0.05455970764160156
 51076 0.018619298934936523 0.9426929950714111 0.05506181716918945
 51529 0.018763303756713867 0.951528787612915 0.05541253089904785
 51984 0.018927335739135742 0.9592351913452148 0.0560154914855957
 52441 0.0190584659576416 0.9678497314453125 0.0562741756439209
 52900 0.01926255226135254 0.9771807193756104 0.05674934387207031
 53361 0.019483089447021484 0.9859054088592529 0.05751228332519531
 53824 0.019593477249145508 0.9950294494628906 0.057904958724975586
 54289 0.019839048385620117 1.004199504852295 0.058188438415527344
 54756 0.02000570297241211 1.0130908489227295 0.058863162994384766
 55225 0.020116329193115234 1.0220961570739746 0.059477806091308594
 55696 0.02036738395690918 1.0317051410675049 0.059777021408081055
 56169 0.02048802375793457 1.0403375625610352 0.06057476997375488
 56644 0.019261598587036133 1.0490057468414307 0.060823678970336914
 57121 0.019362688064575195 1.058621883392334 0.0615234375
 57600 0.019593238830566406 1.0675194263458252 0.06212949752807617
 58081 0.019725322723388672 1.0767924785614014 0.06261038780212402
 58564 0.021384239196777344 1.0862064361572266 0.06303596496582031
 59049 0.021608352661132812 1.0956647396087646 0.06353163719177246
 59536 0.02169656753540039 1.1049482822418213 0.06388139724731445
 60025 0.020387649536132812 1.1139638423919678 0.06469535827636719
 60516 0.020532846450805664 1.1232550144195557 0.06512022018432617
 61009 0.020800352096557617 1.132838249206543 0.06587433815002441
 61504 0.020905733108520508 1.143310308456421 0.06639647483825684
 62001 0.022641658782958984 1.1523582935333252 0.06668829917907715
 62500 0.022884130477905273 1.1620018482208252 0.06711721420288086
 63001 0.022994041442871094 1.1707355976104736 0.06782150268554688
 63504 0.02317214012145996 1.1806206703186035 0.06827187538146973
 64009 0.0233919620513916 1.190269947052002 0.06889533996582031
 64516 0.023578405380249023 1.2009053230285645 0.06960654258728027
 65025 0.023724794387817383 1.2101125717163086 0.07030725479125977
 65536 0.02396225929260254 1.219435691833496 0.07068943977355957
 66049 0.02408003807067871 1.230987787246704 0.07107162475585938
 66564 0.02426433563232422 1.243694543838501 0.07171344757080078
 67081 0.024419546127319336 1.2520320415496826 0.07236075401306152
 67600 0.02462005615234375 1.2618224620819092 0.0728445053100586
 68121 0.0248715877532959 1.272226095199585 0.07332205772399902
 68644 0.025080204010009766 1.283064842224121 0.07398843765258789
 69169 0.02528238296508789 1.292999505996704 0.0747063159942627
 69696 0.025374889373779297 1.3032612800598145 0.07503294944763184
 70225 0.025569915771484375 1.3142406940460205 0.0757741928100586
 70756 0.025772809982299805 1.3244640827178955 0.076171875
 71289 0.02599024772644043 1.3351926803588867 0.07676410675048828
 71824 0.026236295700073242 1.3464086055755615 0.0777738094329834
 72361 0.026439189910888672 1.3561499118804932 0.07806563377380371
 72900 0.026643753051757812 1.3673622608184814 0.07846999168395996
 73441 0.026806116104125977 1.3780813217163086 0.07944822311401367
 73984 0.027127504348754883 1.3904366493225098 0.08026504516601562
 74529 0.027226686477661133 1.4003849029541016 0.08064818382263184
 75076 0.02742147445678711 1.4111487865447998 0.0808107852935791
 75625 0.027685165405273438 1.4223291873931885 0.08195257186889648
 76176 0.02784562110900879 1.4324865341186523 0.08211517333984375
 76729 0.028019189834594727 1.4447107315063477 0.08300042152404785
 77284 0.028243303298950195 1.4563357830047607 0.08349871635437012
 77841 0.028458118438720703 1.4666252136230469 0.08411765098571777
 78400 0.028644084930419922 1.477161169052124 0.08460044860839844
 78961 0.028829574584960938 1.4887452125549316 0.08534622192382812
 79524 0.029049158096313477 1.4996201992034912 0.08563971519470215
 80089 0.0293424129486084 1.510749340057373 0.08650636672973633
 80656 0.029440879821777344 1.5230581760406494 0.08691835403442383
 81225 0.02959299087524414 1.5330770015716553 0.08782744407653809
 81796 0.029891252517700195 1.5452988147735596 0.0882883071899414
 82369 0.030117511749267578 1.5563786029815674 0.08881831169128418
 82944 0.03030681610107422 1.5674920082092285 0.08978652954101562
 83521 0.030585527420043945 1.5793309211730957 0.08998703956604004
 84100 0.03079986572265625 1.5911710262298584 0.09094858169555664
 84681 0.03095841407775879 1.602346658706665 0.09150123596191406
 85264 0.031210899353027344 1.6142683029174805 0.09212517738342285
 85849 0.031403303146362305 1.6259417533874512 0.0925900936126709
 86436 0.03161358833312988 1.637761116027832 0.09329366683959961
 87025 0.03171825408935547 1.6497528553009033 0.09391355514526367
 87616 0.032036542892456055 1.6621263027191162 0.0944058895111084
 88209 0.03227519989013672 1.673619031906128 0.09521985054016113
 88804 0.032395124435424805 1.6851065158843994 0.09592008590698242
 89401 0.03261137008666992 1.6967339515686035 0.09663128852844238
 90000 0.03290438652038574 1.7091326713562012 0.09721922874450684
 90601 0.0331575870513916 1.7217297554016113 0.09786581993103027
 91204 0.033258676528930664 1.7334282398223877 0.09832048416137695
 91809 0.03363370895385742 1.745436191558838 0.09921145439147949
 92416 0.03372621536254883 1.7580986022949219 0.09971189498901367
 93025 0.034055233001708984 1.7698428630828857 0.10072827339172363
 93636 0.03421378135681152 1.782900333404541 0.10144877433776855
 94249 0.03436470031738281 1.7944791316986084 0.10224771499633789
 94864 0.03474855422973633 1.807770013809204 0.10297966003417969
 95481 0.034879446029663086 1.8194973468780518 0.10351920127868652
 96100 0.03524065017700195 1.832737922668457 0.10409832000732422
 96721 0.035402774810791016 1.844780683517456 0.10489940643310547
 97344 0.035623788833618164 1.8569588661193848 0.10564112663269043
 97969 0.03589582443237305 1.8699531555175781 0.1062471866607666
 98596 0.03611135482788086 1.882045030593872 0.10656142234802246
 99225 0.036237239837646484 1.893946647644043 0.10734796524047852
 99856 0.03650259971618652 1.907344102859497 0.10767483711242676
 100489 0.03677201271057129 1.919968605041504 0.10906195640563965
 101124 0.03705286979675293 1.932438850402832 0.10916519165039062
 101761 0.0373690128326416 1.9453575611114502 0.10986804962158203
 102400 0.03745698928833008 1.959571361541748 0.11101388931274414
 103041 0.03773903846740723 1.9707391262054443 0.1117551326751709
 103684 0.03797101974487305 1.985529899597168 0.11224198341369629
 104329 0.03825783729553223 1.9973175525665283 0.11277556419372559
 104976 0.03843426704406738 2.0102527141571045 0.11381006240844727
 105625 0.03867340087890625 2.023653984069824 0.11467814445495605
 106276 0.03901982307434082 2.0368123054504395 0.11509180068969727
 106929 0.03923749923706055 2.0492055416107178 0.11586761474609375
 107584 0.03937864303588867 2.062896251678467 0.11648368835449219
 108241 0.0397028923034668 2.0758957862854004 0.11765885353088379
 108900 0.03994894027709961 2.089526414871216 0.11809968948364258
 109561 0.04007387161254883 2.102290630340576 0.11889791488647461
 110224 0.0402982234954834 2.1152119636535645 0.11910820007324219
 110889 0.04060983657836914 2.1287059783935547 0.11991691589355469
 111556 0.04088902473449707 2.1424360275268555 0.12075448036193848
 112225 0.041039228439331055 2.155496597290039 0.12151193618774414
 112896 0.041390180587768555 2.168921947479248 0.12212777137756348
 113569 0.041596174240112305 2.183420419692993 0.12279295921325684
 114244 0.041892051696777344 2.1958768367767334 0.12371826171875
 114921 0.04213452339172363 2.209662914276123 0.12419390678405762
 115600 0.04240894317626953 2.2238168716430664 0.1253070831298828
 116281 0.04270029067993164 2.2374253273010254 0.12611055374145508
 116964 0.0428464412689209 2.251408815383911 0.12699294090270996
 117649 0.04319620132446289 2.2645723819732666 0.1279144287109375
 118336 0.043380022048950195 2.2786388397216797 0.12833714485168457
 119025 0.04350161552429199 2.2942216396331787 0.12886595726013184
 119716 0.043898582458496094 2.3073067665100098 0.1297924518585205
 120409 0.0441594123840332 2.3209340572357178 0.13035798072814941
 121104 0.04434370994567871 2.3342933654785156 0.13142752647399902
 121801 0.04462170600891113 2.347625494003296 0.13185930252075195
 122500 0.044965267181396484 2.3624250888824463 0.1324009895324707
 123201 0.04513883590698242 2.376607894897461 0.13318467140197754
 123904 0.04541277885437012 2.391568422317505 0.13403987884521484
 124609 0.04569649696350098 2.405134916305542 0.13512897491455078
 125316 0.04685235023498535 2.4197347164154053 0.13619112968444824
 126025 0.04726672172546387 2.4348156452178955 0.1367635726928711
 126736 0.04746675491333008 2.448517084121704 0.13736391067504883
 127449 0.04778861999511719 2.4633045196533203 0.13780808448791504
 128164 0.048224449157714844 2.4766745567321777 0.13869810104370117
 128881 0.04505419731140137 2.491427421569824 0.13924884796142578
 129600 0.04525446891784668 2.506256341934204 0.14005494117736816
 130321 0.04561495780944824 2.520216703414917 0.1407620906829834
 131044 0.04582929611206055 2.534546375274658 0.14171218872070312
 131769 0.049452781677246094 2.5496983528137207 0.14255213737487793
 132496 0.049628257751464844 2.5640368461608887 0.1434919834136963
 133225 0.049930572509765625 2.5785069465637207 0.14478397369384766
 133956 0.05020737648010254 2.5943007469177246 0.14498591423034668
 134689 0.05042529106140137 2.6089606285095215 0.14594006538391113
 135424 0.05080580711364746 2.6239938735961914 0.1468801498413086
 136161 0.04772067070007324 2.6391043663024902 0.14728546142578125
 136900 0.04794192314147949 2.653693675994873 0.14812135696411133
 137641 0.04820656776428223 2.6684157848358154 0.14915156364440918
 138384 0.0482940673828125 2.6829540729522705 0.150038480758667
 139129 0.05207180976867676 2.6984546184539795 0.15105605125427246
 139876 0.05239677429199219 2.7134504318237305 0.1515195369720459
 140625 0.052660465240478516 2.728893756866455 0.15266966819763184
 141376 0.05281662940979004 2.743671178817749 0.1529090404510498
 142129 0.053259849548339844 2.7583045959472656 0.15423202514648438
 142884 0.05359840393066406 2.773763656616211 0.1547226905822754
 143641 0.05383634567260742 2.7890467643737793 0.15572285652160645
 144400 0.05415701866149902 2.8050055503845215 0.15689563751220703
 145161 0.05453062057495117 2.8201396465301514 0.15724849700927734
 145924 0.05464768409729004 2.8365018367767334 0.1577157974243164
 146689 0.054976463317871094 2.852466106414795 0.15958642959594727
 147456 0.055239200592041016 2.8676981925964355 0.1600947380065918
 148225 0.05557084083557129 2.883068561553955 0.16003060340881348
 148996 0.05580949783325195 2.897012948989868 0.1614398956298828
 149769 0.05611848831176758 2.9143192768096924 0.1625382900238037
 150544 0.05649232864379883 2.92944598197937 0.1634080410003662
 151321 0.05670976638793945 2.9448909759521484 0.16413164138793945
 152100 0.05686831474304199 2.96036958694458 0.16495561599731445
 152881 0.05714845657348633 2.9761383533477783 0.16542816162109375
 153664 0.057466983795166016 2.9916679859161377 0.1658952236175537
 154449 0.05780649185180664 3.0078907012939453 0.16684699058532715
 155236 0.05813145637512207 3.02372407913208 0.1682596206665039
 156025 0.05836606025695801 3.038618326187134 0.16913414001464844
 156816 0.058731794357299805 3.055494546890259 0.16944599151611328
 157609 0.059102535247802734 3.071343183517456 0.17028069496154785
 158404 0.05932450294494629 3.086681365966797 0.17147278785705566
 159201 0.059558868408203125 3.1029255390167236 0.1719496250152588
 160000 0.06003379821777344 3.1206471920013428 0.1734933853149414
 160801 0.060151100158691406 3.137022018432617 0.17390847206115723
 161604 0.06063032150268555 3.153188705444336 0.17479324340820312
 162409 0.06073498725891113 3.1699368953704834 0.17537617683410645
 163216 0.061319589614868164 3.185293436050415 0.1763448715209961
 164025 0.06155228614807129 3.201486587524414 0.17733073234558105
 164836 0.061844825744628906 3.2162744998931885 0.1782088279724121
 165649 0.06213831901550293 3.2341575622558594 0.17944622039794922
 166464 0.0625157356262207 3.251342535018921 0.18048882484436035
 167281 0.06284070014953613 3.266496181488037 0.18064212799072266
 168100 0.06312775611877441 3.2824766635894775 0.18153834342956543
 168921 0.06356692314147949 3.299914836883545 0.1831526756286621
 169744 0.06368255615234375 3.3171958923339844 0.1835184097290039
 170569 0.06403350830078125 3.333117961883545 0.18463969230651855
 171396 0.06429290771484375 3.3500571250915527 0.18511366844177246
 172225 0.06466317176818848 3.3670876026153564 0.18616342544555664
 173056 0.06488966941833496 3.3843202590942383 0.18686676025390625
 173889 0.06509804725646973 3.40193247795105 0.18816804885864258
 174724 0.06555652618408203 3.4172298908233643 0.18875479698181152
 175561 0.06587791442871094 3.4345498085021973 0.18959426879882812
 176400 0.06629490852355957 3.4512951374053955 0.19078826904296875
 177241 0.06653165817260742 3.468275785446167 0.19159626960754395
 178084 0.06688261032104492 3.4866483211517334 0.19321846961975098
 178929 0.0671548843383789 3.5011134147644043 0.1940906047821045
 179776 0.06745266914367676 3.5191495418548584 0.19421958923339844
 180625 0.0676412582397461 3.53524112701416 0.19499611854553223
 181476 0.06810402870178223 3.5537686347961426 0.19614911079406738
 182329 0.0684347152709961 3.570350170135498 0.19696617126464844
 183184 0.06869053840637207 3.588966131210327 0.1985182762145996
 184041 0.06906867027282715 3.6064541339874268 0.19951319694519043
 184900 0.06937837600708008 3.6226677894592285 0.20002198219299316
 185761 0.06963825225830078 3.6407809257507324 0.20063161849975586
 186624 0.06998562812805176 3.659268379211426 0.20154404640197754
 187489 0.07034802436828613 3.6780285835266113 0.20293045043945312
 188356 0.07074189186096191 3.6943695545196533 0.20422792434692383
 189225 0.07089686393737793 3.7117395401000977 0.20531558990478516
 190096 0.07126760482788086 3.728057861328125 0.2054126262664795
 190969 0.07173633575439453 3.7497165203094482 0.2064056396484375
 191844 0.07193303108215332 3.764055013656616 0.20793938636779785
 192721 0.07228207588195801 3.780714273452759 0.20906949043273926
 193600 0.07276058197021484 3.7997138500213623 0.2091667652130127
 194481 0.07296514511108398 3.8162052631378174 0.21035504341125488
 195364 0.07331132888793945 3.8354272842407227 0.21100974082946777
 196249 0.07354140281677246 3.853771448135376 0.21228265762329102
 197136 0.07389974594116211 3.872833490371704 0.2132737636566162
 198025 0.07425403594970703 3.890610694885254 0.2140028476715088
 198916 0.0745995044708252 3.906442642211914 0.21497154235839844
 199809 0.07481741905212402 3.9257919788360596 0.21595454216003418
 200704 0.07512354850769043 3.9434874057769775 0.21746397018432617
 201601 0.07561683654785156 3.9620864391326904 0.21750235557556152
 202500 0.07596492767333984 3.9809412956237793 0.21970105171203613
 203401 0.07629990577697754 3.9986939430236816 0.22074508666992188
 204304 0.0764625072479248 4.016336679458618 0.22095608711242676
 205209 0.07685685157775879 4.035926342010498 0.22149324417114258
 206116 0.07732629776000977 4.053351163864136 0.22269248962402344
 207025 0.07761359214782715 4.072983503341675 0.22374844551086426
 207936 0.07798624038696289 4.0890161991119385 0.22513461112976074
 208849 0.07821846008300781 4.107868194580078 0.2261965274810791
 209764 0.07864737510681152 4.126538038253784 0.22647905349731445
 210681 0.07880091667175293 4.144582271575928 0.22730422019958496
 211600 0.0793600082397461 4.16773533821106 0.22919845581054688
 212521 0.07959866523742676 4.1833624839782715 0.2302110195159912
 213444 0.08003926277160645 4.199748992919922 0.2306525707244873
 214369 0.08029460906982422 4.220475673675537 0.231781005859375
 215296 0.08070540428161621 4.239023685455322 0.23261642456054688
 216225 0.08095240592956543 4.258574962615967 0.23330998420715332
 217156 0.08139944076538086 4.277902364730835 0.23545169830322266
 218089 0.08163094520568848 4.29738712310791 0.23616456985473633
 219024 0.08206963539123535 4.314346790313721 0.2366039752960205
 219961 0.08230924606323242 4.332814931869507 0.2377004623413086
 220900 0.08282661437988281 4.350543260574341 0.2383127212524414
 221841 0.08307862281799316 4.371237516403198 0.23946523666381836
 222784 0.0835118293762207 4.390333890914917 0.24059486389160156
 223729 0.0838785171508789 4.409005165100098 0.2415468692779541
 224676 0.08421134948730469 4.4299516677856445 0.24264311790466309
 225625 0.08453655242919922 4.447507619857788 0.24370908737182617
 226576 0.08500981330871582 4.4687535762786865 0.24555015563964844
 227529 0.08526182174682617 4.486851930618286 0.24662065505981445
 228484 0.08568906784057617 4.508720397949219 0.24669551849365234
 229441 0.08612346649169922 4.52634859085083 0.24789047241210938
 230400 0.08638358116149902 4.545167922973633 0.24993538856506348
 231361 0.08078432083129883 4.564977169036865 0.2508885860443115
 232324 0.08131790161132812 4.584598541259766 0.25056028366088867
 233289 0.0813913345336914 4.604321479797363 0.25155067443847656
 234256 0.08177804946899414 4.625746250152588 0.25357794761657715
 235225 0.08798527717590332 4.644918203353882 0.2548990249633789
 236196 0.08836555480957031 4.663439035415649 0.25477051734924316
 237169 0.08878421783447266 4.684465408325195 0.25572872161865234
 238144 0.08906936645507812 4.7028021812438965 0.25791430473327637
 239121 0.08943510055541992 4.722945690155029 0.2586789131164551
 240100 0.08974218368530273 4.74372673034668 0.25920820236206055
 241081 0.0901343822479248 4.761583089828491 0.2601969242095947
 242064 0.09048795700073242 4.781693458557129 0.2619016170501709
 243049 0.09077286720275879 4.80360221862793 0.2620096206665039
 244036 0.08508110046386719 4.823245525360107 0.2639460563659668
 245025 0.08548116683959961 4.8417277336120605 0.2652132511138916
 246016 0.08559823036193848 4.862064361572266 0.26540136337280273
 247009 0.08612632751464844 4.8834264278411865 0.2674081325531006
 248004 0.09275078773498535 4.901625156402588 0.26732468605041504
 249001 0.09315991401672363 4.922411203384399 0.2684895992279053
 250000 0.09362983703613281 4.941575288772583 0.2703077793121338
 251001 0.09385371208190918 4.9628705978393555 0.27153897285461426
 252004 0.09417223930358887 4.985363721847534 0.271895170211792
 253009 0.09450340270996094 5.002899885177612 0.27277207374572754
 254016 0.09494614601135254 5.02526330947876 0.2738373279571533
 255025 0.09533810615539551 5.043546676635742 0.27495265007019043
 256036 0.09573650360107422 5.066465139389038 0.276599645614624
 257049 0.09616279602050781 5.085355997085571 0.2770402431488037
 258064 0.09655189514160156 5.108354330062866 0.278273344039917
 259081 0.09680771827697754 5.130858659744263 0.2791635990142822
 260100 0.09701395034790039 5.149107456207275 0.28067445755004883
 261121 0.09759330749511719 5.166686773300171 0.28255343437194824
 262144 0.09794330596923828 5.190271854400635 0.2824242115020752
 263169 0.09846639633178711 5.214463949203491 0.28372836112976074
 264196 0.09870696067810059 5.232927083969116 0.28481507301330566
 265225 0.0991358757019043 5.252897024154663 0.28598475456237793
 266256 0.0994882583618164 5.271603107452393 0.2868337631225586
 267289 0.0998234748840332 5.295788764953613 0.2881777286529541
 268324 0.10023999214172363 5.31420373916626 0.2901625633239746
 269361 0.10057950019836426 5.335021257400513 0.29049229621887207
 270400 0.10106396675109863 5.357748985290527 0.29260826110839844
 271441 0.10151195526123047 5.377995491027832 0.2940199375152588
 272484 0.10199141502380371 5.399874210357666 0.29366302490234375
 273529 0.10225200653076172 5.420323848724365 0.2948598861694336
 274576 0.1026163101196289 5.442912578582764 0.2969975471496582
 275625 0.10303354263305664 5.462321758270264 0.29787397384643555
 276676 0.10351872444152832 5.48594069480896 0.29919004440307617
 277729 0.10395312309265137 5.5102527141571045 0.3000185489654541
 278784 0.10413002967834473 5.526133298873901 0.3002445697784424
 279841 0.10471606254577637 5.547799110412598 0.30159425735473633
 280900 0.10498571395874023 5.570556879043579 0.3025205135345459
 281961 0.1053926944732666 5.592421054840088 0.303478479385376
 283024 0.10568380355834961 5.613141298294067 0.3048713207244873
 284089 0.10610079765319824 5.6383278369903564 0.3062400817871094
 285156 0.10641622543334961 5.657841682434082 0.3081972599029541
 286225 0.10691690444946289 5.677920341491699 0.3093440532684326
 287296 0.1073617935180664 5.702345848083496 0.30933356285095215
 288369 0.1077425479888916 5.720914840698242 0.3105895519256592
 289444 0.10819172859191895 5.744276762008667 0.31183958053588867
 290521 0.10857748985290527 5.7695887088775635 0.31251096725463867
 291600 0.10896182060241699 5.789475679397583 0.31376028060913086
 292681 0.1093301773071289 5.8101630210876465 0.31533241271972656
 293764 0.10973215103149414 5.830812692642212 0.31629443168640137
 294849 0.11020565032958984 5.854753732681274 0.31720447540283203
 295936 0.1105504035949707 5.8768486976623535 0.3184819221496582
 297025 0.11106586456298828 5.9000184535980225 0.3202197551727295
 298116 0.11131787300109863 5.921586513519287 0.3208193778991699
 299209 0.11174941062927246 5.943748950958252 0.3224983215332031
 300304 0.1121830940246582 5.963852882385254 0.3243253231048584
 301401 0.11257147789001465 5.987119197845459 0.3253927230834961
 302500 0.11302399635314941 6.009363651275635 0.325634241104126
 303601 0.1136476993560791 6.031975269317627 0.32691264152526855
 304704 0.11384797096252441 6.055306434631348 0.32904887199401855
 305809 0.11421418190002441 6.077983140945435 0.32990503311157227
 306916 0.11460113525390625 6.099752902984619 0.33043336868286133
 308025 0.1150522232055664 6.1233603954315186 0.33183836936950684
 309136 0.11548304557800293 6.144219636917114 0.3325474262237549
 310249 0.11576581001281738 6.1667444705963135 0.33413147926330566
 311364 0.11619305610656738 6.189366579055786 0.33486461639404297
 312481 0.11696219444274902 6.215682506561279 0.33640480041503906
 313600 0.11715221405029297 6.236825466156006 0.3374330997467041
 314721 0.11762642860412598 6.260856866836548 0.3389275074005127
 315844 0.1179502010345459 6.283087730407715 0.34075236320495605
 316969 0.11842155456542969 6.304539442062378 0.342083215713501
 318096 0.1185617446899414 6.326273441314697 0.3422682285308838
 319225 0.11907672882080078 6.351240396499634 0.34314584732055664
 320356 0.11968350410461426 6.374250888824463 0.3445587158203125
 321489 0.12003660202026367 6.396368980407715 0.34590864181518555
 322624 0.1205604076385498 6.419575214385986 0.3471689224243164
 323761 0.12101054191589355 6.4426116943359375 0.3480215072631836
 324900 0.1213221549987793 6.465357303619385 0.3497774600982666
 326041 0.12183713912963867 6.490110635757446 0.35056424140930176
 327184 0.12221813201904297 6.5138161182403564 0.35155320167541504
 328329 0.12258195877075195 6.537118434906006 0.3529016971588135
 329476 0.12300348281860352 6.5588648319244385 0.35428380966186523
 330625 0.12345647811889648 6.583550930023193 0.356142520904541
 331776 0.12398219108581543 6.608680248260498 0.3582911491394043
 332929 0.1241295337677002 6.628562927246094 0.3595278263092041
 334084 0.12483978271484375 6.65328049659729 0.35921144485473633
 335241 0.12493085861206055 6.675720453262329 0.36038684844970703
 336400 0.12549304962158203 6.700170516967773 0.3633553981781006
 337561 0.1259605884552002 6.722629547119141 0.3641371726989746
 338724 0.12664294242858887 6.745157957077026 0.36395931243896484
 339889 0.12694764137268066 6.769826412200928 0.3657958507537842
 341056 0.12726759910583496 6.794726848602295 0.3664886951446533
 342225 0.12779498100280762 6.8186023235321045 0.36769795417785645
 343396 0.1281883716583252 6.843298673629761 0.36921024322509766
 344569 0.12886953353881836 6.865602254867554 0.37026000022888184
 345744 0.12909150123596191 6.889374494552612 0.37317323684692383
 346921 0.12964391708374023 6.916285514831543 0.37306880950927734
 348100 0.12997174263000488 6.936568260192871 0.37561559677124023
 349281 0.13044428825378418 6.960063934326172 0.3769369125366211
 350464 0.13077902793884277 6.986189365386963 0.3769397735595703
 351649 0.131300687789917 7.012955904006958 0.37806105613708496
 352836 0.1316840648651123 7.033969402313232 0.37954115867614746
 354025 0.13222789764404297 7.057949066162109 0.3806800842285156
 355216 0.13257336616516113 7.082540988922119 0.3815269470214844
 356409 0.13309955596923828 7.106727600097656 0.38315534591674805
 357604 0.13353919982910156 7.130799055099487 0.3840348720550537
 358801 0.1340165138244629 7.155155420303345 0.38571882247924805
 360000 0.13448214530944824 7.177172660827637 0.38669657707214355
 361201 0.13484859466552734 7.2044901847839355 0.38837528228759766
 362404 0.13530325889587402 7.230860710144043 0.3912680149078369
 363609 0.1357886791229248 7.252952337265015 0.3921968936920166
 364816 0.1363680362701416 7.28068733215332 0.39225268363952637
 366025 0.12738585472106934 7.304062128067017 0.39310646057128906
 367236 0.12802553176879883 7.326981544494629 0.3963918685913086
 368449 0.12834739685058594 7.3533995151519775 0.3978126049041748
 369664 0.12867236137390137 7.377613067626953 0.39732956886291504
 370881 0.13853788375854492 7.400572299957275 0.39830636978149414
 372100 0.13882136344909668 7.426875591278076 0.39982104301452637
 373321 0.1392824649810791 7.453070402145386 0.40116143226623535
 374544 0.13964271545410156 7.477568626403809 0.40216803550720215
 375769 0.1403498649597168 7.503486394882202 0.403719425201416
 376996 0.14091706275939941 7.52621054649353 0.40636205673217773
 378225 0.14122605323791504 7.551055431365967 0.40836453437805176
 379456 0.14172101020812988 7.576309680938721 0.40726232528686523
 380689 0.1420121192932129 7.600677013397217 0.4093177318572998
 381924 0.14254999160766602 7.626962900161743 0.4103572368621826
 383161 0.14298772811889648 7.652666330337524 0.41300344467163086
 384400 0.13422632217407227 7.6789960861206055 0.4130442142486572
 385641 0.13427138328552246 7.702294111251831 0.414365291595459
 386884 0.1346454620361328 7.727870941162109 0.4154171943664551
 388129 0.13506102561950684 7.753441333770752 0.4174458980560303
 389376 0.14541029930114746 7.779663562774658 0.4183039665222168
 390625 0.14570856094360352 7.803716659545898 0.41976046562194824
 391876 0.1465473175048828 7.830188751220703 0.42112302780151367
 393129 0.14679574966430664 7.856521844863892 0.4222991466522217
 394384 0.14718174934387207 7.883225679397583 0.4255678653717041
 395641 0.1477222442626953 7.909068584442139 0.42709994316101074
 396900 0.14818692207336426 7.933596611022949 0.42679929733276367
 398161 0.14855599403381348 7.956478118896484 0.42808961868286133
 399424 0.14908337593078613 7.983509302139282 0.42889976501464844
 400689 0.1499650478363037 8.008354902267456 0.43051600456237793
 401956 0.15001487731933594 8.035449504852295 0.43141937255859375
 403225 0.15040349960327148 8.060402393341064 0.4330155849456787
 404496 0.15102815628051758 8.090128183364868 0.43628692626953125
 405769 0.1515979766845703 8.111420392990112 0.438169002532959
 407044 0.15195226669311523 8.138765573501587 0.4375319480895996
 408321 0.15245652198791504 8.164956331253052 0.4389762878417969
 409600 0.15311503410339355 8.191945552825928 0.44037294387817383
 410881 0.1531989574432373 8.216732263565063 0.4418201446533203
 412164 0.15381121635437012 8.242159366607666 0.44503092765808105
 413449 0.15427470207214355 8.270082235336304 0.4461338520050049
 414736 0.15473127365112305 8.293896675109863 0.4475867748260498
 416025 0.15526914596557617 8.319708108901978 0.4467806816101074
 417316 0.15566706657409668 8.350468635559082 0.4481520652770996
 418609 0.1562051773071289 8.375142812728882 0.4495866298675537
 419904 0.15668082237243652 8.400349617004395 0.450547456741333
 421201 0.15732693672180176 8.426665306091309 0.4523179531097412
 422500 0.15778255462646484 8.454063653945923 0.4532482624053955
 423801 0.1583089828491211 8.479576587677002 0.4570605754852295
 425104 0.15872788429260254 8.506166696548462 0.45676517486572266
 426409 0.15926003456115723 8.535731077194214 0.4577505588531494
 427716 0.1596665382385254 8.561325788497925 0.4610469341278076
 429025 0.16019988059997559 8.58810567855835 0.46259593963623047
 430336 0.16074204444885254 8.613245964050293 0.4620687961578369
 431649 0.1611800193786621 8.639399528503418 0.46344757080078125
 432964 0.16168594360351562 8.66596794128418 0.46636152267456055
 434281 0.16214442253112793 8.693865537643433 0.4685680866241455
 435600 0.16274690628051758 8.721425771713257 0.4693138599395752
 436921 0.16312241554260254 8.746086597442627 0.47086310386657715
 438244 0.1637101173400879 8.774101495742798 0.47065305709838867
 439569 0.16425299644470215 8.802801609039307 0.47209906578063965
 440896 0.16627073287963867 8.828264236450195 0.47322702407836914
 442225 0.16495227813720703 8.859518051147461 0.47460508346557617
 443556 0.1655893325805664 8.882538557052612 0.478224515914917
 444889 0.16604948043823242 8.909458637237549 0.47722935676574707
 446224 0.16647839546203613 8.937641859054565 0.48016810417175293
 447561 0.16750431060791016 8.964872598648071 0.4819369316101074
 448900 0.1675705909729004 8.992604494094849 0.4810161590576172
 450241 0.16809606552124023 9.018779039382935 0.48227882385253906
 451584 0.1685490608215332 9.047801733016968 0.4841458797454834
 452929 0.16897892951965332 9.076003313064575 0.48585963249206543
 454276 0.16951608657836914 9.103395700454712 0.4871511459350586
 455625 0.17019891738891602 9.131218671798706 0.48893070220947266
 456976 0.17061972618103027 9.156287431716919 0.49168920516967773
 458329 0.17121052742004395 9.182499885559082 0.4928116798400879
 459684 0.17156481742858887 9.211241722106934 0.49256157875061035
 461041 0.17221450805664062 9.240851640701294 0.49385762214660645
 462400 0.17255306243896484 9.269116163253784 0.4972376823425293
 463761 0.17322206497192383 9.295423030853271 0.4987025260925293
 465124 0.17357087135314941 9.32199215888977 0.49857258796691895
 466489 0.1742403507232666 9.351982355117798 0.4996781349182129
 467856 0.1746680736541748 9.378284931182861 0.5012319087982178
 469225 0.17522215843200684 9.405008316040039 0.502854585647583
 470596 0.1756882667541504 9.435300588607788 0.5070595741271973
 471969 0.17631077766418457 9.463695764541626 0.5072979927062988
 473344 0.17663049697875977 9.491806030273438 0.5092761516571045
 474721 0.1769559383392334 9.521029472351074 0.5109364986419678
 476100 0.177717924118042 9.548179626464844 0.5104753971099854
 477481 0.17830634117126465 9.574374914169312 0.5114953517913818
 478864 0.17884349822998047 9.605207204818726 0.5133869647979736
 480249 0.17964553833007812 9.631431579589844 0.5146877765655518
 481636 0.17983794212341309 9.659725427627563 0.5185494422912598
 483025 0.180070161819458 9.688545227050781 0.5195863246917725
 484416 0.1808319091796875 9.722912788391113 0.518681526184082
 485809 0.18155169486999512 9.743683099746704 0.520906925201416
 487204 0.1820516586303711 9.772420406341553 0.5224781036376953
 488601 0.1824021339416504 9.802303075790405 0.5235791206359863
 490000 0.18290066719055176 9.830543279647827 0.525256872177124
 491401 0.183518648147583 9.859020948410034 0.5266923904418945
 492804 0.1839897632598877 9.888082027435303 0.5281145572662354
 494209 0.18450140953063965 9.918680429458618 0.5297989845275879
 495616 0.18494558334350586 9.944452047348022 0.5334441661834717
 497025 0.1857166290283203 9.977454423904419 0.5349626541137695
 498436 0.18613171577453613 10.00234341621399 0.5342457294464111
 499849 0.18646454811096191 10.031884908676147 0.5353848934173584
 501264 0.1871809959411621 10.061415433883667 0.5368690490722656
 502681 0.18752717971801758 10.089609384536743 0.5383772850036621
 504100 0.18835830688476562 10.121668577194214 0.540393590927124
 505521 0.1886460781097412 10.15137004852295 0.5419430732727051
 506944 0.1893010139465332 10.177366971969604 0.5448610782623291
 508369 0.18974781036376953 10.205196619033813 0.5473153591156006
 509796 0.19033217430114746 10.237127542495728 0.5481841564178467
 511225 0.19070792198181152 10.264598846435547 0.5475385189056396
 512656 0.19135260581970215 10.29238748550415 0.5507702827453613
 514089 0.19174790382385254 10.319792032241821 0.5528271198272705
 515524 0.1926734447479248 10.351159811019897 0.551868200302124
 516961 0.19302606582641602 10.38150429725647 0.553727388381958
 518400 0.1934831142425537 10.409968376159668 0.5551290512084961
 519841 0.19397449493408203 10.442355632781982 0.5564322471618652
 521284 0.19463157653808594 10.469809532165527 0.5604715347290039
 522729 0.19507765769958496 10.500071048736572 0.5616962909698486
 524176 0.19579458236694336 10.529719352722168 0.560997724533081
 525625 0.19604182243347168 10.557851314544678 0.5626199245452881
 527076 0.19664692878723145 10.587897777557373 0.5642316341400146
 528529 0.19711542129516602 10.616454839706421 0.565598726272583
 529984 0.19792509078979492 10.647700548171997 0.5673654079437256
 531441 0.184983491897583 10.676669597625732 0.5689892768859863
 532900 0.18552708625793457 10.706308364868164 0.5729968547821045
 534361 0.18615937232971191 10.735742330551147 0.573760986328125
 535824 0.18652987480163574 10.767687320709229 0.5738604068756104
 537289 0.20060968399047852 10.798185586929321 0.5749599933624268
 538756 0.20096802711486816 10.827489137649536 0.5765140056610107
 540225 0.2015974521636963 10.857606172561646 0.5784153938293457
 541696 0.2021939754486084 10.886858701705933 0.5800743103027344
 543169 0.20271968841552734 10.91616415977478 0.5812959671020508
 544644 0.20328807830810547 10.946094751358032 0.5826349258422852
 546121 0.2038562297821045 10.975542068481445 0.584345817565918
 547600 0.20417189598083496 11.006819009780884 0.5876784324645996
 549081 0.20490622520446777 11.036398887634277 0.5892796516418457
 550564 0.2053985595703125 11.068309545516968 0.5895290374755859
 552049 0.20615434646606445 11.099192380905151 0.5903787612915039
 553536 0.20653605461120605 11.128615856170654 0.591841459274292
 555025 0.2073681354522705 11.15862488746643 0.5964758396148682
 556516 0.19373416900634766 11.188997745513916 0.5956552028656006
 558009 0.19428133964538574 11.220579385757446 0.5974376201629639
 559504 0.19493818283081055 11.249933958053589 0.5987095832824707
 561001 0.1955704689025879 11.279232501983643 0.6002073287963867
 562500 0.20985102653503418 11.311577796936035 0.6022810935974121
 564001 0.21055150032043457 11.34037160873413 0.6032135486602783
 565504 0.21124672889709473 11.373444557189941 0.6049654483795166
 567009 0.21152091026306152 11.40161657333374 0.6063101291656494
 568516 0.21217942237854004 11.433852672576904 0.6103737354278564
 570025 0.21271061897277832 11.465381145477295 0.6116526126861572
 571536 0.2132430076599121 11.495762586593628 0.6113042831420898
 573049 0.21404075622558594 11.527491807937622 0.6127152442932129
 574564 0.21436166763305664 11.558045625686646 0.613994836807251
 576081 0.21507549285888672 11.58866572380066 0.6165573596954346
 577600 0.21559548377990723 11.6198570728302 0.6200969219207764
 579121 0.2162630558013916 11.65225863456726 0.6215188503265381
 580644 0.21669816970825195 11.67986273765564 0.6212217807769775
 582169 0.21730327606201172 11.714548826217651 0.6225712299346924
 583696 0.21786832809448242 11.743255853652954 0.6266555786132812
 585225 0.21845722198486328 11.77964735031128 0.6295890808105469
 586756 0.21883463859558105 11.805468797683716 0.6278703212738037
 588289 0.2194957733154297 11.837640762329102 0.6293075084686279
 589824 0.22031474113464355 11.869520425796509 0.6307978630065918
 591361 0.22059226036071777 11.900832414627075 0.6330108642578125
 592900 0.22125864028930664 11.93112587928772 0.6375579833984375
 594441 0.22184491157531738 11.963534832000732 0.6360039710998535
 595984 0.2222738265991211 11.99627161026001 0.6372785568237305
 597529 0.22298979759216309 12.032331228256226 0.6391003131866455
 599076 0.22336363792419434 12.061342000961304 0.6405735015869141
 600625 0.224151611328125 12.090685844421387 0.6422533988952637
 602176 0.2246403694152832 12.123535394668579 0.6467044353485107
 603729 0.22524809837341309 12.151253700256348 0.6485426425933838
 605284 0.22606992721557617 12.186668395996094 0.6471958160400391
 606841 0.22676801681518555 12.213255167007446 0.6493310928344727
 608400 0.22712349891662598 12.251063108444214 0.652857780456543
 609961 0.22768592834472656 12.278900146484375 0.6545073986053467
 611524 0.2282259464263916 12.312911987304688 0.6537964344024658
 613089 0.22907638549804688 12.347825288772583 0.6556379795074463
 614656 0.22930216789245605 12.37575387954712 0.6570744514465332
 616225 0.22990798950195312 12.408107280731201 0.6589884757995605
 617796 0.23022174835205078 12.440584182739258 0.6604790687561035
 619369 0.2311112880706787 12.47335171699524 0.662360668182373
 620944 0.23177480697631836 12.50585126876831 0.6667490005493164
 622521 0.23226547241210938 12.536954402923584 0.6683130264282227
 624100 0.23290038108825684 12.570906400680542 0.667323112487793
 625681 0.2333996295928955 12.601903200149536 0.6690216064453125
 627264 0.23413777351379395 12.63344669342041 0.6700277328491211
 628849 0.23467731475830078 12.665183544158936 0.6715352535247803
 630436 0.23523402214050293 12.699861764907837 0.6730754375457764
 632025 0.23589491844177246 12.733368635177612 0.6750814914703369
 633616 0.23642897605895996 12.762970447540283 0.6791753768920898
 635209 0.23728275299072266 12.795443296432495 0.6809065341949463
 636804 0.23789286613464355 12.829174280166626 0.6797382831573486
 638401 0.23836016654968262 12.864295721054077 0.681640625
 640000 0.23875021934509277 12.894442319869995 0.6832659244537354
 641601 0.23935937881469727 12.9283607006073 0.685084342956543
 643204 0.23993778228759766 12.958531856536865 0.6896276473999023
 644809 0.24060797691345215 12.993606328964233 0.6908857822418213
 646416 0.2412099838256836 13.024328231811523 0.6899209022521973
 648025 0.24175000190734863 13.056482791900635 0.6917531490325928
 649636 0.24243545532226562 13.089989185333252 0.6966004371643066
 651249 0.24289584159851074 13.123153448104858 0.6981160640716553
 652864 0.24360370635986328 13.159064292907715 0.6968727111816406
 654481 0.24422049522399902 13.189405679702759 0.6987743377685547
 656100 0.24473285675048828 13.222318649291992 0.7003138065338135
 657721 0.2452998161315918 13.255943536758423 0.7021517753601074
 659344 0.2460341453552246 13.297110557556152 0.7039749622344971
 660969 0.2466573715209961 13.322035074234009 0.7056028842926025
 662596 0.2473461627960205 13.35831356048584 0.7071912288665771
 664225 0.2478320598602295 13.391431331634521 0.7088649272918701
 665856 0.2483675479888916 13.420679330825806 0.7137956619262695
 667489 0.24892377853393555 13.454333782196045 0.7147791385650635
 669124 0.24940967559814453 13.488035678863525 0.714360237121582
 670761 0.25028014183044434 13.521998167037964 0.7155864238739014
 672400 0.25066590309143066 13.556489706039429 0.7176096439361572
 674041 0.25148582458496094 13.590028762817383 0.7194228172302246
 675684 0.2520778179168701 13.626797914505005 0.7236075401306152
 677329 0.252734899520874 13.656772375106812 0.7254524230957031
 678976 0.25304365158081055 13.69083833694458 0.7273659706115723
 680625 0.2538168430328369 13.726805448532104 0.7291388511657715
 682276 0.2543942928314209 13.758878707885742 0.7282869815826416
 683929 0.25493335723876953 13.795345067977905 0.7303175926208496
 685584 0.2557508945465088 13.827040195465088 0.7314257621765137
 687241 0.2564656734466553 13.858328580856323 0.733691930770874
 688900 0.25711607933044434 13.892582178115845 0.7379953861236572
 690561 0.2575857639312744 13.928099155426025 0.7402329444885254
 692224 0.25826501846313477 13.961384057998657 0.7388503551483154
 693889 0.25914430618286133 13.993958950042725 0.741008996963501
 695556 0.2594113349914551 14.030533075332642 0.7417807579040527
 697225 0.2598836421966553 14.065727949142456 0.7437496185302734
 698896 0.2606644630432129 14.09778618812561 0.7456116676330566
 700569 0.26134610176086426 14.131945610046387 0.747166633605957
 702244 0.2622957229614258 14.16777229309082 0.7490570545196533
 703921 0.26259803771972656 14.200674533843994 0.7507820129394531
 705600 0.26329851150512695 14.235981702804565 0.7523601055145264
 707281 0.2638084888458252 14.266809225082397 0.7546322345733643
 708964 0.2645871639251709 14.30496859550476 0.7561790943145752
 710649 0.2652699947357178 14.338525772094727 0.7582395076751709
 712336 0.2658097743988037 14.371703147888184 0.7630882263183594
 714025 0.2663867473602295 14.407159805297852 0.7644798755645752
 715716 0.26725196838378906 14.442077159881592 0.7630898952484131
 717409 0.2673366069793701 14.475265502929688 0.7646207809448242
 719104 0.26834607124328613 14.51708698272705 0.7672193050384521
 720801 0.2689931392669678 14.54636526107788 0.7688217163085938
 722500 0.26943445205688477 14.580625295639038 0.7734048366546631
 724201 0.2702455520629883 14.616984605789185 0.7751152515411377
 725904 0.2709341049194336 14.64886999130249 0.7741365432739258
 727609 0.2713921070098877 14.685232639312744 0.7752747535705566
 729316 0.2538125514984131 14.719020128250122 0.7777063846588135
 731025 0.2543203830718994 14.757802486419678 0.7795238494873047
 732736 0.2548398971557617 14.794585227966309 0.784569263458252
 734449 0.25546741485595703 14.828049898147583 0.7864327430725098
 736164 0.274444580078125 14.859200239181519 0.7841322422027588
 737881 0.25673651695251465 14.892261028289795 0.7868478298187256
 739600 0.25677990913391113 14.928818225860596 0.7885890007019043
 741321 0.2579689025878906 14.9636971950531 0.790313720703125
 743044 0.25818300247192383 14.998549699783325 0.7918798923492432
 744769 0.2778639793395996 15.03572964668274 0.7940261363983154
 746496 0.27536702156066895 15.071096420288086 0.7953295707702637
 748225 0.27910280227661133 15.107218742370605 0.7968952655792236
 749956 0.2770404815673828 15.140912294387817 0.7988839149475098
 751689 0.28035902976989746 15.177403450012207 0.8011536598205566
 753424 0.2789633274078369 15.213440179824829 0.8056249618530273
 755161 0.28163766860961914 15.247563123703003 0.8080487251281738
 756900 0.27930140495300293 15.281598567962646 0.809455394744873
 758641 0.2828397750854492 15.31902265548706 0.8114809989929199
 760384 0.26442432403564453 15.354083061218262 0.8102600574493408
 762129 0.2651243209838867 15.388132572174072 0.812044620513916
 763876 0.2656881809234619 15.42507791519165 0.8144416809082031
 765625 0.26625609397888184 15.460432291030884 0.8157165050506592
 767376 0.2859523296356201 15.495371103286743 0.8176779747009277
 769129 0.28692173957824707 15.536106824874878 0.8199639320373535
 770884 0.2875368595123291 15.56790566444397 0.8214097023010254
 772641 0.2882261276245117 15.605979442596436 0.8235516548156738
 774400 0.28884124755859375 15.641940593719482 0.8251209259033203
 776161 0.28960680961608887 15.674558401107788 0.8267402648925781
 777924 0.2901639938354492 15.710990190505981 0.829059362411499
 779689 0.2908041477203369 15.747939825057983 0.8308417797088623
 781456 0.29146265983581543 15.784146070480347 0.8358702659606934
 783225 0.2924673557281494 15.824837446212769 0.837592363357544
 784996 0.29293394088745117 15.859923601150513 0.8356411457061768
 786769 0.2935009002685547 15.895820617675781 0.8415074348449707
 788544 0.2939915657043457 15.929548025131226 0.8402774333953857
 790321 0.2951176166534424 15.965770959854126 0.841895341873169
 792100 0.29537248611450195 16.003371953964233 0.8448467254638672
 793881 0.2958378791809082 16.04049587249756 0.8458976745605469
 795664 0.29676389694213867 16.075970888137817 0.8480949401855469
 797449 0.29741668701171875 16.110979795455933 0.8499636650085449
 799236 0.2980613708496094 16.148302793502808 0.8513846397399902
 801025 0.298875093460083 16.185656785964966 0.8533945083618164
 802816 0.2996528148651123 16.220003604888916 0.8583173751831055
 804609 0.30025482177734375 16.25844979286194 0.8576915264129639
 806404 0.3007798194885254 16.295137643814087 0.858529806137085
 808201 0.30141782760620117 16.330043077468872 0.8611791133880615
 810000 0.3022189140319824 16.36756920814514 0.8626339435577393
 811801 0.3028590679168701 16.405564546585083 0.864234209060669
 813604 0.3035705089569092 16.437628030776978 0.8696813583374023
 815409 0.30403947830200195 16.482175588607788 0.871941328048706
 817216 0.3048520088195801 16.51833176612854 0.8700096607208252
 819025 0.30525827407836914 16.554309368133545 0.872295618057251
 820836 0.30649352073669434 16.590789318084717 0.8739690780639648
 822649 0.3068397045135498 16.62650418281555 0.8757600784301758
 824464 0.30767011642456055 16.66579246520996 0.877974271774292
 826281 0.3081245422363281 16.700706243515015 0.8796982765197754
 828100 0.30854177474975586 16.73774528503418 0.8847792148590088
 829921 0.30949974060058594 16.777737617492676 0.886909008026123
 831744 0.3102250099182129 16.812368392944336 0.8881783485412598
 833569 0.31063365936279297 16.849853992462158 0.8874533176422119
 835396 0.3116776943206787 16.886346340179443 0.8893692493438721
 837225 0.3120148181915283 16.923321962356567 0.8917274475097656
 839056 0.3129255771636963 16.96640110015869 0.8936474323272705
 840889 0.31357693672180176 17.000397443771362 0.8971414566040039
 842724 0.3137781620025635 17.04040026664734 0.8968567848205566
 844561 0.3148212432861328 17.07455277442932 0.8991854190826416
 846400 0.31562352180480957 17.11266303062439 0.9004809856414795
 848241 0.31620097160339355 17.150965690612793 0.9024016857147217
 850084 0.31665611267089844 17.18838858604431 0.9084980487823486
 851929 0.3177978992462158 17.224774837493896 0.909796953201294
 853776 0.31842494010925293 17.26361632347107 0.9087157249450684
 855625 0.3191184997558594 17.30281972885132 0.9101436138153076
 857476 0.3201406002044678 17.338950395584106 0.9126942157745361
 859329 0.3204941749572754 17.37859344482422 0.914334774017334
 861184 0.32129740715026855 17.415907382965088 0.9200077056884766
 863041 0.3215200901031494 17.451627731323242 0.9215466976165771
 864900 0.3226780891418457 17.48923087120056 0.9201560020446777
 866761 0.32350707054138184 17.52775263786316 0.9221575260162354
 868624 0.32413148880004883 17.56817865371704 0.9237217903137207
 870489 0.3247263431549072 17.605026245117188 0.9256155490875244
 872356 0.3254885673522949 17.645424365997314 0.9316363334655762
 874225 0.32610011100769043 17.68159031867981 0.9335417747497559
 876096 0.32716798782348633 17.735066652297974 0.9321892261505127
 877969 0.3275411128997803 17.760844945907593 0.9336206912994385
 879844 0.328341007232666 17.796748161315918 0.9398655891418457
 881721 0.32908153533935547 17.83835506439209 0.9413950443267822
 883600 0.3292264938354492 17.87578248977661 0.9398231506347656
 885481 0.3300480842590332 17.914846420288086 0.9415931701660156
 887364 0.330946683883667 17.953168153762817 0.9440333843231201
 889249 0.33159661293029785 17.987975120544434 0.945533037185669
 891136 0.3325066566467285 18.026389598846436 0.9480090141296387
 893025 0.33324694633483887 18.06637454032898 0.9503457546234131
 894916 0.33383965492248535 18.104239463806152 0.9521777629852295
 896809 0.3346095085144043 18.144407510757446 0.9537777900695801
 898704 0.33533644676208496 18.182726621627808 0.9595859050750732
 900601 0.3360750675201416 18.222975254058838 0.9582674503326416
 902500 0.33632683753967285 18.260170221328735 0.963407039642334
 904401 0.33667993545532227 18.297848224639893 0.9657156467437744
 906304 0.3377852439880371 18.337953090667725 0.9632997512817383
 908209 0.3391392230987549 18.37877631187439 0.9661436080932617
 910116 0.3396341800689697 18.41899538040161 0.967606782913208
 912025 0.33981776237487793 18.453157424926758 0.9694414138793945
 913936 0.34061741828918457 18.494436740875244 0.9753410816192627
 915849 0.34154534339904785 18.532187938690186 0.9778594970703125
 917764 0.34232449531555176 18.570849895477295 0.9758996963500977
 919681 0.34317922592163086 18.6130108833313 0.9773471355438232
 921600 0.3435859680175781 18.648213624954224 0.9836881160736084
 923521 0.34389567375183105 18.68809151649475 0.985584020614624
 925444 0.34519195556640625 18.732744693756104 0.9837007522583008
 927369 0.3459796905517578 18.76897668838501 0.9857244491577148
 929296 0.34682488441467285 18.809288501739502 0.9919188022613525
 931225 0.34731078147888184 18.845622062683105 0.9899828433990479
 933156 0.34818339347839355 18.886046648025513 0.99576735496521
 935089 0.3481121063232422 18.925809383392334 0.9972391128540039
 937024 0.34944820404052734 18.967380046844482 0.9958755970001221
 938961 0.3502657413482666 19.005611658096313 0.9978208541870117
 940900 0.3510444164276123 19.044947624206543 0.9998722076416016
 942841 0.35187482833862305 19.083926916122437 1.0021162033081055
 944784 0.3522360324859619 19.124178171157837 1.003753423690796
 946729 0.3525834083557129 19.16504740715027 1.0057005882263184
 948676 0.35392284393310547 19.206888437271118 1.008195400238037
 950625 0.35457777976989746 19.24636435508728 1.01015043258667
 952576 0.35531115531921387 19.283729553222656 1.0157859325408936
 954529 0.356189489364624 19.32377600669861 1.0190050601959229
 956484 0.35678672790527344 19.36326289176941 1.0171780586242676
 958441 0.3572354316711426 19.403228282928467 1.018172025680542
 960400 0.33338069915771484 19.443884134292603 1.02024245262146
 962361 0.33425378799438477 19.485385417938232 1.0221233367919922
 964324 0.33525776863098145 19.525136709213257 1.028679609298706
 966289 0.3355095386505127 19.563793659210205 1.030566930770874
 968256 0.3612034320831299 19.605361700057983 1.0288939476013184
 970225 0.3586723804473877 19.646892786026 1.0307939052581787
 972196 0.33826708793640137 19.685529470443726 1.0370121002197266
 974169 0.33865928649902344 19.734864950180054 1.0401270389556885
 976144 0.33955860137939453 19.766290426254272 1.0369555950164795
 978121 0.3404967784881592 19.808249473571777 1.0391302108764648
 980100 0.364957332611084 19.844729900360107 1.0450196266174316
 982081 0.36661577224731445 19.8875789642334 1.0466833114624023
 984064 0.3670029640197754 19.933722019195557 1.045447587966919
 986049 0.3677511215209961 19.96990942955017 1.0469896793365479
 988036 0.36855649948120117 20.00979518890381 1.0494787693023682
 990025 0.3700523376464844 20.05377697944641 1.0508334636688232
 992016 0.3699829578399658 20.090134143829346 1.0573415756225586
 994009 0.37054920196533203 20.12996006011963 1.0603692531585693
 996004 0.3717489242553711 20.172712087631226 1.0582835674285889
 998001 0.3471686840057373 20.21572756767273 1.0603094100952148