
 9 1.0251998901367188e-05 0.0002613067626953125 9.298324584960938e-06
 16 1.049041748046875e-05 0.0003921985626220703 1.5497207641601562e-05
 25 1.2874603271484375e-05 0.0005593299865722656 2.765655517578125e-05
 36 1.71661376953125e-05 0.0007555484771728516 3.743171691894531e-05
 49 1.9311904907226562e-05 0.0009834766387939453 5.2928924560546875e-05
 64 2.288818359375e-05 0.0012433528900146484 6.985664367675781e-05
 81 2.7179718017578125e-05 0.001611471176147461 8.821487426757812e-05
 100 3.1948089599609375e-05 0.0018749237060546875 0.00010657310485839844
 121 3.743171691894531e-05 0.0022430419921875 0.0001285076141357422
 144 4.4345855712890625e-05 0.0026667118072509766 0.00015282630920410156
 169 5.14984130859375e-05 0.003081083297729492 0.0001780986785888672
 196 5.745887756347656e-05 0.0035507678985595703 0.00020813941955566406
 225 6.651878356933594e-05 0.0040967464447021484 0.00023484230041503906
 256 7.343292236328125e-05 0.004595041275024414 0.00029587745666503906
 289 8.58306884765625e-05 0.005186557769775391 0.00030875205993652344
 324 9.918212890625e-05 0.005823373794555664 0.0003495216369628906
 361 0.000110626220703125 0.006475210189819336 0.0003933906555175781
 400 0.0001239776611328125 0.007167339324951172 0.00044035911560058594
 441 0.0001380443572998047 0.00789952278137207 0.0004839897155761719
 484 0.00015234947204589844 0.00865626335144043 0.0005307197570800781
 529 0.00016760826110839844 0.009449958801269531 0.0005853176116943359
 576 0.00018453598022460938 0.010280370712280273 0.0006337165832519531
 625 0.00020051002502441406 0.011139154434204102 0.0006949901580810547
 676 0.00021791458129882812 0.012024879455566406 0.0007488727569580078
 729 0.0002353191375732422 0.012948989868164062 0.000812530517578125
 784 0.0002532005310058594 0.013921976089477539 0.0008704662322998047
 841 0.0002739429473876953 0.014947652816772461 0.0009341239929199219
 900 0.0002961158752441406 0.015980005264282227 0.0010056495666503906
 961 0.00032019615173339844 0.017060279846191406 0.001065969467163086
 1024 0.0003383159637451172 0.018152236938476562 0.0011556148529052734
 1089 0.00035881996154785156 0.019316673278808594 0.0012180805206298828
 1156 0.00038123130798339844 0.020463228225708008 0.00128936767578125
 1225 0.00040411949157714844 0.02170419692993164 0.001379251480102539
 1296 0.00042819976806640625 0.02294158935546875 0.0014553070068359375
 1369 0.0004520416259765625 0.024219989776611328 0.0015201568603515625
 1444 0.0004775524139404297 0.02557229995727539 0.0015933513641357422
 1521 0.0005042552947998047 0.026853084564208984 0.0016875267028808594
 1600 0.00052642822265625 0.028285980224609375 0.0017764568328857422
 1681 0.0005574226379394531 0.02969527244567871 0.0018649101257324219
 1764 0.0005857944488525391 0.0311276912689209 0.001963376998901367
 1849 0.000614166259765625 0.032649993896484375 0.0020542144775390625
 1936 0.0006430149078369141 0.034143924713134766 0.0021514892578125
 2025 0.0006737709045410156 0.03572821617126465 0.0022470951080322266
 2116 0.0007047653198242188 0.037323713302612305 0.002349853515625
 2209 0.0007352828979492188 0.038936614990234375 0.0024526119232177734
 2304 0.0007677078247070312 0.040624380111694336 0.0025739669799804688
 2401 0.0008018016815185547 0.04229140281677246 0.002664327621459961
 2500 0.0008347034454345703 0.04404306411743164 0.0027735233306884766
 2601 0.0008680820465087891 0.045816898345947266 0.0028848648071289062
 2704 0.0009033679962158203 0.04762864112854004 0.0029904842376708984
 2809 0.0009324550628662109 0.04944801330566406 0.0031130313873291016
 2916 0.0009713172912597656 0.0513148307800293 0.0032472610473632812
 3025 0.0010104179382324219 0.05322766304016113 0.003361940383911133
 3136 0.0010585784912109375 0.05515766143798828 0.003465890884399414
 3249 0.0010862350463867188 0.05721592903137207 0.003574848175048828
 3364 0.0011258125305175781 0.05915260314941406 0.0037162303924560547
 3481 0.0011773109436035156 0.061205148696899414 0.0038466453552246094
 3600 0.0012052059173583984 0.06322884559631348 0.0039920806884765625
 3721 0.0012443065643310547 0.06534051895141602 0.004106044769287109
 3844 0.0012874603271484375 0.06758809089660645 0.004255771636962891
 3969 0.001329660415649414 0.06970906257629395 0.004388093948364258
 4096 0.0013735294342041016 0.07193207740783691 0.004525899887084961
 4225 0.001415252685546875 0.07417631149291992 0.004645347595214844
 4356 0.0014605522155761719 0.07644152641296387 0.004815101623535156
 4489 0.0014963150024414062 0.07883548736572266 0.004934072494506836
 4624 0.001550436019897461 0.08117008209228516 0.005090236663818359
 4761 0.0015947818756103516 0.0836033821105957 0.005222320556640625
 4900 0.0016446113586425781 0.0859215259552002 0.005389690399169922
 5041 0.001689910888671875 0.08839011192321777 0.0055294036865234375
 5184 0.0017385482788085938 0.09093546867370605 0.005712985992431641
 5329 0.0017855167388916016 0.09344267845153809 0.005841493606567383
 5476 0.001888275146484375 0.09592151641845703 0.006012916564941406
 5625 0.0018780231475830078 0.09866213798522949 0.006174325942993164
 5776 0.0019292831420898438 0.10119795799255371 0.006343364715576172
 5929 0.0019943714141845703 0.10393857955932617 0.0065114498138427734
 6084 0.002055644989013672 0.1065371036529541 0.006649017333984375
 6241 0.002093076705932617 0.10945940017700195 0.006838560104370117
 6400 0.0021462440490722656 0.11217021942138672 0.007005214691162109
 6561 0.002199888229370117 0.11497831344604492 0.00716090202331543
 6724 0.0022459030151367188 0.11777544021606445 0.007328510284423828
 6889 0.0023119449615478516 0.12073135375976562 0.0075283050537109375
 7056 0.0023674964904785156 0.12369871139526367 0.0077362060546875
 7225 0.0024254322052001953 0.12643671035766602 0.007889986038208008
 7396 0.002481222152709961 0.12955522537231445 0.008081197738647461
 7569 0.0025396347045898438 0.1326737403869629 0.008259773254394531
 7744 0.002586841583251953 0.1357288360595703 0.00842738151550293
 7921 0.0026755332946777344 0.1386113166809082 0.008582115173339844
 8100 0.0027365684509277344 0.14203619956970215 0.008806705474853516
 8281 0.0027666091918945312 0.14496397972106934 0.008986473083496094
 8464 0.0028536319732666016 0.14841532707214355 0.009209632873535156
 8649 0.0029020309448242188 0.15156030654907227 0.009369611740112305
 8836 0.0029783248901367188 0.1550281047821045 0.009578943252563477
 9025 0.003030061721801758 0.15838074684143066 0.009792804718017578
 9216 0.0030946731567382812 0.16174602508544922 0.009983301162719727
 9409 0.003173351287841797 0.16525840759277344 0.010203838348388672
 9604 0.0032236576080322266 0.16877055168151855 0.010429859161376953
 9801 0.0032901763916015625 0.172255277633667 0.010600090026855469
 10000 0.003371715545654297 0.1757218837738037 0.010820865631103516
 10201 0.0034406185150146484 0.17926406860351562 0.011077642440795898
 10404 0.003491640090942383 0.18296265602111816 0.011262893676757812
 10609 0.003560304641723633 0.18662667274475098 0.011463642120361328
 10816 0.0036439895629882812 0.1903083324432373 0.011686325073242188
 11025 0.0037012100219726562 0.1939082145690918 0.011913061141967773
 11236 0.0037567615509033203 0.198089599609375 0.012127876281738281
 11449 0.0038437843322753906 0.20186161994934082 0.012348175048828125
 11664 0.003911018371582031 0.2054424285888672 0.01257634162902832
 11881 0.0039882659912109375 0.20977115631103516 0.012790679931640625
 12100 0.004065752029418945 0.21339869499206543 0.013034582138061523
 12321 0.004121065139770508 0.21752667427062988 0.01324772834777832
 12544 0.004206418991088867 0.22181463241577148 0.01350855827331543
 12769 0.004262447357177734 0.22576689720153809 0.013716936111450195
 12996 0.004362821578979492 0.2298297882080078 0.013968467712402344
 13225 0.004457712173461914 0.233872652053833 0.014216423034667969
 13456 0.004537343978881836 0.23792672157287598 0.01446080207824707
 13689 0.00459599494934082 0.24225163459777832 0.014688730239868164
 13924 0.004686832427978516 0.246474027633667 0.015019416809082031
 14161 0.004748821258544922 0.25109052658081055 0.01521921157836914
 14400 0.004842519760131836 0.255145788192749 0.015427827835083008
 14641 0.004961490631103516 0.2595407962799072 0.015679359436035156
 14884 0.0049974918365478516 0.2641124725341797 0.015963077545166016
 15129 0.00509190559387207 0.2686600685119629 0.01622939109802246
 15376 0.005163669586181641 0.27318453788757324 0.01651763916015625
 15625 0.005252361297607422 0.27766990661621094 0.016738414764404297
 15876 0.005350589752197266 0.2820565700531006 0.01699542999267578
 16129 0.005429267883300781 0.2870934009552002 0.017295122146606445
 16384 0.005489349365234375 0.2915022373199463 0.017534732818603516
 16641 0.005581855773925781 0.296112060546875 0.017789125442504883
 16900 0.005666255950927734 0.30029988288879395 0.018048524856567383
 17161 0.005780458450317383 0.3051912784576416 0.0184633731842041
 17424 0.005837440490722656 0.310344934463501 0.01862621307373047
 17689 0.005942344665527344 0.3153705596923828 0.01892566680908203
 17956 0.006029844284057617 0.3200850486755371 0.01918172836303711
 18225 0.006087779998779297 0.32468676567077637 0.019483089447021484
 18496 0.006209135055541992 0.3295583724975586 0.01979827880859375
 18769 0.006264209747314453 0.3349931240081787 0.020033836364746094
 19044 0.006398439407348633 0.3399641513824463 0.02029585838317871
 19321 0.0064656734466552734 0.3448348045349121 0.020580053329467773
 19600 0.006584882736206055 0.3496565818786621 0.02090620994567871
 19881 0.006682872772216797 0.3546602725982666 0.02118396759033203
 20164 0.006758451461791992 0.3606436252593994 0.021525859832763672
 20449 0.006873369216918945 0.3659698963165283 0.021770715713500977
 20736 0.006960630416870117 0.37091064453125 0.022050142288208008
 21025 0.007082223892211914 0.37513232231140137 0.022379159927368164
 21316 0.0071637630462646484 0.3805348873138428 0.022729158401489258
 21609 0.007270336151123047 0.3868095874786377 0.02302098274230957
 21904 0.007372140884399414 0.39221858978271484 0.023299455642700195
 22201 0.007470130920410156 0.3979215621948242 0.023612022399902344
 22500 0.007543325424194336 0.402679443359375 0.023929119110107422
 22801 0.007681369781494141 0.4076969623565674 0.024228334426879883
 23104 0.007771492004394531 0.41443705558776855 0.02455449104309082
 23409 0.007874727249145508 0.4199180603027344 0.02489495277404785
 23716 0.007960319519042969 0.4253506660461426 0.025214195251464844
 24025 0.008077383041381836 0.42993974685668945 0.025640010833740234
 24336 0.008192300796508789 0.43566226959228516 0.025853395462036133
 24649 0.008294105529785156 0.4427196979522705 0.026190996170043945
 24964 0.00840306282043457 0.4483797550201416 0.026604175567626953
 25281 0.008468389511108398 0.45415234565734863 0.026799678802490234
 25600 0.008620023727416992 0.4588139057159424 0.02710413932800293
 25921 0.008730173110961914 0.464648962020874 0.02747821807861328
 26244 0.00881052017211914 0.47225117683410645 0.027858972549438477
 26569 0.008938789367675781 0.4778916835784912 0.02814960479736328
 26896 0.009050130844116211 0.48331117630004883 0.02854442596435547
 27225 0.009164571762084961 0.4888477325439453 0.02882552146911621
 27556 0.00928044319152832 0.4945647716522217 0.0291593074798584
 27889 0.009336709976196289 0.5020618438720703 0.029569387435913086
 28224 0.009451627731323242 0.5081453323364258 0.02992868423461914
 28561 0.009610414505004883 0.5141897201538086 0.03016972541809082
 28900 0.009690523147583008 0.5192856788635254 0.030629396438598633
 29241 0.009839773178100586 0.5254099369049072 0.0309295654296875
 29584 0.009953498840332031 0.5332450866699219 0.03126955032348633
 29929 0.010071516036987305 0.5392565727233887 0.031598567962646484
 30276 0.010139703750610352 0.5464377403259277 0.032073020935058594
 30625 0.010275125503540039 0.5507485866546631 0.032388925552368164
 30976 0.01039266586303711 0.5571413040161133 0.03269815444946289
 31329 0.010503768920898438 0.5650253295898438 0.03303837776184082
 31684 0.010657548904418945 0.5721821784973145 0.033470869064331055
 32041 0.010725736618041992 0.5781736373901367 0.03376603126525879
 32400 0.010904550552368164 0.5839254856109619 0.03419208526611328
 32761 0.010993719100952148 0.5901751518249512 0.03461813926696777
 33124 0.01113748550415039 0.5981814861297607 0.03500723838806152
 33489 0.01127767562866211 0.6058337688446045 0.035399436950683594
 33856 0.01137685775756836 0.6127662658691406 0.03589677810668945
 34225 0.01150822639465332 0.6176459789276123 0.036258697509765625
 34596 0.01164388656616211 0.6249816417694092 0.03658485412597656
 34969 0.011773824691772461 0.6340208053588867 0.03704214096069336
 35344 0.01186990737915039 0.6412649154663086 0.03742408752441406
 35721 0.011973142623901367 0.6491210460662842 0.037857770919799805
 36100 0.01211094856262207 0.654008150100708 0.03825259208679199
 36481 0.012356042861938477 0.6609127521514893 0.03871440887451172
 36864 0.012427330017089844 0.6714158058166504 0.0391077995300293
 37249 0.012553215026855469 0.6776013374328613 0.039498329162597656
 37636 0.012659549713134766 0.685377836227417 0.039942264556884766
 38025 0.012827634811401367 0.6903178691864014 0.04038548469543457
 38416 0.012920141220092773 0.6987090110778809 0.04076981544494629
 38809 0.013093233108520508 0.7076106071472168 0.0413212776184082
 39204 0.013225078582763672 0.7149202823638916 0.04169917106628418
 39601 0.01329803466796875 0.723257303237915 0.04210829734802246
 40000 0.013503313064575195 0.7284574508666992 0.04256463050842285
 40401 0.013634443283081055 0.7353200912475586 0.04298853874206543
 40804 0.013726949691772461 0.7457637786865234 0.043511152267456055
 41209 0.01389312744140625 0.7544510364532471 0.04385638236999512
 41616 0.01404118537902832 0.7621915340423584 0.044344186782836914
 42025 0.014133214950561523 0.7680587768554688 0.04474520683288574
 42436 0.014355897903442383 0.774299144744873 0.04526209831237793
 42849 0.014405012130737305 0.7868518829345703 0.04567980766296387
 43264 0.01454782485961914 0.7938504219055176 0.04607105255126953
 43681 0.014676809310913086 0.8023641109466553 0.0464322566986084
 44100 0.014858007431030273 0.8066103458404541 0.046999216079711914
 44521 0.014974594116210938 0.8144478797912598 0.047405242919921875
 44944 0.015178918838500977 0.8259108066558838 0.04787421226501465
 45369 0.015284538269042969 0.8340442180633545 0.048439741134643555
 45796 0.015417814254760742 0.8423960208892822 0.04877185821533203
 46225 0.015589237213134766 0.8470942974090576 0.04927420616149902
 46656 0.015708446502685547 0.8552544116973877 0.049825429916381836
 47089 0.015882015228271484 0.868107795715332 0.05023527145385742
 47524 0.01602792739868164 0.8760433197021484 0.05065011978149414
 47961 0.016141653060913086 0.8836092948913574 0.051268815994262695
 48400 0.016320466995239258 0.8897712230682373 0.051694631576538086
 48841 0.016552209854125977 0.89731764793396 0.052242279052734375
 49284 0.01668405532836914 0.9101264476776123 0.05280160903930664
 49729 0.016794204711914062 0.9180705547332764 0.05350375175476074
 50176 0.016896486282348633 0.9276669025421143 0.05364060401916504
 50625 0.017034530639648438 0.9326515197753906 0.05413198471069336
 51076 0.01719951629638672 0.9403300285339355 0.05455970764160156
 51529 0.017377614974975586 0.9538347721099854 0.05505728721618652
 51984 0.017507314682006836 0.9624924659729004 0.055694580078125
 52441 0.017659664154052734 0.9706614017486572 0.05612063407897949
 52900 0.017859458923339844 0.9756283760070801 0.05665230751037598
 53361 0.018096446990966797 0.9837660789489746 0.0571293830871582
 53824 0.018125295639038086 0.9982092380523682 0.057651519775390625
 54289 0.018342018127441406 1.0083510875701904 0.05813884735107422
 54756 0.01851201057434082 1.0158746242523193 0.058650970458984375
 55225 0.01855945587158203 1.0197720527648926 0.05907917022705078
 55696 0.01887822151184082 1.0298430919647217 0.05964779853820801
 56169 0.018952608108520508 1.042433500289917 0.060204267501831055
 56644 0.019275426864624023 1.0533185005187988 0.06064772605895996
 57121 0.019507169723510742 1.0623772144317627 0.06124138832092285
 57600 0.019474267959594727 1.0660595893859863 0.06188654899597168
 58081 0.019634008407592773 1.0751953125 0.062197208404541016
 58564 0.019741058349609375 1.0905838012695312 0.0626072883605957
 59049 0.01994943618774414 1.0983433723449707 0.06325817108154297
 59536 0.020090341567993164 1.1091384887695312 0.06376338005065918
 60025 0.020287275314331055 1.1121563911437988 0.06437492370605469
 60516 0.020472288131713867 1.1222999095916748 0.06483840942382812
 61009 0.020812034606933594 1.1380348205566406 0.06539702415466309
 61504 0.02077794075012207 1.1476171016693115 0.06586813926696777
 62001 0.021097898483276367 1.1564440727233887 0.06638097763061523
 62500 0.021136760711669922 1.1610796451568604 0.06689143180847168
 63001 0.02149057388305664 1.1708617210388184 0.06750988960266113
 63504 0.021390438079833984 1.1857678890228271 0.06798338890075684
 64009 0.02176952362060547 1.1953163146972656 0.06866645812988281
 64516 0.0218050479888916 1.2048988342285156 0.06916594505310059
 65025 0.02224421501159668 1.2103915214538574 0.06965947151184082
 65536 0.022188901901245117 1.2187552452087402 0.07027888298034668
 66049 0.022507190704345703 1.2355144023895264 0.07084822654724121
 66564 0.022457599639892578 1.2459564208984375 0.07144045829772949
 67081 0.022869110107421875 1.256559133529663 0.07181239128112793
 67600 0.022928714752197266 1.2612531185150146 0.07251095771789551
 68121 0.023223400115966797 1.2700490951538086 0.07307934761047363
 68644 0.023195743560791016 1.2882814407348633 0.07365679740905762
 69169 0.023621082305908203 1.2986998558044434 0.0742499828338623
 69696 0.023601055145263672 1.3085110187530518 0.07477402687072754
 70225 0.023912906646728516 1.312431812286377 0.07539248466491699
 70756 0.023964405059814453 1.3223936557769775 0.07595419883728027
 71289 0.0244143009185791 1.339660406112671 0.0765225887298584
 71824 0.024321794509887695 1.3519439697265625 0.07707691192626953
 72361 0.024739980697631836 1.3625080585479736 0.07776427268981934
 72900 0.02471756935119629 1.3667237758636475 0.07806539535522461
 73441 0.02505636215209961 1.3767240047454834 0.07878780364990234
 73984 0.025017261505126953 1.396472454071045 0.0794227123260498
 74529 0.025450468063354492 1.4061217308044434 0.07998800277709961
 75076 0.02535724639892578 1.4170198440551758 0.08061885833740234
 75625 0.025821924209594727 1.4209225177764893 0.08119988441467285
 76176 0.025777578353881836 1.432831048965454 0.08179950714111328
 76729 0.026266098022460938 1.4508042335510254 0.0824747085571289
 77284 0.026214122772216797 1.4615628719329834 0.0830838680267334
 77841 0.026613235473632812 1.4741885662078857 0.08371162414550781
 78400 0.026560544967651367 1.4769105911254883 0.08424687385559082
 78961 0.026945829391479492 1.4872698783874512 0.08487677574157715
 79524 0.02689981460571289 1.50722336769104 0.08531761169433594
 80089 0.027309417724609375 1.5182929039001465 0.08597183227539062
 80656 0.02730727195739746 1.5300495624542236 0.08655548095703125
 81225 0.027773380279541016 1.5333216190338135 0.08709526062011719
 81796 0.027700424194335938 1.5454432964324951 0.08775615692138672
 82369 0.02813887596130371 1.564807653427124 0.08852648735046387
 82944 0.028122901916503906 1.5760142803192139 0.08907961845397949
 83521 0.02850818634033203 1.5868332386016846 0.0897212028503418
 84100 0.028445959091186523 1.5902419090270996 0.09030771255493164
 84681 0.02898097038269043 1.6016864776611328 0.09097862243652344
 85264 0.028904199600219727 1.6225318908691406 0.09189534187316895
 85849 0.02933979034423828 1.6345679759979248 0.09217524528503418
 86436 0.02971172332763672 1.6464214324951172 0.09272289276123047
 87025 0.02981734275817871 1.649935245513916 0.0936431884765625
 87616 0.029642343521118164 1.661198377609253 0.09418869018554688
 88209 0.03017878532409668 1.6827607154846191 0.09476089477539062
 88804 0.030190706253051758 1.6940438747406006 0.09540176391601562
 89401 0.030527830123901367 1.7050294876098633 0.09603643417358398
 90000 0.030542612075805664 1.7086803913116455 0.09661078453063965
 90601 0.030935049057006836 1.7222318649291992 0.09729719161987305
 91204 0.030896663665771484 1.7424416542053223 0.09798407554626465
 91809 0.03145933151245117 1.7552831172943115 0.09864234924316406
 92416 0.03161907196044922 1.767512559890747 0.09918522834777832
 93025 0.03180503845214844 1.7700347900390625 0.10001277923583984
 93636 0.03171253204345703 1.7819814682006836 0.10063385963439941
 94249 0.032196998596191406 1.8036563396453857 0.10129284858703613
 94864 0.03217911720275879 1.8173696994781494 0.10203790664672852
 95481 0.03259921073913574 1.829336404800415 0.10263705253601074
 96100 0.032564401626586914 1.8315026760101318 0.10337305068969727
 96721 0.03353452682495117 1.843010425567627 0.10398411750793457
 97344 0.03298044204711914 1.8653771877288818 0.10470175743103027
 97969 0.033449649810791016 1.8793072700500488 0.10543107986450195
 98596 0.03352785110473633 1.89066743850708 0.10603070259094238
 99225 0.03401494026184082 1.8946795463562012 0.10668110847473145
 99856 0.034401655197143555 1.9051728248596191 0.10731983184814453
 100489 0.034441232681274414 1.9309771060943604 0.10806822776794434
 101124 0.03421211242675781 1.9440383911132812 0.1089010238647461
 101761 0.034766435623168945 1.9575531482696533 0.10945320129394531
 102400 0.03471946716308594 1.9592769145965576 0.11009502410888672
 103041 0.03533506393432617 1.9719572067260742 0.11065173149108887
 103684 0.035333871841430664 1.9964230060577393 0.11151385307312012
 104329 0.035614013671875 2.0081660747528076 0.11224842071533203
 104976 0.0356287956237793 2.0208218097686768 0.11295938491821289
 105625 0.03619098663330078 2.024388313293457 0.11362934112548828
 106276 0.03608965873718262 2.0370163917541504 0.1142568588256836
 106929 0.036562442779541016 2.0616188049316406 0.1149449348449707
 107584 0.03646445274353027 2.0751965045928955 0.11561203002929688
 108241 0.03706860542297363 2.0883259773254395 0.11631321907043457
 108900 0.037003517150878906 2.090013265609741 0.11699175834655762
 109561 0.0376133918762207 2.1028740406036377 0.11793208122253418
 110224 0.037283897399902344 2.1279244422912598 0.11842179298400879
 110889 0.03782510757446289 2.1414709091186523 0.11929917335510254
 111556 0.03805875778198242 2.1536202430725098 0.11995315551757812
 112225 0.03848385810852051 2.157426118850708 0.12073278427124023
 112896 0.0383610725402832 2.1710705757141113 0.12133121490478516
 113569 0.03890180587768555 2.196937322616577 0.12241101264953613
 114244 0.038681983947753906 2.211535692214966 0.12276959419250488
 114921 0.03945612907409668 2.224531412124634 0.12350678443908691
 115600 0.03919339179992676 2.226148843765259 0.12421607971191406
 116281 0.03976869583129883 2.2396743297576904 0.12505269050598145
 116964 0.03959918022155762 2.266540050506592 0.12581539154052734
 117649 0.040293216705322266 2.2794768810272217 0.12653589248657227
 118336 0.040032386779785156 2.2935168743133545 0.12720203399658203
 119025 0.040792226791381836 2.2953805923461914 0.12782979011535645
 119716 0.040551185607910156 2.309878349304199 0.1285109519958496
 120409 0.041141510009765625 2.3368704319000244 0.12942242622375488
 121104 0.04114484786987305 2.3493874073028564 0.1301429271697998
 121801 0.04154491424560547 2.361647129058838 0.13089609146118164
 122500 0.04164576530456543 2.365783452987671 0.1316206455230713
 123201 0.04223036766052246 2.379122495651245 0.13242459297180176
 123904 0.0422515869140625 2.405013084411621 0.1332848072052002
 124609 0.0426173210144043 2.4200668334960938 0.13402557373046875
 125316 0.042379140853881836 2.433583974838257 0.13506674766540527
 126025 0.04306674003601074 2.4350531101226807 0.13550233840942383
 126736 0.042971134185791016 2.4523098468780518 0.13615202903747559
 127449 0.04354739189147949 2.4761719703674316 0.13694167137145996
 128164 0.04376721382141113 2.4936041831970215 0.13762879371643066
 128881 0.04376339912414551 2.5082592964172363 0.1387012004852295
 129600 0.04395556449890137 2.506300210952759 0.13924145698547363
 130321 0.04445624351501465 2.522852659225464 0.14012670516967773
 131044 0.04483652114868164 2.5528669357299805 0.14095258712768555
 131769 0.04488563537597656 2.5651450157165527 0.1416325569152832
 132496 0.045340538024902344 2.5819215774536133 0.14233922958374023
 133225 0.045449018478393555 2.580881357192993 0.14327692985534668
 133956 0.045816659927368164 2.5952324867248535 0.14398407936096191
 134689 0.04590773582458496 2.62827205657959 0.14480233192443848
 135424 0.046234846115112305 2.641756296157837 0.14568543434143066
 136161 0.04612326622009277 2.6553919315338135 0.1463024616241455
 136900 0.04647660255432129 2.6554551124572754 0.14716243743896484
 137641 0.04733395576477051 2.6726207733154297 0.14804434776306152
 138384 0.04689335823059082 2.7006092071533203 0.14898300170898438
 139129 0.047393798828125 2.716451644897461 0.14965248107910156
 139876 0.047704219818115234 2.7316222190856934 0.15041875839233398
 140625 0.04802846908569336 2.7305896282196045 0.15120577812194824
 141376 0.04807925224304199 2.7477073669433594 0.1519615650177002
 142129 0.04829573631286621 2.77712082862854 0.152693510055542
 142884 0.04842185974121094 2.794325590133667 0.15377211570739746
 143641 0.04877471923828125 2.8096041679382324 0.15443921089172363
 144400 0.04908156394958496 2.806852102279663 0.15516877174377441
 145161 0.04937553405761719 2.8251986503601074 0.15610885620117188
 145924 0.049515485763549805 2.857328176498413 0.15694355964660645
 146689 0.049982309341430664 2.870274066925049 0.1575629711151123
 147456 0.05024361610412598 2.8857057094573975 0.15852665901184082
 148225 0.05048966407775879 2.886378526687622 0.15915727615356445
 148996 0.05066823959350586 2.900327444076538 0.16014313697814941
 149769 0.05087852478027344 2.9334559440612793 0.1610124111175537
 150544 0.05113577842712402 2.9509637355804443 0.16164946556091309
 151321 0.05142474174499512 2.9656238555908203 0.16244935989379883
 152100 0.05161285400390625 2.9632506370544434 0.16344523429870605
 152881 0.05211925506591797 2.981396198272705 0.16452312469482422
 153664 0.05208110809326172 3.011627435684204 0.1650393009185791
 154449 0.052500009536743164 3.031209707260132 0.16609835624694824
 155236 0.05263400077819824 3.043806314468384 0.16703176498413086
 156025 0.05302715301513672 3.043104887008667 0.1675724983215332
 156816 0.053142547607421875 3.0588369369506836 0.16843843460083008
 157609 0.05354762077331543 3.092409610748291 0.1693124771118164
 158404 0.05385708808898926 3.1104822158813477 0.17013120651245117
 159201 0.053949594497680664 3.125375747680664 0.17091107368469238
 160000 0.054425954818725586 3.123414993286133 0.17194342613220215
 160801 0.05474424362182617 3.1420228481292725 0.1728072166442871
 161604 0.054791927337646484 3.1761386394500732 0.17372393608093262
 162409 0.055359601974487305 3.1914138793945312 0.17441105842590332
 163216 0.055639028549194336 3.207444667816162 0.17544937133789062
 164025 0.05574679374694824 3.206289529800415 0.1761469841003418
 164836 0.05604243278503418 3.2262680530548096 0.17765140533447266
 165649 0.05645561218261719 3.261106014251709 0.1778576374053955
 166464 0.05658888816833496 3.2746784687042236 0.17867136001586914
 167281 0.057013750076293945 3.290600538253784 0.17974638938903809
 168100 0.05703997611999512 3.287580966949463 0.18045687675476074
 168921 0.05762672424316406 3.306067705154419 0.18140554428100586
 169744 0.05747509002685547 3.344177484512329 0.18221426010131836
 170569 0.05815744400024414 3.3562207221984863 0.18309426307678223
 171396 0.05981707572937012 3.377159595489502 0.18404245376586914
 172225 0.059967756271362305 3.3724570274353027 0.18492865562438965
 173056 0.06021761894226074 3.38782000541687 0.1857914924621582
 173889 0.060736656188964844 3.426589250564575 0.18669533729553223
 174724 0.0608675479888916 3.4453117847442627 0.1879124641418457
 175561 0.061155080795288086 3.4633450508117676 0.18873810768127441
 176400 0.06128716468811035 3.4571728706359863 0.18928933143615723
 177241 0.06193137168884277 3.4739458560943604 0.19034743309020996
 178084 0.06189370155334473 3.510708808898926 0.19098973274230957
 178929 0.06232142448425293 3.5294480323791504 0.19199132919311523
 179776 0.06263518333435059 3.549323320388794 0.19327044486999512
 180625 0.0628964900970459 3.541269063949585 0.19416308403015137
 181476 0.06311631202697754 3.56248140335083 0.19515514373779297
 182329 0.0633547306060791 3.600982904434204 0.19606232643127441
 183184 0.06373715400695801 3.6160895824432373 0.1968705654144287
 184041 0.06396603584289551 3.630641460418701 0.19756746292114258
 184900 0.06454944610595703 3.6329057216644287 0.19870543479919434
 185761 0.06462669372558594 3.647562265396118 0.1995551586151123
 186624 0.06512832641601562 3.688223123550415 0.20024585723876953
 187489 0.0652151107788086 3.7064387798309326 0.2012791633605957
 188356 0.06559014320373535 3.7232136726379395 0.2023637294769287
 189225 0.06595826148986816 3.7176854610443115 0.20325899124145508
 190096 0.06625723838806152 3.7345590591430664 0.20433902740478516
 190969 0.0665891170501709 3.775880813598633 0.20522356033325195
 191844 0.06675434112548828 3.794463872909546 0.20623254776000977
 192721 0.06704831123352051 3.8127353191375732 0.20711922645568848
 193600 0.06731748580932617 3.808624029159546 0.20786738395690918
 194481 0.06763362884521484 3.8265035152435303 0.2087852954864502
 195364 0.06795763969421387 3.865478515625 0.20995140075683594
 196249 0.06826448440551758 3.8805103302001953 0.2109384536743164
 197136 0.06861448287963867 3.902294397354126 0.21146059036254883
 198025 0.06887483596801758 3.8984005451202393 0.21282243728637695
 198916 0.06940436363220215 3.915799379348755 0.21382474899291992
 199809 0.06969738006591797 3.9568839073181152 0.21465206146240234
 200704 0.06986546516418457 3.973642349243164 0.2155609130859375
 201601 0.0701608657836914 3.991231918334961 0.21655702590942383
 202500 0.0704503059387207 3.9888601303100586 0.21716618537902832
 203401 0.0707707405090332 4.007300138473511 0.21831226348876953
 204304 0.07097625732421875 4.04724907875061 0.21932244300842285
 205209 0.07136726379394531 4.066932678222656 0.2202596664428711
 206116 0.07186651229858398 4.088759899139404 0.22117900848388672
 207025 0.07207298278808594 4.080791473388672 0.22206354141235352
 207936 0.07236480712890625 4.098622560501099 0.22333812713623047
 208849 0.07264900207519531 4.142333507537842 0.2241344451904297
 209764 0.07310748100280762 4.158405542373657 0.2248992919921875
 210681 0.07324838638305664 4.176862001419067 0.22594261169433594
 211600 0.07359743118286133 4.172039270401001 0.2270951271057129
 212521 0.07401084899902344 4.19311785697937 0.22800850868225098
 213444 0.07438445091247559 4.2348151206970215 0.2287287712097168
 214369 0.07461977005004883 4.254845380783081 0.2294633388519287
 215296 0.07483077049255371 4.272637605667114 0.23097491264343262
 216225 0.07504796981811523 4.267009258270264 0.23165440559387207
 217156 0.07521867752075195 4.286123514175415 0.2327883243560791
 218089 0.07581686973571777 4.33198881149292 0.23402762413024902
 219024 0.07624983787536621 4.348411560058594 0.23503589630126953
 219961 0.07663989067077637 4.368308067321777 0.23621249198913574
 220900 0.0768280029296875 4.3627684116363525 0.2369093894958496
 221841 0.07723140716552734 4.3807995319366455 0.2378067970275879
 222784 0.0773766040802002 4.425204277038574 0.23895931243896484
 223729 0.0777275562286377 4.447425365447998 0.24000287055969238
 224676 0.07822966575622559 4.466241359710693 0.24071598052978516
 225625 0.07844710350036621 4.4575278759002686 0.2418074607849121
 226576 0.07879853248596191 4.4777750968933105 0.24295902252197266
 227529 0.07905983924865723 4.526243686676025 0.24404215812683105
 228484 0.07936787605285645 4.540902614593506 0.24486446380615234
 229441 0.0798647403717041 4.559855222702026 0.2459733486175537
 230400 0.08008575439453125 4.557276487350464 0.2472212314605713
 231361 0.08092927932739258 4.5751307010650635 0.2480332851409912
 232324 0.08146905899047852 4.6245200634002686 0.24884843826293945
 233289 0.08127260208129883 4.640370607376099 0.2496483325958252
 234256 0.0815725326538086 4.659683704376221 0.2511253356933594
 235225 0.08215188980102539 4.652174472808838 0.25256848335266113
 236196 0.08229565620422363 4.675180196762085 0.25283265113830566
 237169 0.08262252807617188 4.722753047943115 0.2543041706085205
 238144 0.08290863037109375 4.742377281188965 0.2551248073577881
 239121 0.08333325386047363 4.762786149978638 0.25620603561401367
 240100 0.08372879028320312 4.752759218215942 0.25753307342529297
 241081 0.08411097526550293 4.771363973617554 0.25853633880615234
 242064 0.0845787525177002 4.82200288772583 0.25937438011169434
 243049 0.08485627174377441 4.842803239822388 0.2603893280029297
 244036 0.08505129814147949 4.861958265304565 0.2617619037628174
 245025 0.0855247974395752 4.853580951690674 0.26256895065307617
 246016 0.08572888374328613 4.872504949569702 0.26325154304504395
 247009 0.08605146408081055 4.922998666763306 0.2646944522857666
 248004 0.08660531044006348 4.94480299949646 0.2656426429748535
 249001 0.08695340156555176 4.962003707885742 0.2667577266693115
 250000 0.08708405494689941 4.954819202423096 0.267627477645874
 251001 0.08749580383300781 4.974638223648071 0.26863908767700195
 252004 0.08775901794433594 5.026454448699951 0.2699563503265381
 253009 0.08823919296264648 5.047539710998535 0.2712714672088623
 254016 0.08862948417663574 5.070314884185791 0.2722342014312744
 255025 0.08915877342224121 5.0559165477752686 0.27329492568969727
 256036 0.08920526504516602 5.076595067977905 0.2738046646118164
 257049 0.08963322639465332 5.128484010696411 0.2750868797302246
 258064 0.08979940414428711 5.149942636489868 0.27643871307373047
 259081 0.09039068222045898 5.171034812927246 0.2772858142852783
 260100 0.09068059921264648 5.160001516342163 0.27886033058166504
 261121 0.09095525741577148 5.180553197860718 0.27976465225219727
 262144 0.09124135971069336 5.235137224197388 0.2804839611053467
 263169 0.09192347526550293 5.252390623092651 0.28209757804870605
 264196 0.09201550483703613 5.275202512741089 0.28295421600341797
 265225 0.09253287315368652 5.265477895736694 0.2842068672180176
 266256 0.09290647506713867 5.286870002746582 0.28510451316833496
 267289 0.09331274032592773 5.340998888015747 0.2861752510070801
 268324 0.09332966804504395 5.360066175460815 0.28756260871887207
 269361 0.09377098083496094 5.382493257522583 0.28839778900146484
 270400 0.09416341781616211 5.372234582901001 0.28923797607421875
 271441 0.09444737434387207 5.390716552734375 0.29034924507141113
 272484 0.0948948860168457 5.448121786117554 0.29160046577453613
 273529 0.09541535377502441 5.468403100967407 0.2927122116088867
 274576 0.09550237655639648 5.49294114112854 0.29415035247802734
 275625 0.09630084037780762 5.478821754455566 0.2952699661254883
 276676 0.09645605087280273 5.499909162521362 0.29612278938293457
 277729 0.09644460678100586 5.553735971450806 0.2970466613769531
 278784 0.09696531295776367 5.574066638946533 0.29876232147216797
 279841 0.09765911102294922 5.598043441772461 0.2996973991394043
 280900 0.0980381965637207 5.5852370262146 0.30036067962646484
 281961 0.09821438789367676 5.607419967651367 0.301419734954834
 283024 0.09847164154052734 5.662354946136475 0.3032546043395996
 284089 0.09897089004516602 5.683598756790161 0.3040633201599121
 285156 0.0992746353149414 5.7070252895355225 0.305462121963501
 286225 0.10003781318664551 5.692684888839722 0.30666232109069824
 287296 0.09999442100524902 5.7181336879730225 0.3074805736541748
 288369 0.10030078887939453 5.769233226776123 0.30853915214538574
 289444 0.1008749008178711 5.793220520019531 0.3103902339935303
 290521 0.10091972351074219 5.814016819000244 0.3110389709472656
 291600 0.10146784782409668 5.804117918014526 0.3120384216308594
 292681 0.10181355476379395 5.825240135192871 0.31319212913513184
 293764 0.10217714309692383 5.886297225952148 0.3141028881072998
 294849 0.10364747047424316 5.906386137008667 0.31482863426208496
 295936 0.1039423942565918 5.930808782577515 0.3161602020263672
 297025 0.10414981842041016 5.914673805236816 0.31743502616882324
 298116 0.10529470443725586 5.937258243560791 0.31856441497802734
 299209 0.10532426834106445 5.99819803237915 0.3196675777435303
 300304 0.10545778274536133 6.019152879714966 0.32160425186157227
 301401 0.10610198974609375 6.039522409439087 0.32250094413757324
 302500 0.10654401779174805 6.027092456817627 0.3233983516693115
 303601 0.10687088966369629 6.048803806304932 0.32451367378234863
 304704 0.1071767807006836 6.106779098510742 0.3262948989868164
 305809 0.10746479034423828 6.129287481307983 0.32726311683654785
 306916 0.1080935001373291 6.154035329818726 0.32803964614868164
 308025 0.1083066463470459 6.139331102371216 0.3291971683502197
 309136 0.10880279541015625 6.162291526794434 0.3309345245361328
 310249 0.10803031921386719 6.222500801086426 0.3322737216949463
 311364 0.10994315147399902 6.2432780265808105 0.33319091796875
 312481 0.10978293418884277 6.267988920211792 0.33417797088623047
 313600 0.11012029647827148 6.253855228424072 0.3353462219238281
 314721 0.11071419715881348 6.281421661376953 0.33651232719421387
 315844 0.11048197746276855 6.338156700134277 0.3380146026611328
 316969 0.11168932914733887 6.359681844711304 0.33898425102233887
 318096 0.11179089546203613 6.383320569992065 0.34005022048950195
 319225 0.11244821548461914 6.371216297149658 0.3412942886352539
 320356 0.11294889450073242 6.392784118652344 0.3425920009613037
 321489 0.1125788688659668 6.451907157897949 0.3439922332763672
 322624 0.11336755752563477 6.477206707000732 0.3447837829589844
 323761 0.11360716819763184 6.5005247592926025 0.3459906578063965
 324900 0.11447954177856445 6.482025623321533 0.34703636169433594
 326041 0.1149301528930664 6.509159326553345 0.34854555130004883
 327184 0.11481308937072754 6.5725696086883545 0.34977221488952637
 328329 0.11516141891479492 6.5944507122039795 0.35083866119384766
 329476 0.11555671691894531 6.619767665863037 0.35242342948913574
 330625 0.1160287857055664 6.601614475250244 0.35379981994628906
 331776 0.11676192283630371 6.623528242111206 0.3541712760925293
 332929 0.11691021919250488 6.688515663146973 0.3558034896850586
 334084 0.11735963821411133 6.711456060409546 0.3571197986602783
 335241 0.11778116226196289 6.734166622161865 0.35856199264526367
 336400 0.11788129806518555 6.720265865325928 0.3591599464416504
 337561 0.11888837814331055 6.743224382400513 0.3608996868133545
 338724 0.11878013610839844 6.807292222976685 0.3620584011077881
 339889 0.11916542053222656 6.833091974258423 0.3632524013519287
 341056 0.11972284317016602 6.859315395355225 0.3645601272583008
 342225 0.12022542953491211 6.842527389526367 0.36589980125427246
 343396 0.12017011642456055 6.866723299026489 0.3667290210723877
 344569 0.12090492248535156 6.932419061660767 0.3683009147644043
 345744 0.12103557586669922 6.9522035121917725 0.3692629337310791
 346921 0.12215995788574219 6.9759581089019775 0.3704812526702881
 348100 0.12245464324951172 6.957764387130737 0.3724021911621094
 349281 0.12220096588134766 6.981956958770752 0.3727693557739258
 350464 0.12283706665039062 7.0475311279296875 0.3741142749786377
 351649 0.12325000762939453 7.075078964233398 0.37541937828063965
 352836 0.12403512001037598 7.099130153656006 0.37713623046875
 354025 0.12441635131835938 7.083272457122803 0.3778202533721924
 355216 0.12463045120239258 7.105157136917114 0.37904906272888184
 356409 0.12486839294433594 7.174781560897827 0.38052845001220703
 357604 0.1259007453918457 7.196893930435181 0.3817734718322754
 358801 0.12590861320495605 7.221444606781006 0.38323163986206055
 360000 0.1264185905456543 7.201746940612793 0.3844115734100342
 361201 0.12654638290405273 7.225666046142578 0.3853738307952881
 362404 0.1273798942565918 7.300690412521362 0.38733625411987305
 363609 0.12729096412658691 7.321261644363403 0.3881816864013672
 364816 0.1278679370880127 7.346907138824463 0.3895378112792969
 366025 0.12866687774658203 7.327887535095215 0.390871524810791
 367236 0.1290292739868164 7.349839448928833 0.39243149757385254
 368449 0.12912249565124512 7.420924186706543 0.3935222625732422
 369664 0.12984943389892578 7.443539381027222 0.39468884468078613
 370881 0.13009977340698242 7.474209547042847 0.396251916885376
 372100 0.13055682182312012 7.448689937591553 0.397172212600708
 373321 0.13162612915039062 7.476731777191162 0.3991687297821045
 374544 0.13101768493652344 7.5469441413879395 0.3998551368713379
 375769 0.1318812370300293 7.56950044631958 0.4014098644256592
 376996 0.13218355178833008 7.601444959640503 0.40241241455078125
 378225 0.13242268562316895 7.578984260559082 0.4039483070373535
 379456 0.1327674388885498 7.598773717880249 0.40477442741394043
 380689 0.13347506523132324 7.672608852386475 0.4059619903564453
 381924 0.13374710083007812 7.697687149047852 0.40742063522338867
 383161 0.13437914848327637 7.7267279624938965 0.4085676670074463
 384400 0.13455748558044434 7.705233335494995 0.41054391860961914
 385641 0.13495087623596191 7.726146697998047 0.4115331172943115
 386884 0.13534808158874512 7.795320272445679 0.41304850578308105
 388129 0.1357424259185791 7.823909759521484 0.41440773010253906
 389376 0.1361103057861328 7.8518383502960205 0.4162583351135254
 390625 0.13696002960205078 7.827620983123779 0.4169929027557373
 391876 0.1368722915649414 7.855316162109375 0.41793298721313477
 393129 0.1377277374267578 7.93083119392395 0.4192774295806885
 394384 0.13820624351501465 7.959994316101074 0.4202721118927002
 395641 0.13853192329406738 7.980678081512451 0.42170119285583496
 396900 0.1387338638305664 7.962400436401367 0.423386812210083
 398161 0.13971638679504395 7.981930255889893 0.424358606338501
 399424 0.13986730575561523 8.057177782058716 0.42641377449035645
 400689 0.14014720916748047 8.087036609649658 0.4268622398376465
 401956 0.1408548355102539 8.11558485031128 0.4287147521972656
 403225 0.14165019989013672 8.089720249176025 0.43004703521728516
 404496 0.14159798622131348 8.111952304840088 0.4314897060394287
 405769 0.14216995239257812 8.186817646026611 0.4335963726043701
 407044 0.14237260818481445 8.211482048034668 0.43416309356689453
 408321 0.14307475090026855 8.244522094726562 0.4356400966644287
 409600 0.14330482482910156 8.224276781082153 0.4372680187225342
 410881 0.14412379264831543 8.243191242218018 0.4386765956878662
 412164 0.14414668083190918 8.322117328643799 0.43941545486450195
 413449 0.14421916007995605 8.346565961837769 0.4408121109008789
 414736 0.1453695297241211 8.373234748840332 0.4428575038909912
 416025 0.14562630653381348 8.350070714950562 0.44397616386413574
 417316 0.14617204666137695 8.372774600982666 0.4452216625213623
 418609 0.1465294361114502 8.456917524337769 0.44643664360046387
 419904 0.1467278003692627 8.482738733291626 0.44742894172668457
 421201 0.14721345901489258 8.507460355758667 0.448671817779541
 422500 0.14776849746704102 8.48174262046814 0.4499392509460449
 423801 0.14826345443725586 8.510876655578613 0.45177435874938965
 425104 0.14876413345336914 8.589742660522461 0.4535825252532959
 426409 0.1490945816040039 8.6140718460083 0.4545011520385742
 427716 0.14929842948913574 8.640935182571411 0.4557650089263916
 429025 0.1501176357269287 8.616213321685791 0.4569284915924072
 430336 0.15052127838134766 8.63986349105835 0.4584996700286865
 431649 0.15081381797790527 8.723564147949219 0.46001696586608887
 432964 0.15121078491210938 8.751304149627686 0.46150851249694824
 434281 0.15177655220031738 8.781156778335571 0.4627563953399658
 435600 0.1526017189025879 8.75337266921997 0.46482324600219727
 436921 0.15295004844665527 8.778199195861816 0.4659245014190674
 438244 0.15300250053405762 8.861984729766846 0.4668772220611572
 439569 0.15353989601135254 8.88480830192566 0.46868252754211426
 440896 0.15430903434753418 8.911453485488892 0.46945643424987793
 442225 0.1546483039855957 8.88485860824585 0.47086071968078613
 443556 0.1548328399658203 8.912507772445679 0.47277331352233887
 444889 0.15529155731201172 8.992087125778198 0.4744853973388672
 446224 0.15575551986694336 9.02280068397522 0.4756591320037842
 447561 0.1562960147857666 9.05341100692749 0.4766199588775635
 448900 0.1569986343383789 9.024322509765625 0.4781463146209717
 450241 0.15749907493591309 9.05178713798523 0.4795098304748535
 451584 0.15779948234558105 9.133836269378662 0.48307061195373535
 452929 0.1580827236175537 9.161969661712646 0.48441410064697266
 454276 0.15870308876037598 9.189976692199707 0.48496127128601074
 455625 0.1596841812133789 9.164918661117554 0.48620128631591797
 456976 0.1596999168395996 9.188720226287842 0.48935961723327637
 458329 0.16018962860107422 9.278173208236694 0.4897801876068115
 459684 0.1606769561767578 9.3042573928833 0.4892289638519287
 461041 0.16100430488586426 9.32567048072815 0.49063563346862793
 462400 0.1618967056274414 9.300793647766113 0.4922983646392822
 463761 0.1620180606842041 9.331218957901001 0.49358582496643066
 465124 0.16242527961730957 9.416701793670654 0.49573326110839844
 466489 0.16293120384216309 9.444671630859375 0.49697351455688477
 467856 0.16326189041137695 9.468657493591309 0.4982433319091797
 469225 0.16403627395629883 9.441871643066406 0.49962472915649414
 470596 0.16439390182495117 9.473727941513062 0.501013994216919
 471969 0.1647944450378418 9.55342411994934 0.5029354095458984
 473344 0.16550493240356445 9.580332279205322 0.5043447017669678
 474721 0.16564440727233887 9.609581708908081 0.50608229637146
 476100 0.1664278507232666 9.580283403396606 0.5065097808837891
 477481 0.16675877571105957 9.612055778503418 0.5076947212219238
 478864 0.16762328147888184 9.706257343292236 0.510589599609375
 480249 0.1674797534942627 9.730206727981567 0.5117669105529785
 481636 0.16815757751464844 9.75365662574768 0.5129854679107666
 483025 0.1688377857208252 9.724520683288574 0.5141987800598145
 484416 0.16865897178649902 9.751579284667969 0.5156276226043701
 485809 0.16965842247009277 9.84345269203186 0.517852783203125
 487204 0.17035651206970215 9.867029428482056 0.5184988975524902
 488601 0.17061209678649902 9.897491931915283 0.5195920467376709
 490000 0.17102980613708496 9.866764783859253 0.5210292339324951
 491401 0.17191004753112793 9.896899938583374 0.5229918956756592
 492804 0.17197656631469727 9.983882904052734 0.5248095989227295
 494209 0.1727123260498047 10.013120651245117 0.5265617370605469
 495616 0.1731884479522705 10.047446727752686 0.5273373126983643
 497025 0.17366886138916016 10.017677783966064 0.5286459922790527
 498436 0.17427873611450195 10.041227340698242 0.5299742221832275
 499849 0.17481708526611328 10.131885528564453 0.5316851139068604
 501264 0.1750500202178955 10.162322282791138 0.5340235233306885
 502681 0.17565393447875977 10.189828634262085 0.5351884365081787
 504100 0.17626643180847168 10.160290718078613 0.5360543727874756
 505521 0.17658162117004395 10.189487218856812 0.5379009246826172
 506944 0.17697882652282715 10.282241106033325 0.5394585132598877
 508369 0.1774916648864746 10.30662751197815 0.5413820743560791
 509796 0.1779952049255371 10.335367679595947 0.5418860912322998
 511225 0.1785869598388672 10.301876306533813 0.543968915939331
 512656 0.17899680137634277 10.329445838928223 0.5448179244995117
 514089 0.17939090728759766 10.43258810043335 0.5465624332427979
 515524 0.1799030303955078 10.458414077758789 0.5484788417816162
 516961 0.18042778968811035 10.484319925308228 0.550642728805542
 518400 0.18115544319152832 10.44373607635498 0.5511455535888672
 519841 0.18179774284362793 10.47448182106018 0.5525424480438232
 521284 0.18187189102172852 10.575953722000122 0.5552797317504883
 522729 0.18228578567504883 10.601382493972778 0.5561158657073975
 524176 0.1828632354736328 10.632522821426392 0.5577816963195801
 525625 0.18365836143493652 10.599006414413452 0.5594375133514404
 527076 0.18401050567626953 10.626960277557373 0.5609979629516602
 528529 0.18453097343444824 10.718981742858887 0.5618190765380859
 529984 0.18560791015625 10.758345127105713 0.5635194778442383
 531441 0.18553996086120605 10.778881072998047 0.5648682117462158
 532900 0.18634700775146484 10.745453834533691 0.5665848255157471
 534361 0.18641114234924316 10.781848907470703 0.5680835247039795
 535824 0.18665051460266113 10.88342809677124 0.570166826248169
 537289 0.18713760375976562 10.89980173110962 0.5719201564788818
 538756 0.18819403648376465 10.932843208312988 0.5734105110168457
 540225 0.1887059211730957 10.892149209976196 0.5745470523834229
 541696 0.18931794166564941 10.922226667404175 0.5763454437255859
 543169 0.18944382667541504 11.023604393005371 0.577843189239502
 544644 0.18996930122375488 11.059855222702026 0.5786995887756348
 546121 0.19084978103637695 11.087473630905151 0.5800042152404785
 547600 0.19156694412231445 11.05282974243164 0.5825872421264648
 549081 0.19171452522277832 11.081090211868286 0.5844111442565918
 550564 0.19197726249694824 11.180485248565674 0.585371732711792
 552049 0.19257736206054688 11.204723119735718 0.5870859622955322
 553536 0.19301652908325195 11.238302230834961 0.5879950523376465
 555025 0.1938929557800293 11.197654485702515 0.5900359153747559
 556516 0.19435596466064453 11.230274677276611 0.5917956829071045
 558009 0.19458985328674316 11.332650899887085 0.5937941074371338
 559504 0.19517159461975098 11.361979007720947 0.5954244136810303
 561001 0.19568896293640137 11.397633075714111 0.596409797668457
 562500 0.19634413719177246 11.36292314529419 0.5973179340362549
 564001 0.19684958457946777 11.379814624786377 0.59938645362854
 565504 0.19707822799682617 11.492158889770508 0.6007075309753418
 567009 0.197767972946167 11.513250350952148 0.6022708415985107
 568516 0.19816279411315918 11.548084259033203 0.604957103729248
 570025 0.19867897033691406 11.507715463638306 0.6054575443267822
 571536 0.1993417739868164 11.541111469268799 0.6069705486297607
 573049 0.19965076446533203 11.646185636520386 0.6085999011993408
 574564 0.20024824142456055 11.670974254608154 0.6103663444519043
 576081 0.20058107376098633 11.702466011047363 0.6120452880859375
 577600 0.20113515853881836 11.662352085113525 0.6142723560333252
 579121 0.20194172859191895 11.690876245498657 0.6144399642944336
 580644 0.20256352424621582 11.803118705749512 0.61714768409729
 582169 0.2030797004699707 11.827990293502808 0.6185803413391113
 583696 0.20322418212890625 11.868627071380615 0.6203463077545166
 585225 0.20393729209899902 11.819794178009033 0.6218278408050537
 586756 0.20468950271606445 11.844468593597412 0.6227326393127441
 588289 0.20505952835083008 11.955083847045898 0.6246278285980225
 589824 0.20566892623901367 11.988022565841675 0.627061128616333
 591361 0.20610976219177246 12.018378496170044 0.6285336017608643
 592900 0.20673775672912598 11.991164445877075 0.6304326057434082
 594441 0.20715856552124023 12.01627254486084 0.6318719387054443
 595984 0.2077338695526123 12.116518020629883 0.6327900886535645
 597529 0.20839524269104004 12.145254611968994 0.6350595951080322
 599076 0.20868539810180664 12.173443078994751 0.6359343528747559
 600625 0.20937395095825195 12.138590097427368 0.6374623775482178
 602176 0.2099471092224121 12.170939445495605 0.6387965679168701
 603729 0.210280179977417 12.275452136993408 0.6409294605255127
 605284 0.2108597755432129 12.308192729949951 0.6433525085449219
 606841 0.21143388748168945 12.34050726890564 0.644442081451416
 608400 0.21204710006713867 12.286022424697876 0.6459701061248779
 609961 0.2125532627105713 12.33318829536438 0.647331714630127
 611524 0.21326112747192383 12.442228555679321 0.6493265628814697
 613089 0.21356892585754395 12.468645572662354 0.650911808013916
 614656 0.21399235725402832 12.501124382019043 0.6524174213409424
 616225 0.21478652954101562 12.455606460571289 0.6541271209716797
 617796 0.2160327434539795 12.486400127410889 0.6562063694000244
 619369 0.21603131294250488 12.602019548416138 0.6579153537750244
 620944 0.21662259101867676 12.635895490646362 0.6587817668914795
 622521 0.21688604354858398 12.664875745773315 0.6602094173431396
 624100 0.2176353931427002 12.626614809036255 0.6629989147186279
 625681 0.2179248332977295 12.657872438430786 0.6645288467407227
 627264 0.21846318244934082 12.768909215927124 0.6658408641815186
 628849 0.21884918212890625 12.801614046096802 0.6677021980285645
 630436 0.21987438201904297 12.832675218582153 0.6695387363433838
 632025 0.2202756404876709 12.77974534034729 0.6715548038482666
 633616 0.22067975997924805 12.812891960144043 0.6728565692901611
 635209 0.22128057479858398 12.927382707595825 0.6747701168060303
 636804 0.22179627418518066 12.957775831222534 0.6763765811920166
 638401 0.22231245040893555 12.997227668762207 0.6778616905212402
 640000 0.2230379581451416 12.936264038085938 0.6785750389099121
 641601 0.22358179092407227 12.974239587783813 0.6801726818084717
 643204 0.2240767478942871 13.090848922729492 0.683068037033081
 644809 0.22425198554992676 13.123308420181274 0.6854772567749023
 646416 0.22498822212219238 13.160422801971436 0.6858503818511963
 648025 0.22587823867797852 13.114559173583984 0.6870448589324951
 649636 0.2269580364227295 13.14746880531311 0.6903505325317383
 651249 0.22655749320983887 13.257270574569702 0.6916623115539551
 652864 0.22582602500915527 13.290313482284546 0.6928188800811768
 654481 0.22776460647583008 13.322426557540894 0.6937146186828613
 656100 0.2284235954284668 13.276654720306396 0.6956236362457275
 657721 0.22926592826843262 13.312449932098389 0.6973931789398193
 659344 0.22949433326721191 13.429119110107422 0.7004196643829346
 660969 0.22998714447021484 13.453685283660889 0.701486349105835
 662596 0.23073720932006836 13.49380087852478 0.7033607959747314
 664225 0.23125433921813965 13.448429346084595 0.7042868137359619
 665856 0.2319629192352295 13.47474980354309 0.7066102027893066
 667489 0.23139071464538574 13.593764543533325 0.7074840068817139
 669124 0.23327088356018066 13.6300630569458 0.7099826335906982
 670761 0.23334646224975586 13.672357320785522 0.7114143371582031
 672400 0.23424386978149414 13.609570741653442 0.7126498222351074
 674041 0.23494267463684082 13.650383234024048 0.7140963077545166
 675684 0.23518967628479004 13.762920379638672 0.7174637317657471
 677329 0.23601484298706055 13.793384075164795 0.7184534072875977
 678976 0.23620367050170898 13.83627438545227 0.7198498249053955
 680625 0.23726487159729004 13.789157390594482 0.7217226028442383
 682276 0.23784661293029785 13.818914413452148 0.7231550216674805
 683929 0.23796629905700684 13.93808913230896 0.7248244285583496
 685584 0.23879027366638184 13.972856760025024 0.7271356582641602
 687241 0.23899507522583008 14.000778198242188 0.7286136150360107
 688900 0.23999810218811035 13.94574236869812 0.7300901412963867
 690561 0.2405250072479248 13.989005088806152 0.7334694862365723
 692224 0.24105620384216309 14.107762813568115 0.7341468334197998
 693889 0.24143052101135254 14.143115997314453 0.734844446182251
 695556 0.2423384189605713 14.181093215942383 0.7376594543457031
 697225 0.2429947853088379 14.12029218673706 0.7384119033813477
 698896 0.24367070198059082 14.154451608657837 0.7408607006072998
 700569 0.24399948120117188 14.278146028518677 0.7425227165222168
 702244 0.24431991577148438 14.312721490859985 0.7436337471008301
 703921 0.24489259719848633 14.351060390472412 0.7453656196594238
 705600 0.2457141876220703 14.300466299057007 0.7474100589752197
 707281 0.24638819694519043 14.323205709457397 0.7492184638977051
 708964 0.24689483642578125 14.463012456893921 0.7512767314910889
 710649 0.24721360206604004 14.48435926437378 0.7524909973144531
 712336 0.24860882759094238 14.522953748703003 0.7548372745513916
 714025 0.24917984008789062 14.470997095108032 0.7568824291229248
 715716 0.2494659423828125 14.499475479125977 0.7586894035339355
 717409 0.24961209297180176 14.637433290481567 0.7607617378234863
 719104 0.2501261234283447 14.661920547485352 0.7621138095855713
 720801 0.2504253387451172 14.703369855880737 0.7638461589813232
 722500 0.2516021728515625 14.648337125778198 0.7654979228973389
 724201 0.25255846977233887 14.678419589996338 0.766887903213501
 725904 0.25258350372314453 14.804014682769775 0.7693736553192139
 727609 0.2533266544342041 14.8465096950531 0.7713444232940674
 729316 0.2534968852996826 14.881501913070679 0.7723274230957031
 731025 0.25448036193847656 14.81080436706543 0.7741327285766602
 732736 0.25502920150756836 14.848342657089233 0.7757043838500977
 734449 0.2553088665008545 14.987004518508911 0.7772161960601807
 736164 0.2545444965362549 15.030673027038574 0.779383659362793
 737881 0.2565760612487793 15.050212383270264 0.7818343639373779
 739600 0.25963735580444336 14.99040150642395 0.783416748046875
 741321 0.2585728168487549 15.025991916656494 0.7846524715423584
 743044 0.26036572456359863 15.156151294708252 0.7862186431884766
 744769 0.25940847396850586 15.19520115852356 0.7888839244842529
 746496 0.2614147663116455 15.238294839859009 0.7902176380157471
 748225 0.2603628635406494 15.173564910888672 0.7915623188018799
 749956 0.2627110481262207 15.208079814910889 0.7951059341430664
 751689 0.26154184341430664 15.336978435516357 0.7963278293609619
 753424 0.2638397216796875 15.369073390960693 0.7981796264648438
 755161 0.262775182723999 15.422202348709106 0.8006272315979004
 756900 0.26486730575561523 15.351441621780396 0.801954984664917
 758641 0.2641627788543701 15.385541915893555 0.8038806915283203
 760384 0.2665426731109619 15.516947746276855 0.8063070774078369
 762129 0.2650017738342285 15.553680419921875 0.806403398513794
 763876 0.26612424850463867 15.591947555541992 0.8084707260131836
 765625 0.26648879051208496 15.526576519012451 0.8108060359954834
 767376 0.26706743240356445 15.570204019546509 0.8128316402435303
 769129 0.2673940658569336 15.697813272476196 0.8139219284057617
 770884 0.26833033561706543 15.732749462127686 0.8168048858642578
 772641 0.2687039375305176 15.778845071792603 0.8182668685913086
 774400 0.2694838047027588 15.708555459976196 0.8200094699859619
 776161 0.2699856758117676 15.740468740463257 0.8223268985748291
 777924 0.2704007625579834 15.88197636604309 0.8245911598205566
 779689 0.27100586891174316 15.911674499511719 0.8258283138275146
 781456 0.27170753479003906 15.957641363143921 0.8286998271942139
 783225 0.27240514755249023 15.889088153839111 0.8295116424560547
 784996 0.2730541229248047 15.920824527740479 0.8309755325317383
 786769 0.27342963218688965 16.064901113510132 0.8324332237243652
 788544 0.2742938995361328 16.08842158317566 0.8348569869995117
 790321 0.2748539447784424 16.142664670944214 0.8365383148193359
 792100 0.27550411224365234 16.070197582244873 0.8381929397583008
 793881 0.2762725353240967 16.105459928512573 0.840008020401001
 795664 0.2763652801513672 16.249613285064697 0.8421282768249512
 797449 0.27797651290893555 16.274309158325195 0.8439815044403076
 799236 0.2777552604675293 16.326610803604126 0.8455724716186523
 801025 0.2786526679992676 16.25053310394287 0.847947359085083
 802816 0.2793548107147217 16.287469625473022 0.8493309020996094
 804609 0.27977490425109863 16.43465566635132 0.852348804473877
 806404 0.28036046028137207 16.462458848953247 0.8529870510101318
 808201 0.28083062171936035 16.501847505569458 0.8550982475280762
 810000 0.2820591926574707 16.436246156692505 0.8577976226806641
 811801 0.28236937522888184 16.48557758331299 0.8594980239868164
 813604 0.2828028202056885 16.615288019180298 0.8608238697052002
 815409 0.2834184169769287 16.652230501174927 0.8620889186859131
 817216 0.2841646671295166 16.690200805664062 0.8648359775543213
 819025 0.2849256992340088 16.62329411506653 0.8671524524688721
 820836 0.2860257625579834 16.65851879119873 0.8697478771209717
 822649 0.28590941429138184 16.798201084136963 0.8710999488830566
 824464 0.28646159172058105 16.84143877029419 0.8731517791748047
 826281 0.2871408462524414 16.8869206905365 0.8745830059051514
 828100 0.2879929542541504 16.816452741622925 0.8764090538024902
 829921 0.2885613441467285 16.84898066520691 0.8780033588409424
 831744 0.28910398483276367 16.995163917541504 0.8797664642333984
 833569 0.29039716720581055 17.03554630279541 0.8808882236480713
 835396 0.290163516998291 17.070327758789062 0.8844985961914062
 837225 0.29167723655700684 17.007341384887695 0.8871302604675293
 839056 0.2917611598968506 17.035467386245728 0.8869233131408691
 840889 0.2921597957611084 17.19200301170349 0.8894565105438232
 842724 0.29303908348083496 17.23229146003723 0.8908345699310303
 844561 0.29340219497680664 17.25512957572937 0.8949623107910156
 846400 0.29433107376098633 17.197410345077515 0.8952393531799316
 848241 0.29491376876831055 17.22606611251831 0.8965718746185303
 850084 0.2954530715942383 17.369537830352783 0.9007327556610107
 851929 0.29595422744750977 17.41096544265747 0.9015367031097412
 853776 0.2973475456237793 17.450061321258545 0.9030170440673828
 855625 0.2975955009460449 17.37567973136902 0.9051642417907715
 857476 0.2981889247894287 17.438699960708618 0.9092154502868652
 859329 0.29871129989624023 17.573291301727295 0.9117252826690674
 861184 0.29913783073425293 17.60451102256775 0.9109840393066406
 863041 0.29984617233276367 17.639095067977905 0.913496732711792
 864900 0.3008086681365967 17.567429542541504 0.9150190353393555
 866761 0.30135321617126465 17.603913068771362 0.9176552295684814
 868624 0.301654577255249 17.763447284698486 0.9190459251403809
 870489 0.30248475074768066 17.785969257354736 0.9213285446166992
 872356 0.3035304546356201 17.834980010986328 0.9231827259063721
 874225 0.3042914867401123 17.758809328079224 0.9237992763519287
 876096 0.3053278923034668 17.795278072357178 0.9266600608825684
 877969 0.3049182891845703 17.94290065765381 0.9288742542266846
 879844 0.3056936264038086 17.991297006607056 0.9291219711303711
 881721 0.3064587116241455 18.039830446243286 0.931119441986084
 883600 0.3076786994934082 17.956992387771606 0.9340870380401611
 885481 0.30785679817199707 17.996282815933228 0.9361636638641357
 887364 0.3090362548828125 18.1522114276886 0.9372701644897461
 889249 0.3089151382446289 18.178635835647583 0.9398934841156006
 891136 0.309403657913208 18.226240873336792 0.9419605731964111
 893025 0.31031131744384766 18.151808261871338 0.943770170211792
 894916 0.3112049102783203 18.180418968200684 0.9467227458953857
 896809 0.31145453453063965 18.336676120758057 0.9478163719177246
 898704 0.31293797492980957 18.37280535697937 0.9492557048797607
 900601 0.3128328323364258 18.41439986228943 0.9520840644836426
 902500 0.31377363204956055 18.336552619934082 0.9538493156433105
 904401 0.3143465518951416 18.379002809524536 0.955162525177002
 906304 0.314802885055542 18.539105892181396 0.9583208560943604
 908209 0.3155670166015625 18.58783531188965 0.9600412845611572
 910116 0.31618356704711914 18.625444173812866 0.9614863395690918
 912025 0.3170475959777832 18.558936834335327 0.964169979095459
 913936 0.3176290988922119 18.572498559951782 0.9663684368133545
 915849 0.31792616844177246 18.747300624847412 0.9682803153991699
 917764 0.318514347076416 18.78016948699951 0.969855546951294
 919681 0.31929755210876465 18.81632089614868 0.9705133438110352
 921600 0.32041430473327637 18.73335862159729 0.9741671085357666
 923521 0.32089900970458984 18.77863597869873 0.976409912109375
 925444 0.3213648796081543 18.944982051849365 0.9766354560852051
 927369 0.3220045566558838 18.980811595916748 0.9791977405548096
 929296 0.32273387908935547 19.008460760116577 0.9826335906982422
 931225 0.32370877265930176 18.945373058319092 0.9831335544586182
 933156 0.32436561584472656 18.970370769500732 0.9856200218200684
 935089 0.324676513671875 19.142289638519287 0.9875762462615967
 937024 0.32529187202453613 19.17447519302368 0.9893841743469238
 938961 0.32619190216064453 19.21038246154785 0.990565299987793
 940900 0.3270730972290039 19.14092206954956 0.9933185577392578
 942841 0.32766175270080566 19.177404642105103 0.9957985877990723
 944784 0.32848167419433594 19.3296537399292 0.997441291809082
 946729 0.32968878746032715 19.364611625671387 1.0002210140228271
 948676 0.3293187618255615 19.418304681777954 1.0017049312591553
 950625 0.3302934169769287 19.32521080970764 1.0033302307128906
 952576 0.33092427253723145 19.37814235687256 1.0053610801696777
 954529 0.3313109874725342 19.53715467453003 1.0083065032958984
 956484 0.33459997177124023 19.575036764144897 1.0113041400909424
 958441 0.3350367546081543 19.60945963859558 1.011826753616333
 960400 0.3335707187652588 19.5332293510437 1.0143511295318604
 962361 0.33641481399536133 19.570281505584717 1.0176568031311035
 964324 0.33499598503112793 19.727394342422485 1.0167701244354248
 966289 0.3377354145050049 19.76565933227539 1.0190930366516113
 968256 0.3362851142883301 19.815154790878296 1.0222156047821045
 970225 0.33964037895202637 19.732713222503662 1.0255796909332275
 972196 0.3383615016937256 19.76914381980896 1.025648832321167
 974169 0.3387572765350342 19.92880344390869 1.0276012420654297
 976144 0.3394129276275635 19.98196244239807 1.031822919845581
 978121 0.34009361267089844 20.032796621322632 1.0328121185302734
 980100 0.3418087959289551 19.935739755630493 1.0336823463439941
 982081 0.3412516117095947 19.98326277732849 1.035979986190796
 984064 0.34221720695495605 20.138832092285156 1.0379843711853027
 986049 0.34198784828186035 20.193790197372437 1.0407397747039795
 988036 0.3434910774230957 20.2263081073761 1.0437180995941162
 990025 0.34473252296447754 20.15293836593628 1.0467369556427002
 992016 0.3448526859283447 20.18700933456421 1.047123670578003
 994009 0.34557652473449707 20.357573986053467 1.049443244934082
 996004 0.3465733528137207 20.388994693756104 1.0515987873077393
 998001 0.34630775451660156 20.438761234283447 1.0544257164001465