
 9 2.1696090698242188e-05 2.1696090698242188e-05 1.0967254638671875e-05
 16 1.7404556274414062e-05 1.2874603271484375e-05 1.430511474609375e-05
 25 2.3603439331054688e-05 2.0265579223632812e-05 2.0265579223632812e-05
 36 3.147125244140625e-05 2.4318695068359375e-05 2.7179718017578125e-05
 49 4.1484832763671875e-05 3.409385681152344e-05 3.5762786865234375e-05
 64 5.1975250244140625e-05 3.933906555175781e-05 4.5299530029296875e-05
 81 6.437301635742188e-05 4.553794860839844e-05 5.5789947509765625e-05
 100 7.748603820800781e-05 5.1021575927734375e-05 6.67572021484375e-05
 121 9.250640869140625e-05 6.67572021484375e-05 8.058547973632812e-05
 144 0.00011229515075683594 7.43865966796875e-05 9.417533874511719e-05
 169 0.0001277923583984375 9.298324584960938e-05 0.00010943412780761719
 196 0.00014853477478027344 0.00010395050048828125 0.00012540817260742188
 225 0.0001671314239501953 0.00011396408081054688 0.00014257431030273438
 256 0.0001914501190185547 0.0001270771026611328 0.00016164779663085938
 289 0.00024127960205078125 0.00015473365783691406 0.00018668174743652344
 324 0.00024628639221191406 0.0001709461212158203 0.00021004676818847656
 361 0.00027823448181152344 0.00020265579223632812 0.0002353191375732422
 400 0.0003063678741455078 0.00022268295288085938 0.000263214111328125
 441 0.0003418922424316406 0.0002434253692626953 0.0002923011779785156
 484 0.0003764629364013672 0.00026679039001464844 0.0003230571746826172
 529 0.0004131793975830078 0.0003037452697753906 0.00035381317138671875
 576 0.00045180320739746094 0.0003292560577392578 0.00038623809814453125
 625 0.0004918575286865234 0.000354766845703125 0.0004220008850097656
 676 0.0005311965942382812 0.00038552284240722656 0.000457763671875
 729 0.0005724430084228516 0.0004115104675292969 0.0005099773406982422
 784 0.0006208419799804688 0.0004439353942871094 0.0005333423614501953
 841 0.0006673336029052734 0.0004918575286865234 0.0005731582641601562
 900 0.0007154941558837891 0.0005261898040771484 0.0006153583526611328
 961 0.0007653236389160156 0.0005812644958496094 0.0006570816040039062
 1024 0.0008161067962646484 0.0006177425384521484 0.0007011890411376953
 1089 0.0008692741394042969 0.0006575584411621094 0.0007467269897460938
 1156 0.0009212493896484375 0.0006957054138183594 0.0007936954498291016
 1225 0.0009784698486328125 0.0007371902465820312 0.0008416175842285156
 1296 0.0010364055633544922 0.0007796287536621094 0.0008935928344726562
 1369 0.0010950565338134766 0.0008471012115478516 0.0009438991546630859
 1444 0.0011548995971679688 0.0008916854858398438 0.0009953975677490234
 1521 0.001219034194946289 0.0009391307830810547 0.0010504722595214844
 1600 0.0012836456298828125 0.0009894371032714844 0.0011057853698730469
 1681 0.0013909339904785156 0.0010700225830078125 0.00116729736328125
 1764 0.001407623291015625 0.0011286735534667969 0.0012247562408447266
 1849 0.0015249252319335938 0.0012407302856445312 0.0012812614440917969
 1936 0.0015561580657958984 0.0012481212615966797 0.0013425350189208984
 2025 0.001641988754272461 0.0013222694396972656 0.0014033317565917969
 2116 0.0017044544219970703 0.0013630390167236328 0.0014679431915283203
 2209 0.001795053482055664 0.0014507770538330078 0.001531362533569336
 2304 0.0018584728240966797 0.0015263557434082031 0.001600027084350586
 2401 0.0019497871398925781 0.001573801040649414 0.0016655921936035156
 2500 0.002017498016357422 0.001661062240600586 0.0017361640930175781
 2601 0.002114534378051758 0.001707315444946289 0.0018167495727539062
 2704 0.0021810531616210938 0.0017964839935302734 0.0018763542175292969
 2809 0.002290964126586914 0.0018770694732666016 0.0019521713256835938
 2916 0.002357006072998047 0.0019757747650146484 0.0020270347595214844
 3025 0.002460002899169922 0.0020208358764648438 0.0021119117736816406
 3136 0.0025331974029541016 0.002110719680786133 0.0021774768829345703
 3249 0.0026586055755615234 0.0021724700927734375 0.0022530555725097656
 3364 0.002705812454223633 0.00226593017578125 0.0023279190063476562
 3481 0.0028100013732910156 0.002360820770263672 0.0024313926696777344
 3600 0.002887248992919922 0.0024559497833251953 0.0025017261505126953
 3721 0.0030014514923095703 0.0025615692138671875 0.002575397491455078
 3844 0.0031189918518066406 0.002651214599609375 0.0026721954345703125
 3969 0.0032112598419189453 0.002741575241088867 0.002758502960205078
 4096 0.0033109188079833984 0.0028221607208251953 0.0028502941131591797
 4225 0.00342559814453125 0.0029108524322509766 0.0029325485229492188
 4356 0.0035347938537597656 0.00299835205078125 0.0030269622802734375
 4489 0.0036191940307617188 0.0031347274780273438 0.0031197071075439453
 4624 0.0037453174591064453 0.003221750259399414 0.003210306167602539
 4761 0.003862619400024414 0.0033185482025146484 0.003305673599243164
 4900 0.003960132598876953 0.0034198760986328125 0.0033860206604003906
 5041 0.004073143005371094 0.003570079803466797 0.0034973621368408203
 5184 0.004192352294921875 0.003688812255859375 0.00359344482421875
 5329 0.004282474517822266 0.0038039684295654297 0.003684520721435547
 5476 0.0044095516204833984 0.0039215087890625 0.0037963390350341797
 5625 0.004531145095825195 0.004037380218505859 0.0038955211639404297
 5776 0.004667758941650391 0.004138946533203125 0.003993034362792969
 5929 0.0048296451568603516 0.004262447357177734 0.004113912582397461
 6084 0.004915475845336914 0.004361629486083984 0.004216909408569336
 6241 0.005103349685668945 0.004509687423706055 0.004326581954956055
 6400 0.005177736282348633 0.004633665084838867 0.004435062408447266
 6561 0.005355119705200195 0.004735231399536133 0.0045545101165771484
 6724 0.005442142486572266 0.0048673152923583984 0.004650592803955078
 6889 0.005600690841674805 0.0050640106201171875 0.004775285720825195
 7056 0.005724191665649414 0.00515294075012207 0.004899501800537109
 7225 0.00588679313659668 0.005287647247314453 0.0049936771392822266
 7396 0.0059909820556640625 0.0053806304931640625 0.005126476287841797
 7569 0.006163835525512695 0.005541563034057617 0.005234956741333008
 7744 0.0062525272369384766 0.005671262741088867 0.0053522586822509766
 7921 0.006462812423706055 0.005831480026245117 0.005493879318237305
 8100 0.006546735763549805 0.0059735774993896484 0.005608320236206055
 8281 0.0067577362060546875 0.006092071533203125 0.005728483200073242
 8464 0.006850242614746094 0.006237983703613281 0.0058689117431640625
 8649 0.0070650577545166016 0.0063629150390625 0.005985260009765625
 8836 0.0071485042572021484 0.006515026092529297 0.0061070919036865234
 9025 0.0073604583740234375 0.0066721439361572266 0.0062465667724609375
 9216 0.007463932037353516 0.00679469108581543 0.006357908248901367
 9409 0.007683515548706055 0.006999015808105469 0.006484508514404297
 9604 0.007743358612060547 0.0071489810943603516 0.006643056869506836
 9801 0.007992982864379883 0.007266998291015625 0.006778240203857422
 10000 0.008093833923339844 0.007435798645019531 0.006890773773193359
 10201 0.008333683013916016 0.007689714431762695 0.00704193115234375
 10404 0.008411884307861328 0.0077974796295166016 0.007193326950073242
 10609 0.008638858795166016 0.008012056350708008 0.007318973541259766
 10816 0.008755683898925781 0.008149385452270508 0.007477283477783203
 11025 0.00899815559387207 0.008320331573486328 0.007638692855834961
 11236 0.009088277816772461 0.008489847183227539 0.007750511169433594
 11449 0.009351253509521484 0.008724451065063477 0.007904052734375
 11664 0.009441375732421875 0.008864879608154297 0.00803828239440918
 11881 0.009738683700561523 0.009102344512939453 0.008172273635864258
 12100 0.009763717651367188 0.009289264678955078 0.008352279663085938
 12321 0.010029077529907227 0.009426355361938477 0.008489131927490234
 12544 0.010161876678466797 0.009629487991333008 0.008641481399536133
 12769 0.010422945022583008 0.009907960891723633 0.008805990219116211
 12996 0.010497808456420898 0.01003718376159668 0.008962631225585938
 13225 0.010864973068237305 0.01020503044128418 0.009105205535888672
 13456 0.010902881622314453 0.010370969772338867 0.00928187370300293
 13689 0.011214256286621094 0.010555505752563477 0.009432315826416016
 13924 0.011316537857055664 0.010733604431152344 0.009584665298461914
 14161 0.011593103408813477 0.010922908782958984 0.009757757186889648
 14400 0.011654853820800781 0.011110544204711914 0.009912490844726562
 14641 0.011963129043579102 0.011299610137939453 0.010069608688354492
 14884 0.012107133865356445 0.011485576629638672 0.01026010513305664
 15129 0.012189626693725586 0.011668205261230469 0.01040959358215332
 15376 0.012421369552612305 0.011862516403198242 0.010572195053100586
 15625 0.012753725051879883 0.012067317962646484 0.010745048522949219
 15876 0.012992620468139648 0.012256383895874023 0.01092386245727539
 16129 0.013272285461425781 0.013208627700805664 0.011093616485595703
 16384 0.01322793960571289 0.012728691101074219 0.011261940002441406
 16641 0.013548135757446289 0.012916803359985352 0.01144099235534668
 16900 0.013681411743164062 0.013145923614501953 0.011619806289672852
 17161 0.014094829559326172 0.013404607772827148 0.011794090270996094
 17424 0.014101982116699219 0.013623476028442383 0.011980772018432617
 17689 0.014415979385375977 0.01381373405456543 0.012147903442382812
 17956 0.014487504959106445 0.014034032821655273 0.01232290267944336
 18225 0.014881372451782227 0.014240741729736328 0.012526988983154297
 18496 0.014927148818969727 0.014453649520874023 0.012699365615844727
 18769 0.015351057052612305 0.01475667953491211 0.012874603271484375
 19044 0.015359640121459961 0.014958381652832031 0.013058185577392578
 19321 0.015730619430541992 0.015268325805664062 0.013255834579467773
 19600 0.015909910202026367 0.015489339828491211 0.013450384140014648
 19881 0.016347646713256836 0.015703201293945312 0.013638496398925781
 20164 0.016201496124267578 0.01593303680419922 0.01384282112121582
 20449 0.016700267791748047 0.01623821258544922 0.014025211334228516
 20736 0.016746997833251953 0.016396522521972656 0.01423335075378418
 21025 0.01717686653137207 0.016637802124023438 0.014405012130737305
 21316 0.017223358154296875 0.016852617263793945 0.014605998992919922
 21609 0.01763319969177246 0.017098426818847656 0.014806270599365234
 21904 0.017653465270996094 0.01734328269958496 0.015003204345703125
 22201 0.018123626708984375 0.017743825912475586 0.015218019485473633
 22500 0.018163204193115234 0.017873048782348633 0.015453100204467773
 22801 0.018668651580810547 0.018249988555908203 0.015653371810913086
 23104 0.018621206283569336 0.018465280532836914 0.015842676162719727
 23409 0.01910233497619629 0.018796682357788086 0.016059160232543945
 23716 0.01913309097290039 0.01892566680908203 0.01625657081604004
 24025 0.01971292495727539 0.01919722557067871 0.01648235321044922
 24336 0.019731760025024414 0.01952981948852539 0.016691923141479492
 24649 0.020082473754882812 0.019774675369262695 0.016877412796020508
 24964 0.020188570022583008 0.020035505294799805 0.0171205997467041
 25281 0.020730972290039062 0.020303010940551758 0.017321348190307617
 25600 0.020682573318481445 0.020531177520751953 0.017514467239379883
 25921 0.02143263816833496 0.020843505859375 0.01774764060974121
 26244 0.02121591567993164 0.02107405662536621 0.0179595947265625
 26569 0.021707773208618164 0.021402597427368164 0.018202543258666992
 26896 0.021811485290527344 0.02166891098022461 0.018413782119750977
 27225 0.022537708282470703 0.02216172218322754 0.01864910125732422
 27556 0.022308349609375 0.022230148315429688 0.018877744674682617
 27889 0.022768259048461914 0.02258777618408203 0.019097089767456055
 28224 0.02282094955444336 0.0228579044342041 0.01933574676513672
 28561 0.023370027542114258 0.023137807846069336 0.019521236419677734
 28900 0.02334284782409668 0.023400545120239258 0.019753694534301758
 29241 0.023900270462036133 0.023688554763793945 0.01999974250793457
 29584 0.024947404861450195 0.023955106735229492 0.02025127410888672
 29929 0.024454116821289062 0.024357080459594727 0.020466089248657227
 30276 0.024425983428955078 0.024751901626586914 0.020686864852905273
 30625 0.02502298355102539 0.024938106536865234 0.0209195613861084
 30976 0.025058746337890625 0.025217294692993164 0.02115035057067871
 31329 0.025672435760498047 0.02547287940979004 0.021422147750854492
 31684 0.026849031448364258 0.025803804397583008 0.02164483070373535
 32041 0.02608323097229004 0.026201248168945312 0.021886110305786133
 32400 0.026189804077148438 0.02647995948791504 0.02214503288269043
 32761 0.026840686798095703 0.026896238327026367 0.02236461639404297
 33124 0.0269162654876709 0.027159690856933594 0.022675752639770508
 33489 0.027536869049072266 0.02754378318786621 0.02290511131286621
 33856 0.027592897415161133 0.027823686599731445 0.023165225982666016
 34225 0.028393983840942383 0.028139352798461914 0.023412704467773438
 34596 0.028371810913085938 0.028455495834350586 0.02370429039001465
 34969 0.029105663299560547 0.02881646156311035 0.02396368980407715
 35344 0.029259681701660156 0.02933955192565918 0.024237871170043945
 35721 0.03000020980834961 0.02946949005126953 0.024511098861694336
 36100 0.030156373977661133 0.029790878295898438 0.024752140045166016
 36481 0.030936241149902344 0.030211448669433594 0.025036334991455078
 36864 0.030937910079956055 0.03058171272277832 0.025289058685302734
 37249 0.0316464900970459 0.030996084213256836 0.02557516098022461
 37636 0.03172421455383301 0.03134655952453613 0.02586841583251953
 38025 0.03262472152709961 0.031958818435668945 0.02611541748046875
 38416 0.03248000144958496 0.03203129768371582 0.026379108428955078
 38809 0.03339028358459473 0.03250312805175781 0.02670741081237793
 39204 0.03337860107421875 0.03288555145263672 0.026958703994750977
 39601 0.03418684005737305 0.033315420150756836 0.027222156524658203
 40000 0.03418850898742676 0.03362727165222168 0.027568578720092773
 40401 0.035097360610961914 0.034032344818115234 0.02784252166748047
 40804 0.034970760345458984 0.03437662124633789 0.028056859970092773
 41209 0.03610873222351074 0.03472137451171875 0.02836132049560547
 41616 0.035709381103515625 0.0350801944732666 0.02863597869873047
 42025 0.03692746162414551 0.03542160987854004 0.028917789459228516
 42436 0.03679966926574707 0.03581833839416504 0.029233932495117188
 42849 0.037703514099121094 0.03621172904968262 0.029547929763793945
 43264 0.037576913833618164 0.03655195236206055 0.0298006534576416
 43681 0.03882575035095215 0.03691911697387695 0.03013467788696289
 44100 0.038481950759887695 0.037301063537597656 0.0303800106048584
 44521 0.03961181640625 0.037749528884887695 0.03069758415222168
 44944 0.03946232795715332 0.03815603256225586 0.031028270721435547
 45369 0.04057192802429199 0.03851509094238281 0.03130531311035156
 45796 0.04010748863220215 0.03892254829406738 0.03160715103149414
 46225 0.041552066802978516 0.03936958312988281 0.03194427490234375
 46656 0.041356801986694336 0.03968930244445801 0.03227543830871582
 47089 0.042537689208984375 0.04009056091308594 0.032526254653930664
 47524 0.0420985221862793 0.040427446365356445 0.03290200233459473
 47961 0.043463706970214844 0.04085254669189453 0.03318285942077637
 48400 0.042958736419677734 0.04148244857788086 0.03348374366760254
 48841 0.044425010681152344 0.04158425331115723 0.03381943702697754
 49284 0.044164419174194336 0.042015790939331055 0.034119606018066406
 49729 0.04558873176574707 0.04255557060241699 0.03435540199279785
 50176 0.04490089416503906 0.04296517372131348 0.034795284271240234
 50625 0.04635930061340332 0.04332375526428223 0.03512907028198242
 51076 0.04566550254821777 0.04416632652282715 0.03534340858459473
 51529 0.04739975929260254 0.04427838325500488 0.035776376724243164
 51984 0.04682636260986328 0.044690608978271484 0.03604412078857422
 52441 0.048246145248413086 0.04523444175720215 0.03627586364746094
 52900 0.04795360565185547 0.04562711715698242 0.03664064407348633
 53361 0.04942512512207031 0.04610252380371094 0.03702187538146973
 53824 0.04867672920227051 0.04647564888000488 0.03726625442504883
 54289 0.05048871040344238 0.047003984451293945 0.037715911865234375
 54756 0.049776315689086914 0.04744386672973633 0.03801321983337402
 55225 0.05126452445983887 0.04784727096557617 0.03825688362121582
 55696 0.050914764404296875 0.048262596130371094 0.038721561431884766
 56169 0.05227470397949219 0.04870295524597168 0.03902840614318848
 56644 0.05177426338195801 0.04913520812988281 0.03925275802612305
 57121 0.05353426933288574 0.04973173141479492 0.0397181510925293
 57600 0.05393528938293457 0.05013251304626465 0.03995060920715332
 58081 0.054572105407714844 0.050702810287475586 0.04028201103210449
 58564 0.05512189865112305 0.05111861228942871 0.040730953216552734
 59049 0.055443525314331055 0.05161237716674805 0.040941476821899414
 59536 0.05478215217590332 0.052089691162109375 0.04128742218017578
 60025 0.05531501770019531 0.05251932144165039 0.04163527488708496
 60516 0.055872440338134766 0.05298304557800293 0.04203987121582031
 61009 0.0576329231262207 0.05342602729797363 0.042337656021118164
 61504 0.05842018127441406 0.05382513999938965 0.04274702072143555
 62001 0.05925273895263672 0.057036399841308594 0.0430142879486084
 62500 0.05789303779602051 0.05473136901855469 0.043363094329833984
 63001 0.05813431739807129 0.05530714988708496 0.04375100135803223
 63504 0.06047701835632324 0.05575871467590332 0.044129371643066406
 64009 0.05955028533935547 0.05622434616088867 0.04440021514892578
 64516 0.06137561798095703 0.05671286582946777 0.044951438903808594
 65025 0.06091046333312988 0.05736851692199707 0.045296669006347656
 65536 0.06274247169494629 0.057677268981933594 0.045476436614990234
 66049 0.06162524223327637 0.05832791328430176 0.046024322509765625
 66564 0.06375694274902344 0.058731794357299805 0.04642033576965332
 67081 0.06282186508178711 0.05921506881713867 0.04664802551269531
 67600 0.0650796890258789 0.06025266647338867 0.047129154205322266
 68121 0.06393098831176758 0.0601649284362793 0.04736042022705078
 68644 0.06626701354980469 0.061246395111083984 0.04775261878967285
 69169 0.06482863426208496 0.06131386756896973 0.04828667640686035
 69696 0.06752157211303711 0.06174421310424805 0.04860806465148926
 70225 0.06599688529968262 0.06222176551818848 0.048825979232788086
 70756 0.0683596134185791 0.06267833709716797 0.04939675331115723
 71289 0.06724143028259277 0.06322169303894043 0.049653053283691406
 71824 0.06933403015136719 0.06371474266052246 0.04989433288574219
 72361 0.06838703155517578 0.06435465812683105 0.050332069396972656
 72900 0.07057404518127441 0.06482243537902832 0.05067944526672363
 73441 0.07178997993469238 0.0655980110168457 0.05104374885559082
 73984 0.07200121879577637 0.06608080863952637 0.05164599418640137
 74529 0.07056975364685059 0.06717228889465332 0.05199790000915527
 75076 0.07265949249267578 0.06709551811218262 0.052217960357666016
 75625 0.07178354263305664 0.06765031814575195 0.052808523178100586
 76176 0.07411742210388184 0.06805181503295898 0.053154706954956055
 76729 0.07300972938537598 0.06882357597351074 0.053408145904541016
 77284 0.0755617618560791 0.06993818283081055 0.05390286445617676
 77841 0.07419753074645996 0.0698697566986084 0.054253339767456055
 78400 0.07656717300415039 0.07041239738464355 0.054531097412109375
 78961 0.0750114917755127 0.07111859321594238 0.05511474609375
 79524 0.0779414176940918 0.07170414924621582 0.05534648895263672
 80089 0.0764322280883789 0.07303380966186523 0.05571389198303223
 80656 0.07905697822570801 0.07280421257019043 0.056142330169677734
 81225 0.07761406898498535 0.07340550422668457 0.05670022964477539
 81796 0.08028817176818848 0.07384347915649414 0.05705857276916504
 82369 0.07863211631774902 0.07453203201293945 0.057591915130615234
 82944 0.08138298988342285 0.07564377784729004 0.057923316955566406
 83521 0.07993793487548828 0.07557559013366699 0.05822610855102539
 84100 0.08299469947814941 0.07661056518554688 0.05876588821411133
 84681 0.08088850975036621 0.0766441822052002 0.05916595458984375
 85264 0.0844278335571289 0.07713508605957031 0.059447288513183594
 85849 0.08203268051147461 0.07789254188537598 0.05998420715332031
 86436 0.08541321754455566 0.07840800285339355 0.06041741371154785
 87025 0.08341336250305176 0.07944011688232422 0.06060051918029785
 87616 0.08660674095153809 0.07969260215759277 0.061037302017211914
 88209 0.08472776412963867 0.0801076889038086 0.06150221824645996
 88804 0.08781743049621582 0.08101630210876465 0.06189131736755371
 89401 0.08588981628417969 0.08134794235229492 0.06250905990600586
 90000 0.08916068077087402 0.08186149597167969 0.0628821849822998
 90601 0.08730578422546387 0.08232617378234863 0.06322574615478516
 91204 0.09134387969970703 0.08307886123657227 0.06363153457641602
 91809 0.08842325210571289 0.08365392684936523 0.06428956985473633
 92416 0.0920712947845459 0.08431267738342285 0.06445765495300293
 93025 0.08963775634765625 0.08487987518310547 0.06509661674499512
 93636 0.09346628189086914 0.08535575866699219 0.06559062004089355
 94249 0.09113502502441406 0.08628034591674805 0.06573104858398438
 94864 0.09418582916259766 0.08687567710876465 0.06644344329833984
 95481 0.0924532413482666 0.08810114860534668 0.06683111190795898
 96100 0.0959320068359375 0.08802509307861328 0.06705927848815918
 96721 0.09371447563171387 0.08959531784057617 0.06751012802124023
 97344 0.09676170349121094 0.08937883377075195 0.06787300109863281
 97969 0.09477353096008301 0.09011483192443848 0.06833744049072266
 98596 0.09813070297241211 0.09163618087768555 0.06872820854187012
 99225 0.09591865539550781 0.0920562744140625 0.06928229331970215
 99856 0.10029339790344238 0.09195494651794434 0.06961727142333984
 100489 0.09740209579467773 0.09287905693054199 0.07010769844055176
 101124 0.10149145126342773 0.09372568130493164 0.07049942016601562
 101761 0.09885215759277344 0.09502935409545898 0.07101893424987793
 102400 0.10279440879821777 0.09517240524291992 0.0714268684387207
 103041 0.10038113594055176 0.09541654586791992 0.07188081741333008
 103684 0.10445523262023926 0.09598135948181152 0.07236766815185547
 104329 0.10124015808105469 0.09660458564758301 0.07297515869140625
 104976 0.10478520393371582 0.0973963737487793 0.07354307174682617
 105625 0.1025094985961914 0.09798598289489746 0.07367181777954102
 106276 0.10657072067260742 0.09876465797424316 0.07416510581970215
 106929 0.1041724681854248 0.09950065612792969 0.07454967498779297
 107584 0.10781621932983398 0.09982109069824219 0.07497406005859375
 108241 0.10558557510375977 0.10058474540710449 0.07555985450744629
 108900 0.10948920249938965 0.10222315788269043 0.07601594924926758
 109561 0.10667037963867188 0.10287046432495117 0.07648801803588867
 110224 0.11103630065917969 0.10291075706481934 0.07696962356567383
 110889 0.10824894905090332 0.10369229316711426 0.07769989967346191
 111556 0.11231803894042969 0.1042022705078125 0.0778658390045166
 112225 0.10972309112548828 0.10598492622375488 0.0786435604095459
 112896 0.11439895629882812 0.10657286643981934 0.07916688919067383
 113569 0.11092233657836914 0.10629653930664062 0.07927179336547852
 114244 0.11513614654541016 0.10796308517456055 0.07982802391052246
 114921 0.1123361587524414 0.10794734954833984 0.08051538467407227
 115600 0.11719274520874023 0.10862493515014648 0.08060264587402344
 116281 0.11370444297790527 0.10931515693664551 0.08131790161132812
 116964 0.11823391914367676 0.11007833480834961 0.08166193962097168
 117649 0.11563515663146973 0.11129164695739746 0.08216094970703125
 118336 0.11964702606201172 0.11168789863586426 0.08256793022155762
 119025 0.11668920516967773 0.11229848861694336 0.08346056938171387
 119716 0.12103629112243652 0.11259675025939941 0.08361268043518066
 120409 0.11849594116210938 0.11375665664672852 0.08408546447753906
 121104 0.12301230430603027 0.11547994613647461 0.08452081680297852
 121801 0.11984610557556152 0.11508965492248535 0.08504414558410645
 122500 0.12391018867492676 0.11611104011535645 0.08555865287780762
 123201 0.12094259262084961 0.11784863471984863 0.08604979515075684
 123904 0.12515044212341309 0.11830973625183105 0.08657240867614746
 124609 0.12187933921813965 0.1186375617980957 0.0870518684387207
 125316 0.12725472450256348 0.11935091018676758 0.08754920959472656
 126025 0.12355804443359375 0.12059640884399414 0.08802199363708496
 126736 0.12883400917053223 0.12204742431640625 0.08890175819396973
 127449 0.12567996978759766 0.12199735641479492 0.08935141563415527
 128164 0.1298081874847412 0.12178182601928711 0.08952617645263672
 128881 0.12688112258911133 0.1234278678894043 0.09007763862609863
 129600 0.1316831111907959 0.1240384578704834 0.09063839912414551
 130321 0.13277149200439453 0.12423324584960938 0.09108829498291016
 131044 0.13364410400390625 0.12526822090148926 0.09163928031921387
 131769 0.13411760330200195 0.12638163566589355 0.09250283241271973
 132496 0.13414955139160156 0.1270899772644043 0.09252405166625977
 133225 0.13130855560302734 0.12952232360839844 0.09310245513916016
 133956 0.1359119415283203 0.12971997261047363 0.0935821533203125
 134689 0.13294410705566406 0.1291368007659912 0.09409332275390625
 135424 0.13812875747680664 0.1305840015411377 0.09464669227600098
 136161 0.13463640213012695 0.13126158714294434 0.09526419639587402
 136900 0.13481450080871582 0.1324918270111084 0.09565377235412598
 137641 0.13557648658752441 0.13255810737609863 0.09656333923339844
 138384 0.14123821258544922 0.13338065147399902 0.09708285331726074
 139129 0.1465775966644287 0.13537049293518066 0.09707093238830566
 139876 0.14415240287780762 0.14073657989501953 0.09818530082702637
 140625 0.1387615203857422 0.13678669929504395 0.09872698783874512
 141376 0.14427828788757324 0.13620471954345703 0.0987396240234375
 142129 0.14019060134887695 0.13790607452392578 0.09975576400756836
 142884 0.1461472511291504 0.13881278038024902 0.10019063949584961
 143641 0.14210200309753418 0.139268159866333 0.10032439231872559
 144400 0.14754056930541992 0.14058732986450195 0.10088896751403809
 145161 0.14360857009887695 0.14204144477844238 0.10180115699768066
 145924 0.1491999626159668 0.1412813663482666 0.10213112831115723
 146689 0.14541244506835938 0.1430830955505371 0.10293197631835938
 147456 0.15025949478149414 0.1452631950378418 0.10364556312561035
 148225 0.14666056632995605 0.14410901069641113 0.10358333587646484
 148996 0.15263056755065918 0.14616703987121582 0.10408926010131836
 149769 0.1486213207244873 0.14647626876831055 0.10505366325378418
 150544 0.15373492240905762 0.14636588096618652 0.10529232025146484
 151321 0.14988040924072266 0.14974188804626465 0.10623645782470703
 152100 0.15492630004882812 0.15101051330566406 0.10665130615234375
 152881 0.15186858177185059 0.15004611015319824 0.10689830780029297
 153664 0.15727782249450684 0.15102005004882812 0.10745000839233398
 154449 0.1535940170288086 0.15222716331481934 0.10843920707702637
 155236 0.15917348861694336 0.15241408348083496 0.10854721069335938
 156025 0.15498137474060059 0.15471625328063965 0.10956549644470215
 156816 0.16111207008361816 0.15604376792907715 0.11006808280944824
 157609 0.15640759468078613 0.15416240692138672 0.1100921630859375
 158404 0.16280364990234375 0.15641260147094727 0.11064553260803223
 159201 0.15836071968078613 0.15714573860168457 0.11167645454406738
 160000 0.16979289054870605 0.15658068656921387 0.1119999885559082
 160801 0.15918898582458496 0.16073060035705566 0.1128852367401123
 161604 0.1656184196472168 0.16004371643066406 0.11346077919006348
 162409 0.16137123107910156 0.15932416915893555 0.1136319637298584
 163216 0.16715240478515625 0.1629350185394287 0.11462712287902832
 164025 0.16368341445922852 0.16260933876037598 0.11522221565246582
 164836 0.16931843757629395 0.16246747970581055 0.115325927734375
 165649 0.16420650482177734 0.165999174118042 0.11639690399169922
 166464 0.17247366905212402 0.16471338272094727 0.11709308624267578
 167281 0.16721558570861816 0.16669774055480957 0.11706209182739258
 168100 0.17403054237365723 0.16746234893798828 0.1175990104675293
 168921 0.16933608055114746 0.16820955276489258 0.11810541152954102
 169744 0.1758403778076172 0.16904902458190918 0.11867928504943848
 170569 0.17087769508361816 0.16962075233459473 0.11997270584106445
 171396 0.17812800407409668 0.17108964920043945 0.1204063892364502
 172225 0.17254853248596191 0.17171883583068848 0.1202702522277832
 173056 0.17972588539123535 0.17371225357055664 0.12111568450927734
 173889 0.1740279197692871 0.1735374927520752 0.1217193603515625
 174724 0.18135452270507812 0.17303872108459473 0.1222829818725586
 175561 0.17603325843811035 0.17604851722717285 0.12283611297607422
 176400 0.1827390193939209 0.17632722854614258 0.12346959114074707
 177241 0.17783260345458984 0.17784571647644043 0.12406754493713379
 178084 0.18488287925720215 0.17855572700500488 0.12518787384033203
 178929 0.17888092994689941 0.1814265251159668 0.12565398216247559
 179776 0.18691515922546387 0.17926621437072754 0.1257472038269043
 180625 0.1813802719116211 0.18142485618591309 0.12691402435302734
 181476 0.18876123428344727 0.18257403373718262 0.12765789031982422
 182329 0.1830577850341797 0.18194127082824707 0.12765264511108398
 183184 0.19054913520812988 0.1846463680267334 0.12872719764709473
 184041 0.18526577949523926 0.18706059455871582 0.12940526008605957
 184900 0.1926724910736084 0.18491816520690918 0.12943339347839355
 185761 0.18681788444519043 0.1878681182861328 0.13075590133666992
 186624 0.19443058967590332 0.18994998931884766 0.13131046295166016
 187489 0.1888575553894043 0.18797731399536133 0.1311781406402588
 188356 0.19591355323791504 0.1922144889831543 0.13261055946350098
 189225 0.19060015678405762 0.1917710304260254 0.13310766220092773
 190096 0.19748735427856445 0.19066309928894043 0.13286304473876953
 190969 0.19176340103149414 0.19514870643615723 0.13425207138061523
 191844 0.2001194953918457 0.1944873332977295 0.13497424125671387
 192721 0.1935265064239502 0.1940937042236328 0.1349046230316162
 193600 0.20157361030578613 0.1981339454650879 0.13618183135986328
 194481 0.1957099437713623 0.1979680061340332 0.13682889938354492
 195364 0.20327258110046387 0.19681334495544434 0.13676905632019043
 196249 0.1976630687713623 0.20119643211364746 0.1380600929260254
 197136 0.2049882411956787 0.20131659507751465 0.13869810104370117
 198025 0.19897770881652832 0.20033597946166992 0.13863110542297363
 198916 0.206681489944458 0.2034013271331787 0.13971996307373047
 199809 0.2011110782623291 0.20459508895874023 0.14049839973449707
 200704 0.2095193862915039 0.20470833778381348 0.14047741889953613
 201601 0.20311856269836426 0.20844626426696777 0.1417691707611084
 202500 0.21060514450073242 0.20963263511657715 0.14182305335998535
 203401 0.20466899871826172 0.20821452140808105 0.14227962493896484
 204304 0.2131199836730957 0.20952391624450684 0.14272236824035645
 205209 0.20657634735107422 0.21073412895202637 0.14361810684204102
 206116 0.21456313133239746 0.2093825340270996 0.14431500434875488
 207025 0.208726167678833 0.21248602867126465 0.1448802947998047
 207936 0.2165217399597168 0.21455717086791992 0.1454448699951172
 208849 0.2108309268951416 0.21489572525024414 0.14620518684387207
 209764 0.21937274932861328 0.2164311408996582 0.14676690101623535
 210681 0.21266651153564453 0.2170560359954834 0.14753389358520508
 211600 0.2216320037841797 0.21767568588256836 0.1481184959411621
 212521 0.2144775390625 0.21991300582885742 0.14862990379333496
 213444 0.22301793098449707 0.2220463752746582 0.1494143009185791
 214369 0.21630382537841797 0.21933913230895996 0.150040864944458
 215296 0.22545075416564941 0.22457623481750488 0.15076565742492676
 216225 0.21828556060791016 0.22420978546142578 0.15135502815246582
 217156 0.22639703750610352 0.22410202026367188 0.15205669403076172
 218089 0.22039532661437988 0.22682690620422363 0.15265607833862305
 219024 0.22908520698547363 0.2274782657623291 0.15327215194702148
 219961 0.22193670272827148 0.2274472713470459 0.15404868125915527
 220900 0.2304363250732422 0.22936058044433594 0.15471911430358887
 221841 0.22448086738586426 0.23131823539733887 0.15532851219177246
 222784 0.23287034034729004 0.2288365364074707 0.15585064888000488
 223729 0.22614431381225586 0.2333359718322754 0.15655183792114258
 224676 0.23466205596923828 0.23412227630615234 0.15735197067260742
 225625 0.22828006744384766 0.23140788078308105 0.15805840492248535
 226576 0.23648571968078613 0.23812031745910645 0.15870285034179688
 227529 0.23009562492370605 0.2369687557220459 0.15919256210327148
 228484 0.23933911323547363 0.23482966423034668 0.15998053550720215
 229441 0.23163437843322754 0.2396547794342041 0.1606283187866211
 230400 0.2405533790588379 0.24124550819396973 0.161332368850708
 231361 0.23344731330871582 0.239210844039917 0.1620197296142578
 232324 0.24319815635681152 0.24545717239379883 0.16266536712646484
 233289 0.2444164752960205 0.24369454383850098 0.16338181495666504
 234256 0.2459859848022461 0.2415311336517334 0.163909912109375
 235225 0.24652719497680664 0.24796128273010254 0.16467523574829102
 236196 0.24819397926330566 0.24744510650634766 0.16543126106262207
 237169 0.23997807502746582 0.24582958221435547 0.16583037376403809
 238144 0.25014352798461914 0.2497870922088623 0.16672086715698242
 239121 0.24207687377929688 0.25213098526000977 0.16726446151733398
 240100 0.25272345542907715 0.24848437309265137 0.16808009147644043
 241081 0.24459338188171387 0.2555251121520996 0.16883373260498047
 242064 0.25352025032043457 0.2550346851348877 0.1693871021270752
 243049 0.24588394165039062 0.25385117530822754 0.16997051239013672
 244036 0.24724864959716797 0.2591984272003174 0.17084717750549316
 245025 0.24790239334106445 0.2593061923980713 0.1714017391204834
 246016 0.2576591968536377 0.25524353981018066 0.17208552360534668
 247009 0.2594277858734131 0.260303258895874 0.17252492904663086
 248004 0.2622077465057373 0.2701137065887451 0.17423152923583984
 249001 0.26184725761413574 0.2591214179992676 0.17428302764892578
 250000 0.2534217834472656 0.2642707824707031 0.17586612701416016
 251001 0.2645585536956787 0.2657449245452881 0.1766517162322998
 252004 0.255129337310791 0.2622854709625244 0.17644166946411133
 253009 0.2661008834838867 0.26773667335510254 0.17788982391357422
 254016 0.2577970027923584 0.26920270919799805 0.17871952056884766
 255025 0.267319917678833 0.26656103134155273 0.17823553085327148
 256036 0.2593245506286621 0.2738499641418457 0.18009662628173828
 257049 0.270000696182251 0.27280521392822266 0.18074774742126465
 258064 0.261462926864624 0.26972341537475586 0.18062257766723633
 259081 0.2721683979034424 0.27779674530029297 0.18208718299865723
 260100 0.26389288902282715 0.27648210525512695 0.18279075622558594
 261121 0.2740793228149414 0.273939847946167 0.18260574340820312
 262144 0.26654672622680664 0.2791328430175781 0.18435430526733398
 263169 0.27604079246520996 0.28139424324035645 0.18513035774230957
 264196 0.2684950828552246 0.27620553970336914 0.1848905086517334
 265225 0.27890896797180176 0.284698486328125 0.18639516830444336
 266256 0.27015209197998047 0.2844367027282715 0.187150239944458
 267289 0.2800755500793457 0.2801642417907715 0.1870429515838623
 268324 0.27194929122924805 0.2886025905609131 0.18853020668029785
 269361 0.28296995162963867 0.2895493507385254 0.18853521347045898
 270400 0.27432990074157715 0.28367137908935547 0.1889970302581787
 271441 0.285412073135376 0.29067301750183105 0.18999671936035156
 272484 0.2767369747161865 0.29123687744140625 0.19039011001586914
 273529 0.28760266304016113 0.28749537467956543 0.19149255752563477
 274576 0.27895498275756836 0.29446887969970703 0.19229936599731445
 275625 0.2896721363067627 0.29595446586608887 0.19269919395446777
 276676 0.2808694839477539 0.29120492935180664 0.19371676445007324
 277729 0.29210877418518066 0.2987785339355469 0.19522547721862793
 278784 0.2836010456085205 0.29918718338012695 0.1960616111755371
 279841 0.29387998580932617 0.29736804962158203 0.1959238052368164
 280900 0.285585880279541 0.3012123107910156 0.19757485389709473
 281961 0.29687023162841797 0.30392003059387207 0.19831514358520508
 283024 0.28727006912231445 0.3005025386810303 0.1980609893798828
 284089 0.29907965660095215 0.30542659759521484 0.19969964027404785
 285156 0.2899339199066162 0.30867934226989746 0.20051836967468262
 286225 0.30116724967956543 0.3016953468322754 0.200394868850708
 287296 0.29221415519714355 0.311629056930542 0.20196986198425293
 288369 0.3029601573944092 0.31026124954223633 0.20262813568115234
 289444 0.2942636013031006 0.30502963066101074 0.20237088203430176
 290521 0.3054060935974121 0.3145120143890381 0.20423626899719238
 291600 0.29631805419921875 0.31448841094970703 0.20491623878479004
 292681 0.30775880813598633 0.30900073051452637 0.20484685897827148
 293764 0.29918432235717773 0.3165616989135742 0.20558905601501465
 294849 0.31012892723083496 0.3204646110534668 0.206376314163208
 295936 0.3019552230834961 0.3149447441101074 0.2070775032043457
 297025 0.3136575222015381 0.32300233840942383 0.20795249938964844
 298116 0.30451226234436035 0.32418203353881836 0.20868134498596191
 299209 0.3164801597595215 0.3196544647216797 0.2094097137451172
 300304 0.3060016632080078 0.32740163803100586 0.21005821228027344
 301401 0.31769299507141113 0.325345516204834 0.21111559867858887
 302500 0.30808424949645996 0.32010459899902344 0.21184015274047852
 303601 0.3210165500640869 0.3290674686431885 0.21253275871276855
 304704 0.310924768447876 0.332355260848999 0.21323394775390625
 305809 0.323016881942749 0.3237338066101074 0.21401405334472656
 306916 0.31428050994873047 0.3336215019226074 0.2147066593170166
 308025 0.325394868850708 0.3361988067626953 0.2156219482421875
 309136 0.31594419479370117 0.3282191753387451 0.21637392044067383
 310249 0.32800960540771484 0.33896350860595703 0.21715378761291504
 311364 0.3178582191467285 0.33835911750793457 0.2178936004638672
 312481 0.3306262493133545 0.3324437141418457 0.21858859062194824
 313600 0.32069873809814453 0.3428843021392822 0.2194652557373047
 314721 0.33268117904663086 0.3428964614868164 0.22023582458496094
 315844 0.3219320774078369 0.33601832389831543 0.22101926803588867
 316969 0.3350808620452881 0.34760236740112305 0.2209177017211914
 318096 0.32465076446533203 0.3484323024749756 0.22249460220336914
 319225 0.3378901481628418 0.3423187732696533 0.2233579158782959
 320356 0.3271780014038086 0.3508412837982178 0.2240126132965088
 321489 0.3399026393890381 0.3503458499908447 0.22501134872436523
 322624 0.3291599750518799 0.34613966941833496 0.22577357292175293
 323761 0.3416156768798828 0.3552279472351074 0.22652840614318848
 324900 0.3326253890991211 0.3561885356903076 0.22744131088256836
 326041 0.3443477153778076 0.34819984436035156 0.2281787395477295
 327184 0.3343539237976074 0.3579111099243164 0.22897863388061523
 328329 0.34751009941101074 0.3607358932495117 0.22960233688354492
 329476 0.3363912105560303 0.3550879955291748 0.2306077480316162
 330625 0.3492600917816162 0.3611338138580322 0.23118114471435547
 331776 0.34001708030700684 0.3649461269378662 0.23222994804382324
 332929 0.3521463871002197 0.35791587829589844 0.23291611671447754
 334084 0.34226560592651367 0.3681509494781494 0.2337970733642578
 335241 0.3547224998474121 0.36768031120300293 0.23453307151794434
 336400 0.34383320808410645 0.36400270462036133 0.23540019989013672
 337561 0.35714077949523926 0.37222790718078613 0.23587608337402344
 338724 0.3459646701812744 0.37088489532470703 0.23683381080627441
 339889 0.35991358757019043 0.3637971878051758 0.23769617080688477
 341056 0.3492124080657959 0.3763391971588135 0.23851728439331055
 342225 0.36235833168029785 0.3775346279144287 0.23923444747924805
 343396 0.3508145809173584 0.37010765075683594 0.24014902114868164
 344569 0.36403369903564453 0.3804025650024414 0.2406141757965088
 345744 0.3533344268798828 0.38181591033935547 0.24167656898498535
 346921 0.3672466278076172 0.37541627883911133 0.2423245906829834
 348100 0.3561577796936035 0.385225772857666 0.24335193634033203
 349281 0.3700423240661621 0.3832244873046875 0.24446821212768555
 350464 0.3584713935852051 0.37679553031921387 0.24520373344421387
 351649 0.37245678901672363 0.3879849910736084 0.24598479270935059
 352836 0.3609335422515869 0.39121580123901367 0.24677109718322754
 354025 0.37447452545166016 0.380596399307251 0.24739480018615723
 355216 0.3632054328918457 0.3938479423522949 0.24817585945129395
 356409 0.37725043296813965 0.39307403564453125 0.24889922142028809
 357604 0.36673688888549805 0.3864772319793701 0.2501964569091797
 358801 0.38033366203308105 0.3989381790161133 0.25112414360046387
 360000 0.3687431812286377 0.39993858337402344 0.25168871879577637
 361201 0.3826150894165039 0.39102697372436523 0.25241947174072266
 362404 0.3705930709838867 0.4008371829986572 0.2531399726867676
 363609 0.38524436950683594 0.4020404815673828 0.2542412281036377
 364816 0.37354588508605957 0.3972625732421875 0.25505638122558594
 366025 0.3872668743133545 0.40769362449645996 0.25568270683288574
 367236 0.3888096809387207 0.4085829257965088 0.25692057609558105
 368449 0.38953256607055664 0.4024488925933838 0.25732851028442383
 369664 0.39275574684143066 0.41217041015625 0.2586371898651123
 370881 0.3927431106567383 0.41408538818359375 0.2593522071838379
 372100 0.3812093734741211 0.40682244300842285 0.26032376289367676
 373321 0.3949124813079834 0.4139974117279053 0.2610340118408203
 374544 0.3836824893951416 0.4156649112701416 0.2615511417388916
 375769 0.39784812927246094 0.40956950187683105 0.2623007297515869
 376996 0.386136531829834 0.42183589935302734 0.2639153003692627
 378225 0.40011024475097656 0.4210469722747803 0.2640697956085205
 379456 0.38885045051574707 0.4149904251098633 0.26512980461120605
 380689 0.4029054641723633 0.42399024963378906 0.2660791873931885
 381924 0.39092016220092773 0.42759013175964355 0.2671175003051758
 383161 0.4060647487640381 0.41770124435424805 0.26760387420654297
 384400 0.39373278617858887 0.427731990814209 0.26888227462768555
 385641 0.4092874526977539 0.43274688720703125 0.2710232734680176
 386884 0.39652276039123535 0.42266368865966797 0.270205020904541
 388129 0.4125478267669678 0.43576955795288086 0.27245521545410156
 389376 0.3985934257507324 0.43436717987060547 0.2733888626098633
 390625 0.41451287269592285 0.42517948150634766 0.27275705337524414
 391876 0.4013826847076416 0.43739748001098633 0.27547717094421387
 393129 0.4157123565673828 0.43882179260253906 0.2756059169769287
 394384 0.40369176864624023 0.4302194118499756 0.27585482597351074
 395641 0.4196298122406006 0.44436144828796387 0.27765655517578125
 396900 0.40684080123901367 0.4461326599121094 0.27866029739379883
 398161 0.42208099365234375 0.4385673999786377 0.2781407833099365
 399424 0.40902280807495117 0.44994068145751953 0.2805783748626709
 400689 0.4244801998138428 0.4513063430786133 0.2815732955932617
 401956 0.41155505180358887 0.4422297477722168 0.2811014652252197
 403225 0.427964448928833 0.453411340713501 0.2819380760192871
 404496 0.41469717025756836 0.45545172691345215 0.28427863121032715
 405769 0.4298994541168213 0.44501352310180664 0.2837038040161133
 407044 0.41751885414123535 0.45554018020629883 0.28582167625427246
 408321 0.43261218070983887 0.45952820777893066 0.28682947158813477
 409600 0.4199838638305664 0.44950056076049805 0.2863955497741699
 410881 0.43532609939575195 0.46173763275146484 0.2885925769805908
 412164 0.42143845558166504 0.4652101993560791 0.28975963592529297
 413449 0.4391188621520996 0.45387911796569824 0.288956880569458
 414736 0.42481160163879395 0.46506643295288086 0.29174208641052246
 416025 0.44176268577575684 0.4660007953643799 0.2908751964569092
 417316 0.42707395553588867 0.46091151237487793 0.2919323444366455
 418609 0.44405627250671387 0.47150540351867676 0.29276514053344727
 419904 0.43067264556884766 0.47344303131103516 0.29313182830810547
 421201 0.44621992111206055 0.46472764015197754 0.29417848587036133
 422500 0.43322014808654785 0.4749314785003662 0.29473328590393066
 423801 0.4493870735168457 0.4777805805206299 0.2963895797729492
 425104 0.4364776611328125 0.46932435035705566 0.29706335067749023
 426409 0.4521620273590088 0.4835495948791504 0.2994384765625
 427716 0.438539981842041 0.4844779968261719 0.2997288703918457
 429025 0.4553203582763672 0.471529483795166 0.2990267276763916
 430336 0.44217395782470703 0.48839616775512695 0.3018636703491211
 431649 0.4585905075073242 0.49033236503601074 0.30324363708496094
 432964 0.4440882205963135 0.4751577377319336 0.3021235466003418
 434281 0.4604811668395996 0.49195432662963867 0.3043172359466553
 435600 0.44637227058410645 0.49492621421813965 0.30561065673828125
 436921 0.46406006813049316 0.48483777046203613 0.3046727180480957
 438244 0.4494297504425049 0.4947640895843506 0.307847261428833
 439569 0.4675559997558594 0.5008790493011475 0.3087882995605469
 440896 0.4518778324127197 0.4892897605895996 0.30826878547668457
 442225 0.46895813941955566 0.5036470890045166 0.31011509895324707
 443556 0.45479917526245117 0.5051760673522949 0.3113856315612793
 444889 0.471144437789917 0.49169111251831055 0.31087827682495117
 446224 0.4578113555908203 0.5079200267791748 0.3112344741821289
 447561 0.4747035503387451 0.5075123310089111 0.3126363754272461
 448900 0.4601619243621826 0.4967975616455078 0.31233739852905273
 450241 0.4774820804595947 0.5137290954589844 0.3141903877258301
 451584 0.4632840156555176 0.5135197639465332 0.3142979145050049
 452929 0.4800758361816406 0.504101037979126 0.31540536880493164
 454276 0.46633219718933105 0.5188651084899902 0.31770873069763184
 455625 0.48386526107788086 0.5191094875335693 0.3182957172393799
 456976 0.4846010208129883 0.504939079284668 0.3195185661315918
 458329 0.4865131378173828 0.5244271755218506 0.31990933418273926
 459684 0.47146081924438477 0.5257368087768555 0.3205540180206299
 461041 0.4892866611480713 0.5141756534576416 0.32244372367858887
 462400 0.4747896194458008 0.5296249389648438 0.32309770584106445
 463761 0.4926567077636719 0.5280077457427979 0.3243589401245117
 465124 0.4765608310699463 0.5186519622802734 0.325164794921875
 466489 0.49575352668762207 0.5325193405151367 0.32563352584838867
 467856 0.4794893264770508 0.5360629558563232 0.32829737663269043
 469225 0.498950719833374 0.5235681533813477 0.32728004455566406
 470596 0.4832313060760498 0.5381650924682617 0.3298642635345459
 471969 0.5013692378997803 0.5410721302032471 0.3307790756225586
 473344 0.48597097396850586 0.5277523994445801 0.32979774475097656
 474721 0.5042948722839355 0.5444378852844238 0.333451509475708
 476100 0.48859238624572754 0.5461132526397705 0.3339049816131592
 477481 0.5076055526733398 0.5335893630981445 0.33358216285705566
 478864 0.49117517471313477 0.5477285385131836 0.33584046363830566
 480249 0.5108616352081299 0.5522215366363525 0.3373141288757324
 481636 0.49487733840942383 0.538637638092041 0.33580470085144043
 483025 0.5137569904327393 0.5555083751678467 0.33878064155578613
 484416 0.49726152420043945 0.5568242073059082 0.34018516540527344
 485809 0.5171477794647217 0.5392529964447021 0.33973073959350586
 487204 0.5009784698486328 0.559955358505249 0.3414745330810547
 488601 0.5189876556396484 0.5618925094604492 0.3433191776275635
 490000 0.5020709037780762 0.5487549304962158 0.3425476551055908
 491401 0.5221445560455322 0.5638768672943115 0.34379053115844727
 492804 0.505666971206665 0.5674071311950684 0.3461425304412842
 494209 0.5243499279022217 0.5542247295379639 0.34516429901123047
 495616 0.5084877014160156 0.5687885284423828 0.3471832275390625
 497025 0.5278677940368652 0.5713784694671631 0.34894490242004395
 498436 0.5113682746887207 0.5576541423797607 0.34833264350891113
 499849 0.5313661098480225 0.5762238502502441 0.35103750228881836
 501264 0.5148665904998779 0.5769102573394775 0.3513612747192383
 502681 0.5342786312103271 0.5609076023101807 0.3510608673095703
 504100 0.5176513195037842 0.5814998149871826 0.3538930416107178
 505521 0.5374407768249512 0.5835063457489014 0.3550095558166504
 506944 0.5217063426971436 0.5665991306304932 0.3542945384979248
 508369 0.5399243831634521 0.586991548538208 0.35715723037719727
 509796 0.5235488414764404 0.5879166126251221 0.3578002452850342
 511225 0.5431771278381348 0.5747096538543701 0.3573606014251709
 512656 0.5263416767120361 0.5918853282928467 0.35709357261657715
 514089 0.5456109046936035 0.5916600227355957 0.3582878112792969
 515524 0.5295403003692627 0.5766739845275879 0.36003851890563965
 516961 0.5500898361206055 0.5977468490600586 0.36118412017822266
 518400 0.5326099395751953 0.5964925289154053 0.36222004890441895
 519841 0.5526342391967773 0.5840065479278564 0.36332011222839355
 521284 0.5354809761047363 0.6026322841644287 0.36420559883117676
 522729 0.5567450523376465 0.6045646667480469 0.36525535583496094
 524176 0.5388109683990479 0.5867419242858887 0.36586618423461914
 525625 0.5593934059143066 0.6051900386810303 0.3669743537902832
 527076 0.5411040782928467 0.6099655628204346 0.3682677745819092
 528529 0.561772346496582 0.5943524837493896 0.368682861328125
 529984 0.5441868305206299 0.6131839752197266 0.36980104446411133
 531441 0.5647318363189697 0.6151101589202881 0.3714711666107178
 532900 0.5465993881225586 0.5976343154907227 0.3715779781341553
 534361 0.5674116611480713 0.6177980899810791 0.3728451728820801
 535824 0.5498430728912354 0.6207642555236816 0.37448716163635254
 537289 0.5922286510467529 0.6058416366577148 0.37417078018188477
 538756 0.5722298622131348 0.624150276184082 0.3756577968597412
 540225 0.5741567611694336 0.6258077621459961 0.37739038467407227
 541696 0.5767319202423096 0.6116557121276855 0.37823963165283203
 543169 0.5772130489349365 0.628535270690918 0.3793668746948242
 544644 0.5600764751434326 0.6322817802429199 0.38027167320251465
 546121 0.5810000896453857 0.6173617839813232 0.3816261291503906
 547600 0.5619664192199707 0.6377081871032715 0.38239312171936035
 549081 0.5834896564483643 0.6324787139892578 0.38291144371032715
 550564 0.5646729469299316 0.623053789138794 0.38413238525390625
 552049 0.5874199867248535 0.6410398483276367 0.3855149745941162
 553536 0.5682957172393799 0.6425373554229736 0.3857719898223877
 555025 0.5907638072967529 0.6284759044647217 0.3868675231933594
 556516 0.5718281269073486 0.6482815742492676 0.38885951042175293
 558009 0.5735747814178467 0.64640212059021 0.3890044689178467
 559504 0.5744285583496094 0.6339313983917236 0.3908863067626953
 561001 0.5969209671020508 0.6530604362487793 0.3913407325744629
 562500 0.5981566905975342 0.6554439067840576 0.39303040504455566
 564001 0.6042258739471436 0.6574749946594238 0.3935704231262207
 565504 0.5811722278594971 0.6598944664001465 0.3949265480041504
 567009 0.5827200412750244 0.6619696617126465 0.39597296714782715
 568516 0.6050078868865967 0.6421573162078857 0.39711666107177734
 570025 0.5852117538452148 0.664156436920166 0.3968484401702881
 571536 0.6100654602050781 0.6674349308013916 0.39914584159851074
 573049 0.5886740684509277 0.6484620571136475 0.4000670909881592
 574564 0.6108596324920654 0.6691899299621582 0.4013199806213379
 576081 0.5922822952270508 0.6726417541503906 0.40370988845825195
 577600 0.6140918731689453 0.651780366897583 0.4030783176422119
 579121 0.5950517654418945 0.6781115531921387 0.4056220054626465
 580644 0.617476224899292 0.6794428825378418 0.4057469367980957
 582169 0.5975513458251953 0.6613767147064209 0.4067080020904541
 583696 0.6218206882476807 0.682075023651123 0.40753722190856934
 585225 0.6017389297485352 0.6844480037689209 0.4081084728240967
 586756 0.6242477893829346 0.6665048599243164 0.40949344635009766
 588289 0.6042976379394531 0.6867079734802246 0.41019487380981445
 589824 0.6271970272064209 0.6899867057800293 0.4110982418060303
 591361 0.6086456775665283 0.6702685356140137 0.41214895248413086
 592900 0.6305241584777832 0.6930012702941895 0.4135892391204834
 594441 0.6113173961639404 0.6969630718231201 0.4151444435119629
 595984 0.6336202621459961 0.6780459880828857 0.41634631156921387
 597529 0.613849401473999 0.6978216171264648 0.4171106815338135
 599076 0.6375975608825684 0.7024149894714355 0.4184725284576416
 600625 0.6169168949127197 0.6844589710235596 0.41817331314086914
 602176 0.6409187316894531 0.7070441246032715 0.41976380348205566
 603729 0.620814323425293 0.7046205997467041 0.4211606979370117
 605284 0.6438643932342529 0.6856234073638916 0.4218862056732178
 606841 0.623927116394043 0.7130475044250488 0.42284607887268066
 608400 0.647296667098999 0.7144663333892822 0.4249002933502197
 609961 0.6279125213623047 0.6944544315338135 0.4259467124938965
 611524 0.6504135131835938 0.7178552150726318 0.4261653423309326
 613089 0.6295454502105713 0.7198300361633301 0.42809367179870605
 614656 0.6532669067382812 0.6986653804779053 0.4278593063354492
 616225 0.6333439350128174 0.7230627536773682 0.42975401878356934
 617796 0.6577939987182617 0.7237308025360107 0.4302561283111572
 619369 0.638322114944458 0.7066657543182373 0.4309573173522949
 620944 0.6613609790802002 0.730341911315918 0.43233251571655273
 622521 0.6397247314453125 0.732029914855957 0.43361949920654297
 624100 0.664849042892456 0.7112493515014648 0.4358561038970947
 625681 0.6431846618652344 0.7368144989013672 0.43685436248779297
 627264 0.6677224636077881 0.7388348579406738 0.4364631175994873
 628849 0.6462569236755371 0.7169592380523682 0.4389982223510742
 630436 0.6713356971740723 0.7416436672210693 0.44086194038391113
 632025 0.6500720977783203 0.7446103096008301 0.4429450035095215
 633616 0.6746704578399658 0.7215275764465332 0.4422335624694824
 635209 0.6523771286010742 0.7488276958465576 0.445664644241333
 636804 0.677661657333374 0.7481989860534668 0.4494292736053467
 638401 0.656348466873169 0.7313807010650635 0.4457821846008301
 640000 0.6812899112701416 0.7533235549926758 0.4479949474334717
 641601 0.659329891204834 0.755709171295166 0.44953465461730957
 643204 0.6850759983062744 0.7359054088592529 0.4486095905303955
 644809 0.6627745628356934 0.7610070705413818 0.4509694576263428
 646416 0.6891324520111084 0.7612245082855225 0.4535224437713623
 648025 0.6657025814056396 0.741309404373169 0.4515266418457031
 649636 0.69209885597229 0.7622964382171631 0.4555394649505615
 651249 0.6701908111572266 0.7685258388519287 0.45519471168518066
 652864 0.6959481239318848 0.7470436096191406 0.4557626247406006
 654481 0.673508882522583 0.7742023468017578 0.45588135719299316
 656100 0.6992006301879883 0.7751221656799316 0.4569838047027588
 657721 0.6764082908630371 0.754143476486206 0.4585690498352051
 659344 0.7020118236541748 0.7793073654174805 0.46058130264282227
 660969 0.679389238357544 0.7813923358917236 0.4603605270385742
 662596 0.7052030563354492 0.7612948417663574 0.4625275135040283
 664225 0.6827964782714844 0.785463809967041 0.46349596977233887
 665856 0.7088582515716553 0.7876992225646973 0.4638237953186035
 667489 0.6868155002593994 0.76495361328125 0.46585798263549805
 669124 0.7120978832244873 0.7915961742401123 0.4670746326446533
 670761 0.6898398399353027 0.793921947479248 0.46702098846435547
 672400 0.7161478996276855 0.7729389667510986 0.4693901538848877
 674041 0.6938400268554688 0.7973887920379639 0.4705543518066406
 675684 0.7197985649108887 0.7975220680236816 0.4716370105743408
 677329 0.6960504055023193 0.7801163196563721 0.47246718406677246
 678976 0.7230956554412842 0.8046932220458984 0.47638797760009766
 680625 0.7014639377593994 0.8056588172912598 0.47730278968811035
 682276 0.7261879444122314 0.7858409881591797 0.4761638641357422
 683929 0.7039148807525635 0.8110628128051758 0.47776246070861816
 685584 0.7307033538818359 0.8140077590942383 0.4809539318084717
 687241 0.7064647674560547 0.7903316020965576 0.47836732864379883
 688900 0.7337779998779297 0.8180098533630371 0.48291492462158203
 690561 0.7107605934143066 0.820751428604126 0.48397183418273926
 692224 0.7370100021362305 0.7962489128112793 0.4831995964050293
 693889 0.7138557434082031 0.8246357440948486 0.48667097091674805
 695556 0.7416963577270508 0.8241617679595947 0.4861109256744385
 697225 0.7162823677062988 0.8033578395843506 0.4854726791381836
 698896 0.7512516975402832 0.8305978775024414 0.4885883331298828
 700569 0.7213988304138184 0.8331968784332275 0.49150705337524414
 702244 0.7489931583404541 0.8084104061126709 0.4891676902770996
 703921 0.725069522857666 0.8379814624786377 0.4935941696166992
 705600 0.7523472309112549 0.8397824764251709 0.4922785758972168
 707281 0.7270925045013428 0.815284013748169 0.49245238304138184
 708964 0.7566168308258057 0.8427205085754395 0.4934818744659424
 710649 0.7306921482086182 0.845991849899292 0.49526500701904297
 712336 0.758967399597168 0.8239173889160156 0.49596548080444336
 714025 0.7336218357086182 0.8504598140716553 0.4981865882873535
 715716 0.7617990970611572 0.8520400524139404 0.49914073944091797
 717409 0.7380087375640869 0.8275551795959473 0.49985575675964355
 719104 0.7664740085601807 0.8560547828674316 0.5003738403320312
 720801 0.7409141063690186 0.8581182956695557 0.501431941986084
 722500 0.7702219486236572 0.8337361812591553 0.5043468475341797
 724201 0.7455997467041016 0.8629264831542969 0.5051753520965576
 725904 0.7739620208740234 0.8642444610595703 0.5063261985778809
 727609 0.7767972946166992 0.8396687507629395 0.5064759254455566
 729316 0.7774145603179932 0.8697078227996826 0.5088543891906738
 731025 0.7517507076263428 0.8699507713317871 0.5082767009735107
 732736 0.7804856300354004 0.8440213203430176 0.5094938278198242
 734449 0.7559638023376465 0.877690315246582 0.510627031326294
 736164 0.7835633754730225 0.8785035610198975 0.5134727954864502
 737881 0.7593951225280762 0.8544354438781738 0.5145750045776367
 739600 0.7883243560791016 0.8829939365386963 0.5143697261810303
 741321 0.7629852294921875 0.8848428726196289 0.5157840251922607
 743044 0.7926132678985596 0.858313798904419 0.5177240371704102
 744769 0.7674427032470703 0.8853745460510254 0.5180404186248779
 746496 0.7955446243286133 0.8935337066650391 0.5189840793609619
 748225 0.7706577777862549 0.8664388656616211 0.5211203098297119
 749956 0.7991774082183838 0.896390438079834 0.5213990211486816
 751689 0.7740697860717773 0.8991749286651611 0.524285078048706
 753424 0.8034772872924805 0.8754160404205322 0.524651288986206
 755161 0.77825927734375 0.9036898612976074 0.525367021560669
 756900 0.8078155517578125 0.9059972763061523 0.5277149677276611
 758641 0.7810895442962646 0.8795919418334961 0.5277011394500732
 760384 0.8102896213531494 0.9096879959106445 0.5291023254394531
 762129 0.7852122783660889 0.9118936061859131 0.531181812286377
 763876 0.814629316329956 0.8832645416259766 0.5315990447998047
 765625 0.788032054901123 0.9165427684783936 0.5337212085723877
 767376 0.8187117576599121 0.9196627140045166 0.5333542823791504
 769129 0.7902286052703857 0.8942172527313232 0.5350906848907471
 770884 0.8214502334594727 0.9188234806060791 0.536064863204956
 772641 0.7957603931427002 0.9266443252563477 0.5371203422546387
 774400 0.824376106262207 0.899430513381958 0.5386569499969482
 776161 0.7986629009246826 0.9311230182647705 0.5398604869842529
 777924 0.8306810855865479 0.9339842796325684 0.5425803661346436
 779689 0.8013248443603516 0.9058432579040527 0.5425307750701904
 781456 0.8328354358673096 0.9378294944763184 0.5435590744018555
 783225 0.8055086135864258 0.9407510757446289 0.5457937717437744
 784996 0.8374171257019043 0.9154763221740723 0.5472152233123779
 786769 0.8105897903442383 0.9475741386413574 0.5477101802825928
 788544 0.8416509628295898 0.9492766857147217 0.5486452579498291
 790321 0.8124580383300781 0.9207959175109863 0.5498268604278564
 792100 0.8444333076477051 0.9532134532928467 0.5550878047943115
 793881 0.8193225860595703 0.9548077583312988 0.5550026893615723
 795664 0.847771406173706 0.9258713722229004 0.5534436702728271
 797449 0.8196649551391602 0.9596529006958008 0.5570075511932373
 799236 0.8518991470336914 0.9621315002441406 0.5598189830780029
 801025 0.8238615989685059 0.933119535446167 0.5570497512817383
 802816 0.8565092086791992 0.9604427814483643 0.5610685348510742
 804609 0.828624963760376 0.9684641361236572 0.5624022483825684
 806404 0.8602001667022705 0.939448356628418 0.5619292259216309
 808201 0.8318667411804199 0.9733247756958008 0.564378023147583
 810000 0.8649637699127197 0.9731378555297852 0.5658485889434814
 811801 0.8334519863128662 0.9474341869354248 0.5659658908843994
 813604 0.8676536083221436 0.9800596237182617 0.5686585903167725
 815409 0.8393409252166748 0.979705810546875 0.5695004463195801
 817216 0.8712925910949707 0.9543900489807129 0.5688161849975586
 819025 0.8433997631072998 0.9869987964630127 0.5725088119506836
 820836 0.8759136199951172 0.9849004745483398 0.5751564502716064
 822649 0.8460655212402344 0.9598839282989502 0.5729377269744873
 824464 0.8787968158721924 0.9946012496948242 0.5759296417236328
 826281 0.8507823944091797 0.9956860542297363 0.5775923728942871
 828100 0.8858356475830078 0.9652786254882812 0.5758953094482422
 829921 0.8548407554626465 1.0011746883392334 0.5799899101257324
 831744 0.886911153793335 1.00506591796875 0.5812804698944092
 833569 0.8599519729614258 0.9756104946136475 0.5811831951141357
 835396 0.8916139602661133 1.00274658203125 0.5841934680938721
 837225 0.8613777160644531 1.0107202529907227 0.5855414867401123
 839056 0.8949708938598633 0.9800889492034912 0.5839757919311523
 840889 0.8661980628967285 1.0134515762329102 0.5873737335205078
 842724 0.8986430168151855 1.018526315689087 0.5888829231262207
 844561 0.8699357509613037 0.988440752029419 0.587244987487793
 846400 0.9022021293640137 1.023390769958496 0.591055154800415
 848241 0.874763011932373 1.023097276687622 0.5943238735198975
 850084 0.9059398174285889 0.9892053604125977 0.5912387371063232
 851929 0.877389669418335 1.0303394794464111 0.5923600196838379
 853776 0.9109585285186768 1.0322377681732178 0.5954687595367432
 855625 0.8806805610656738 1.0008831024169922 0.5944440364837646
 857476 0.9162068367004395 1.0371875762939453 0.5975520610809326
 859329 0.8860020637512207 1.0397286415100098 0.5991740226745605
 861184 0.9191145896911621 1.0028409957885742 0.5988035202026367
 863041 0.8878421783447266 1.0449650287628174 0.6007428169250488
 864900 0.9227950572967529 1.0468776226043701 0.602869987487793
 866761 0.8926358222961426 1.0127453804016113 0.6029624938964844
 868624 0.9269688129425049 1.0523033142089844 0.6047492027282715
 870489 0.8970935344696045 1.0485270023345947 0.6042795181274414
 872356 0.9299576282501221 1.0195393562316895 0.6063039302825928
 874225 0.899362325668335 1.0591776371002197 0.6087048053741455
 876096 0.935457706451416 1.0614979267120361 0.6099495887756348
 877969 0.9031064510345459 1.0295462608337402 0.6104295253753662
 879844 0.9374232292175293 1.0615313053131104 0.6117372512817383
 881721 0.9091572761535645 1.069002628326416 0.6125719547271729
 883600 0.9429340362548828 1.036729335784912 0.6142117977142334
 885481 0.9099998474121094 1.0715360641479492 0.6161420345306396
 887364 0.9455437660217285 1.0761206150054932 0.6179749965667725
 889249 0.9167344570159912 1.0430140495300293 0.618445873260498
 891136 0.9503858089447021 1.0814027786254883 0.619300365447998
 893025 0.9182429313659668 1.08351469039917 0.6226537227630615
 894916 0.954817533493042 1.0500361919403076 0.621382474899292
 896809 0.9245932102203369 1.0890522003173828 0.6252536773681641
 898704 0.9592421054840088 1.0930964946746826 0.6245410442352295
 900601 0.9260578155517578 1.0582036972045898 0.627410888671875
 902500 0.9628398418426514 1.0964751243591309 0.6267738342285156
 904401 0.9319436550140381 1.0988497734069824 0.6279819011688232
 906304 0.9665098190307617 1.0620601177215576 0.6294620037078857
 908209 0.9360852241516113 1.1030828952789307 0.6317629814147949
 910116 0.9725260734558105 1.1053783893585205 0.6334388256072998
 912025 0.9395925998687744 1.071761131286621 0.6331093311309814
 913936 0.975632905960083 1.11173677444458 0.6404201984405518
 915849 0.9427793025970459 1.1153931617736816 0.6401305198669434
 917764 0.9804995059967041 1.0788047313690186 0.6376912593841553
 919681 0.9473414421081543 1.1164212226867676 0.641749382019043
 921600 0.9828383922576904 1.1173055171966553 0.6452608108520508
 923521 0.9512660503387451 1.0872642993927002 0.6421113014221191
 925444 0.9873864650726318 1.1255419254302979 0.6460690498352051
 927369 0.9553267955780029 1.12788724899292 0.6473867893218994
 929296 0.9910106658935547 1.0905346870422363 0.6467781066894531
 931225 0.9613058567047119 1.1323232650756836 0.6506659984588623
 933156 0.9963986873626709 1.1357641220092773 0.6515393257141113
 935089 0.964928150177002 1.1034023761749268 0.649165153503418
 937024 1.00123929977417 1.140399694442749 0.6543927192687988
 938961 0.9671933650970459 1.143920660018921 0.655266284942627
 940900 1.0032668113708496 1.1093952655792236 0.6534128189086914
 942841 0.9704477787017822 1.1488611698150635 0.6584317684173584
 944784 1.0081901550292969 1.150944709777832 0.6565151214599609
 946729 0.9748389720916748 1.1165273189544678 0.6593656539916992
 948676 1.0122075080871582 1.155562400817871 0.6599204540252686
 950625 0.9812066555023193 1.1597857475280762 0.6598355770111084
 952576 1.0166234970092773 1.1221144199371338 0.6623241901397705
 954529 0.9851295948028564 1.1638212203979492 0.6622486114501953
 956484 1.0199780464172363 1.1654396057128906 0.6641628742218018
 958441 0.9868896007537842 1.1277813911437988 0.6652572154998779
 960400 1.0252838134765625 1.1718566417694092 0.6665680408477783
 962361 0.9916653633117676 1.1707820892333984 0.6703588962554932
 964324 1.0289597511291504 1.1379554271697998 0.6696639060974121
 966289 0.9976460933685303 1.1801414489746094 0.6708390712738037
 968256 1.0336146354675293 1.1830599308013916 0.6747589111328125
 970225 1.0001087188720703 1.1462507247924805 0.675447940826416
 972196 1.038851022720337 1.183605432510376 0.6741173267364502
 974169 1.0397107601165771 1.1900439262390137 0.6760313510894775
 976144 1.0423314571380615 1.1530497074127197 0.6781032085418701
 978121 1.0440356731414795 1.1967763900756836 0.6791276931762695
 980100 1.0456972122192383 1.1977877616882324 0.6814630031585693
 982081 1.013340950012207 1.1617462635040283 0.682964563369751
 984064 1.050567388534546 1.2029027938842773 0.6833930015563965
 986049 1.0164899826049805 1.2059764862060547 0.6852588653564453
 988036 1.0544109344482422 1.1699600219726562 0.6885206699371338
 990025 1.0204768180847168 1.2115452289581299 0.6887876987457275
 992016 1.0592436790466309 1.2132937908172607 0.6885166168212891
 994009 1.021892786026001 1.1755378246307373 0.6911125183105469
 996004 1.0641906261444092 1.2197730541229248 0.6972775459289551
 998001 1.0319538116455078 1.224698781967163 0.6957943439483643