
 9 2.0742416381835938e-05 3.719329833984375e-05 1.3589859008789062e-05
 16 1.71661376953125e-05 1.2874603271484375e-05 1.4066696166992188e-05
 25 2.4318695068359375e-05 2.09808349609375e-05 2.0503997802734375e-05
 36 3.266334533691406e-05 2.4557113647460938e-05 2.7418136596679688e-05
 49 4.220008850097656e-05 3.504753112792969e-05 3.62396240234375e-05
 64 5.316734313964844e-05 4.029273986816406e-05 4.601478576660156e-05
 81 6.508827209472656e-05 4.6253204345703125e-05 5.650520324707031e-05
 100 7.891654968261719e-05 5.14984130859375e-05 6.723403930664062e-05
 121 9.393692016601562e-05 6.818771362304688e-05 8.058547973632812e-05
 144 0.00011110305786132812 7.581710815429688e-05 9.465217590332031e-05
 169 0.00016236305236816406 9.441375732421875e-05 0.00011038780212402344
 196 0.00014901161193847656 0.00010514259338378906 0.0001266002655029297
 225 0.00016951560974121094 0.00011658668518066406 0.00014352798461914062
 256 0.00019025802612304688 0.0001308917999267578 0.0001633167266845703
 289 0.00021839141845703125 0.00015664100646972656 0.00018668174743652344
 324 0.0002465248107910156 0.0001735687255859375 0.00021076202392578125
 361 0.00027823448181152344 0.0002067089080810547 0.00023627281188964844
 400 0.00030922889709472656 0.00022792816162109375 0.00026416778564453125
 441 0.0003445148468017578 0.00025010108947753906 0.00029349327087402344
 484 0.00038361549377441406 0.0002741813659667969 0.000324249267578125
 529 0.00041604042053222656 0.0003135204315185547 0.0003554821014404297
 576 0.0004527568817138672 0.0003330707550048828 0.0003871917724609375
 625 0.0005102157592773438 0.0003597736358642578 0.0004379749298095703
 676 0.0005342960357666016 0.0003867149353027344 0.0004591941833496094
 729 0.0005781650543212891 0.000431060791015625 0.0004968643188476562
 784 0.0006253719329833984 0.0004458427429199219 0.0005347728729248047
 841 0.0006718635559082031 0.0004940032958984375 0.0005729198455810547
 900 0.0007195472717285156 0.0005300045013427734 0.0006151199340820312
 961 0.0007669925689697266 0.0005846023559570312 0.000659942626953125
 1024 0.0008196830749511719 0.0006198883056640625 0.0007016658782958984
 1089 0.0008749961853027344 0.0006601810455322266 0.0007474422454833984
 1156 0.0009307861328125 0.0006995201110839844 0.0007927417755126953
 1225 0.0009860992431640625 0.0007412433624267578 0.0008413791656494141
 1296 0.0010437965393066406 0.0007829666137695312 0.0008957386016845703
 1369 0.001102447509765625 0.0008490085601806641 0.0009417533874511719
 1444 0.0011641979217529297 0.0008955001831054688 0.0009930133819580078
 1521 0.0012278556823730469 0.0009613037109375 0.0010538101196289062
 1600 0.0012989044189453125 0.0009942054748535156 0.0011050701141357422
 1681 0.0013604164123535156 0.0010650157928466797 0.0011632442474365234
 1764 0.0014262199401855469 0.0011224746704101562 0.0012202262878417969
 1849 0.0014972686767578125 0.0011980533599853516 0.001279592514038086
 1936 0.001567840576171875 0.0012524127960205078 0.0013375282287597656
 2025 0.0016443729400634766 0.0013120174407958984 0.001398324966430664
 2116 0.0017254352569580078 0.0013890266418457031 0.001468658447265625
 2209 0.001790761947631836 0.0014874935150146484 0.0015287399291992188
 2304 0.0018832683563232422 0.0015273094177246094 0.0015974044799804688
 2401 0.0019507408142089844 0.0015821456909179688 0.001667022705078125
 2500 0.0020318031311035156 0.0016515254974365234 0.0017383098602294922
 2601 0.0021283626556396484 0.0017213821411132812 0.001804351806640625
 2704 0.00220489501953125 0.0017900466918945312 0.0018787384033203125
 2809 0.0022895336151123047 0.0018875598907470703 0.001965045928955078
 2916 0.0023741722106933594 0.0019583702087402344 0.002027273178100586
 3025 0.0024750232696533203 0.002032041549682617 0.002117633819580078
 3136 0.0025496482849121094 0.002102375030517578 0.0021779537200927734
 3249 0.002641916275024414 0.0021812915802001953 0.002271413803100586
 3364 0.0027353763580322266 0.00225830078125 0.002340555191040039
 3481 0.0028269290924072266 0.002363443374633789 0.0024116039276123047
 3600 0.0029218196868896484 0.0024657249450683594 0.0025162696838378906
 3721 0.0030469894409179688 0.0025703907012939453 0.0025887489318847656
 3844 0.003133535385131836 0.0026803016662597656 0.002684354782104492
 3969 0.003242015838623047 0.0027496814727783203 0.002762317657470703
 4096 0.0033376216888427734 0.002828359603881836 0.0028450489044189453
 4225 0.0034525394439697266 0.002921581268310547 0.00293731689453125
 4356 0.00356292724609375 0.003009796142578125 0.003025531768798828
 4489 0.0036575794219970703 0.003147602081298828 0.003127574920654297
 4624 0.0037844181060791016 0.003236055374145508 0.00321197509765625
 4761 0.0038912296295166016 0.0033338069915771484 0.0033111572265625
 4900 0.004004955291748047 0.0034317970275878906 0.0034248828887939453
 5041 0.004148960113525391 0.0035796165466308594 0.003502368927001953
 5184 0.0042264461517333984 0.0036776065826416016 0.003604412078857422
 5329 0.0043621063232421875 0.0038166046142578125 0.0037164688110351562
 5476 0.004469394683837891 0.0039446353912353516 0.0038137435913085938
 5625 0.004616737365722656 0.0040361881256103516 0.00390625
 5776 0.004719257354736328 0.004178524017333984 0.004023075103759766
 5929 0.004850625991821289 0.00426030158996582 0.0041162967681884766
 6084 0.004971981048583984 0.004366397857666016 0.0042378902435302734
 6241 0.0050923824310302734 0.004542350769042969 0.00433659553527832
 6400 0.005247354507446289 0.004670381546020508 0.004443168640136719
 6561 0.00534367561340332 0.004774808883666992 0.004549980163574219
 6724 0.005502223968505859 0.004884958267211914 0.004671573638916016
 6889 0.005635499954223633 0.005052089691162109 0.004804134368896484
 7056 0.005762338638305664 0.005177021026611328 0.004893302917480469
 7225 0.005898952484130859 0.005311012268066406 0.005014896392822266
 7396 0.006078481674194336 0.005475759506225586 0.005140542984008789
 7569 0.006163835525512695 0.005544900894165039 0.005251646041870117
 7744 0.006327152252197266 0.005700826644897461 0.005392313003540039
 7921 0.00648808479309082 0.005847454071044922 0.005505084991455078
 8100 0.006640195846557617 0.0059888362884521484 0.0056307315826416016
 8281 0.006762027740478516 0.006138324737548828 0.005743503570556641
 8464 0.006924629211425781 0.006275177001953125 0.005869150161743164
 8649 0.00705718994140625 0.006421089172363281 0.006016969680786133
 8836 0.0072290897369384766 0.006547689437866211 0.006116151809692383
 9025 0.007403135299682617 0.006688594818115234 0.0062525272369384766
 9216 0.007562875747680664 0.006822347640991211 0.0064013004302978516
 9409 0.007692813873291016 0.0070188045501708984 0.0065195560455322266
 9604 0.007893562316894531 0.007209300994873047 0.006661415100097656
 9801 0.008002996444702148 0.007337808609008789 0.006817817687988281
 10000 0.008167743682861328 0.007469892501831055 0.006925821304321289
 10201 0.008329153060913086 0.0076847076416015625 0.007071495056152344
 10404 0.008510351181030273 0.007823705673217773 0.0072078704833984375
 10609 0.00868535041809082 0.008047819137573242 0.007340908050537109
 10816 0.008852243423461914 0.008219480514526367 0.007493019104003906
 11025 0.009039163589477539 0.008382081985473633 0.00767207145690918
 11236 0.009192705154418945 0.00852346420288086 0.0077860355377197266
 11449 0.009386301040649414 0.008743762969970703 0.00792837142944336
 11664 0.009544610977172852 0.008918285369873047 0.00806117057800293
 11881 0.009725332260131836 0.009150266647338867 0.008224725723266602
 12100 0.009912729263305664 0.009311437606811523 0.008355379104614258
 12321 0.010113239288330078 0.009468317031860352 0.008525371551513672
 12544 0.01027369499206543 0.009652137756347656 0.008685111999511719
 12769 0.010482549667358398 0.009920120239257812 0.008839845657348633
 12996 0.01065683364868164 0.010068178176879883 0.008986949920654297
 13225 0.010840892791748047 0.01028132438659668 0.009151458740234375
 13456 0.01105642318725586 0.01042485237121582 0.009311437606811523
 13689 0.011224985122680664 0.010610580444335938 0.009497642517089844
 13924 0.011415243148803711 0.01077890396118164 0.009718656539916992
 14161 0.011607646942138672 0.010975360870361328 0.009788036346435547
 14400 0.011799335479736328 0.011176109313964844 0.009948968887329102
 14641 0.011982440948486328 0.011327505111694336 0.01011347770690918
 14884 0.012231826782226562 0.011544466018676758 0.010280370712280273
 15129 0.012177467346191406 0.011754989624023438 0.010451078414916992
 15376 0.01262354850769043 0.011935710906982422 0.010624885559082031
 15625 0.01281428337097168 0.012122392654418945 0.010847330093383789
 15876 0.012999534606933594 0.012315511703491211 0.010961771011352539
 16129 0.013367891311645508 0.013155221939086914 0.01113748550415039
 16384 0.013421773910522461 0.012779712677001953 0.011313199996948242
 16641 0.01369786262512207 0.013138771057128906 0.011495590209960938
 16900 0.013864994049072266 0.013193607330322266 0.011678695678710938
 17161 0.014093399047851562 0.013520002365112305 0.011869192123413086
 17424 0.014229536056518555 0.013689994812011719 0.012023687362670898
 17689 0.014563322067260742 0.013878107070922852 0.012244462966918945
 17956 0.014714479446411133 0.014192581176757812 0.01237940788269043
 18225 0.014945268630981445 0.014322280883789062 0.012572288513183594
 18496 0.015132427215576172 0.014523744583129883 0.012802839279174805
 18769 0.015387773513793945 0.014814376831054688 0.012950897216796875
 19044 0.015594244003295898 0.015036582946777344 0.01314544677734375
 19321 0.01585102081298828 0.015319108963012695 0.013310670852661133
 19600 0.016127824783325195 0.015535354614257812 0.013488054275512695
 19881 0.016267061233520508 0.01576972007751465 0.01372981071472168
 20164 0.016518831253051758 0.016101837158203125 0.013906717300415039
 20449 0.01683783531188965 0.016215085983276367 0.014097213745117188
 20736 0.016967296600341797 0.016489744186401367 0.014275074005126953
 21025 0.01718282699584961 0.01669025421142578 0.014475822448730469
 21316 0.017514467239379883 0.01694941520690918 0.014657974243164062
 21609 0.017725229263305664 0.017179250717163086 0.014887094497680664
 21904 0.01793360710144043 0.017381668090820312 0.015115022659301758
 22201 0.01821160316467285 0.017710447311401367 0.015306711196899414
 22500 0.018501758575439453 0.01794290542602539 0.015549659729003906
 22801 0.018689393997192383 0.01829218864440918 0.015699386596679688
 23104 0.01895308494567871 0.01852869987487793 0.015891075134277344
 23409 0.019158124923706055 0.018778324127197266 0.016124486923217773
 23716 0.019400835037231445 0.0190126895904541 0.016302824020385742
 24025 0.01965022087097168 0.01931285858154297 0.016534090042114258
 24336 0.01998138427734375 0.01972031593322754 0.016753673553466797
 24649 0.020264625549316406 0.019930124282836914 0.016955137252807617
 24964 0.020478487014770508 0.020099639892578125 0.01718592643737793
 25281 0.020678043365478516 0.020360231399536133 0.017430782318115234
 25600 0.02109217643737793 0.020640134811401367 0.017610549926757812
 25921 0.02124333381652832 0.020962238311767578 0.017824649810791016
 26244 0.021541595458984375 0.021157026290893555 0.018055438995361328
 26569 0.02171802520751953 0.02151179313659668 0.018259525299072266
 26896 0.022058963775634766 0.02178788185119629 0.018487930297851562
 27225 0.022321462631225586 0.022037506103515625 0.01873946189880371
 27556 0.022589683532714844 0.02253413200378418 0.018941879272460938
 27889 0.022846460342407227 0.022706031799316406 0.01916790008544922
 28224 0.023128271102905273 0.022951841354370117 0.019513607025146484
 28561 0.023408174514770508 0.023207426071166992 0.019739151000976562
 28900 0.023753881454467773 0.023489713668823242 0.01996445655822754
 29241 0.02397632598876953 0.023919343948364258 0.02019977569580078
 29584 0.024220943450927734 0.024328231811523438 0.020394325256347656
 29929 0.024533510208129883 0.024453401565551758 0.02063775062561035
 30276 0.02485823631286621 0.024741411209106445 0.02084517478942871
 30625 0.025101184844970703 0.02502918243408203 0.0210721492767334
 30976 0.025365114212036133 0.025297880172729492 0.021334171295166016
 31329 0.02568531036376953 0.02560281753540039 0.021581649780273438
 31684 0.02594590187072754 0.025893449783325195 0.021819353103637695
 32041 0.026458740234375 0.026368379592895508 0.022043943405151367
 32400 0.02656078338623047 0.026582002639770508 0.022257328033447266
 32761 0.026833057403564453 0.026983022689819336 0.02250981330871582
 33124 0.027269840240478516 0.02755284309387207 0.0227658748626709
 33489 0.02774500846862793 0.0276339054107666 0.023027658462524414
 33856 0.028087139129638672 0.02798151969909668 0.02326798439025879
 34225 0.028460979461669922 0.02837538719177246 0.023548364639282227
 34596 0.028917789459228516 0.028612136840820312 0.023819446563720703
 34969 0.02938985824584961 0.02917623519897461 0.024121761322021484
 35344 0.029766082763671875 0.029247283935546875 0.02436041831970215
 35721 0.030135393142700195 0.02965545654296875 0.024629592895507812
 36100 0.030559539794921875 0.0299379825592041 0.024861812591552734
 36481 0.031013011932373047 0.03062915802001953 0.02520918846130371
 36864 0.031374454498291016 0.03071141242980957 0.025458574295043945
 37249 0.03183698654174805 0.031191110610961914 0.025725126266479492
 37636 0.03234219551086426 0.03164315223693848 0.02599644660949707
 38025 0.03291606903076172 0.031926870346069336 0.02628302574157715
 38416 0.033176422119140625 0.03225398063659668 0.026556968688964844
 38809 0.03361964225769043 0.03270983695983887 0.02679610252380371
 39204 0.03401803970336914 0.0330662727355957 0.027100324630737305
 39601 0.03442645072937012 0.033498525619506836 0.027388572692871094
 40000 0.03491067886352539 0.033795833587646484 0.027721881866455078
 40401 0.03538250923156738 0.03421139717102051 0.027967214584350586
 40804 0.0358586311340332 0.03454160690307617 0.028267860412597656
 41209 0.036627769470214844 0.03503131866455078 0.02862071990966797
 41616 0.03662586212158203 0.035356998443603516 0.028784990310668945
 42025 0.03711104393005371 0.03558850288391113 0.02912139892578125
 42436 0.03755831718444824 0.03598213195800781 0.02935791015625
 42849 0.03800034523010254 0.03633761405944824 0.029691457748413086
 43264 0.03851938247680664 0.0367121696472168 0.03000497817993164
 43681 0.03889131546020508 0.037106990814208984 0.030298709869384766
 44100 0.039446115493774414 0.03749513626098633 0.030556678771972656
 44521 0.03991293907165527 0.03801536560058594 0.030846834182739258
 44944 0.04038214683532715 0.03831171989440918 0.031193971633911133
 45369 0.0408785343170166 0.039093732833862305 0.03148937225341797
 45796 0.04136800765991211 0.03905129432678223 0.03180694580078125
 46225 0.0417635440826416 0.03947758674621582 0.03206467628479004
 46656 0.04225659370422363 0.03984808921813965 0.032477617263793945
 47089 0.042769432067871094 0.0402369499206543 0.03278470039367676
 47524 0.043198347091674805 0.040651559829711914 0.03297853469848633
 47961 0.04368162155151367 0.04146599769592285 0.033300161361694336
 48400 0.04413342475891113 0.0414121150970459 0.0335390567779541
 48841 0.04462027549743652 0.04176664352416992 0.03392338752746582
 49284 0.0451200008392334 0.0422062873840332 0.03430008888244629
 49729 0.04558444023132324 0.04311656951904297 0.0345919132232666
 50176 0.04602384567260742 0.04318046569824219 0.03489518165588379
 50625 0.046447038650512695 0.04366159439086914 0.035214900970458984
 51076 0.04709434509277344 0.04405069351196289 0.03559088706970215
 51529 0.04762721061706543 0.04446268081665039 0.035835981369018555
 51984 0.04804515838623047 0.044927120208740234 0.03616452217102051
 52441 0.04870319366455078 0.045822858810424805 0.036504507064819336
 52900 0.049036264419555664 0.045900821685791016 0.036852359771728516
 53361 0.049674272537231445 0.0463099479675293 0.03710627555847168
 53824 0.05002951622009277 0.04668879508972168 0.03744912147521973
 54289 0.05061841011047363 0.04720616340637207 0.037822723388671875
 54756 0.051039695739746094 0.04770159721374512 0.03809356689453125
 55225 0.05161285400390625 0.048081398010253906 0.03841519355773926
 55696 0.05195283889770508 0.04856061935424805 0.03875303268432617
 56169 0.0526578426361084 0.04914546012878418 0.03917646408081055
 56644 0.05315423011779785 0.04936838150024414 0.03946232795715332
 57121 0.053510189056396484 0.05002593994140625 0.039865970611572266
 57600 0.05427408218383789 0.05038809776306152 0.040255069732666016
 58081 0.05474567413330078 0.051407575607299805 0.04047203063964844
 58564 0.05534505844116211 0.051412105560302734 0.040811777114868164
 59049 0.05562257766723633 0.05180168151855469 0.04118919372558594
 59536 0.056365966796875 0.05236530303955078 0.04153752326965332
 60025 0.055383920669555664 0.05273795127868652 0.04180479049682617
 60516 0.057141780853271484 0.05316805839538574 0.04224133491516113
 61009 0.058077335357666016 0.05375528335571289 0.04262113571166992
 61504 0.05854940414428711 0.0541384220123291 0.04294896125793457
 62001 0.05936765670776367 0.05680441856384277 0.043315887451171875
 62500 0.05955195426940918 0.0550534725189209 0.04360842704772949
 63001 0.06011080741882324 0.05583810806274414 0.04394721984863281
 63504 0.060758113861083984 0.05600118637084961 0.04430055618286133
 64009 0.061081647872924805 0.056568145751953125 0.044597625732421875
 64516 0.06243252754211426 0.05710268020629883 0.045188188552856445
 65025 0.06256675720214844 0.057511091232299805 0.045302629470825195
 65536 0.06285333633422852 0.057996273040771484 0.04577064514160156
 66049 0.06367826461791992 0.059160709381103516 0.046051025390625
 66564 0.0641629695892334 0.05895876884460449 0.04642605781555176
 67081 0.06451106071472168 0.059508323669433594 0.0469670295715332
 67600 0.06514263153076172 0.06000947952270508 0.0472102165222168
 68121 0.06557106971740723 0.06049299240112305 0.04748106002807617
 68644 0.06642961502075195 0.061051130294799805 0.04794716835021973
 69169 0.06684231758117676 0.0615234375 0.04838061332702637
 69696 0.06734871864318848 0.06210947036743164 0.04873085021972656
 70225 0.06794047355651855 0.06297779083251953 0.04908442497253418
 70756 0.06854391098022461 0.06305599212646484 0.04943132400512695
 71289 0.06898212432861328 0.06351971626281738 0.04987287521362305
 71824 0.06980156898498535 0.06399893760681152 0.050244808197021484
 72361 0.07029128074645996 0.0646812915802002 0.050606489181518555
 72900 0.07096481323242188 0.06584668159484863 0.05098867416381836
 73441 0.07141256332397461 0.06585073471069336 0.05138683319091797
 73984 0.07221651077270508 0.06654572486877441 0.05177164077758789
 74529 0.0726766586303711 0.06689810752868652 0.052129268646240234
 75076 0.07333993911743164 0.06799983978271484 0.052518367767333984
 75625 0.07383227348327637 0.06798219680786133 0.05292391777038574
 76176 0.07431650161743164 0.06835341453552246 0.053362369537353516
 76729 0.0749349594116211 0.06915473937988281 0.053769588470458984
 77284 0.07576894760131836 0.06975007057189941 0.054018497467041016
 77841 0.07640647888183594 0.07089543342590332 0.05443549156188965
 78400 0.07684636116027832 0.07122611999511719 0.054901838302612305
 78961 0.0773928165435791 0.07159233093261719 0.055353403091430664
 79524 0.07816863059997559 0.07205557823181152 0.055698394775390625
 80089 0.07853555679321289 0.07276797294616699 0.05608105659484863
 80656 0.0792086124420166 0.0734102725982666 0.05649447441101074
 81225 0.08001518249511719 0.0737452507019043 0.05692553520202637
 81796 0.0804283618927002 0.07444882392883301 0.057425498962402344
 82369 0.08096528053283691 0.07483720779418945 0.057787418365478516
 82944 0.08167576789855957 0.07540512084960938 0.057955265045166016
 83521 0.08251762390136719 0.07625651359558105 0.058550119400024414
 84100 0.08294367790222168 0.07651972770690918 0.05892658233642578
 84681 0.0838158130645752 0.07703828811645508 0.05943775177001953
 85264 0.08441519737243652 0.07747387886047363 0.05975985527038574
 85849 0.08507680892944336 0.07844066619873047 0.060164451599121094
 86436 0.08552837371826172 0.07901692390441895 0.06070542335510254
 87025 0.08610892295837402 0.08010196685791016 0.06102871894836426
 87616 0.08664512634277344 0.08039569854736328 0.061270952224731445
 88209 0.08734416961669922 0.08082056045532227 0.061896324157714844
 88804 0.08789777755737305 0.0811314582824707 0.06226515769958496
 89401 0.0886995792388916 0.08263254165649414 0.06274652481079102
 90000 0.08939361572265625 0.08232831954956055 0.06312203407287598
 90601 0.09027743339538574 0.08303642272949219 0.06358885765075684
 91204 0.0908050537109375 0.08343839645385742 0.06393790245056152
 91809 0.09131884574890137 0.0841064453125 0.06442666053771973
 92416 0.09192061424255371 0.08561372756958008 0.06482410430908203
 93025 0.09251642227172852 0.08529019355773926 0.06522536277770996
 93636 0.09346890449523926 0.08681583404541016 0.06558656692504883
 94249 0.09384703636169434 0.08667206764221191 0.06613707542419434
 94864 0.09460067749023438 0.08815360069274902 0.06658267974853516
 95481 0.09564638137817383 0.08789467811584473 0.06717085838317871
 96100 0.09578061103820801 0.08839631080627441 0.06753230094909668
 96721 0.09744048118591309 0.08926939964294434 0.06787848472595215
 97344 0.09741878509521484 0.09008073806762695 0.06832742691040039
 97969 0.09824609756469727 0.09058213233947754 0.06875061988830566
 98596 0.09888744354248047 0.0912010669708252 0.06925463676452637
 99225 0.09974026679992676 0.09215712547302246 0.06963586807250977
 99856 0.10007333755493164 0.0925743579864502 0.0700526237487793
 100489 0.10148382186889648 0.09422564506530762 0.0704808235168457
 101124 0.10148119926452637 0.09398961067199707 0.07099556922912598
 101761 0.10268139839172363 0.09452629089355469 0.0714256763458252
 102400 0.10279035568237305 0.09505510330200195 0.07191276550292969
 103041 0.10334634780883789 0.09602522850036621 0.07237577438354492
 103684 0.1047208309173584 0.09667587280273438 0.07278060913085938
 104329 0.10504293441772461 0.09721565246582031 0.07335352897644043
 104976 0.10550165176391602 0.09789299964904785 0.07341694831848145
 105625 0.10738492012023926 0.09947323799133301 0.07420659065246582
 106276 0.10725235939025879 0.10067033767700195 0.07462787628173828
 106929 0.10821342468261719 0.10007905960083008 0.0751032829284668
 107584 0.1085197925567627 0.10058021545410156 0.07561898231506348
 108241 0.1093597412109375 0.10110187530517578 0.0759878158569336
 108900 0.11008358001708984 0.10166358947753906 0.07616043090820312
 109561 0.11066484451293945 0.1027536392211914 0.07700061798095703
 110224 0.1111440658569336 0.10352706909179688 0.07744193077087402
 110889 0.11170816421508789 0.10432910919189453 0.07790684700012207
 111556 0.11269211769104004 0.10590887069702148 0.07824587821960449
 112225 0.11332225799560547 0.10571527481079102 0.07888627052307129
 112896 0.11384701728820801 0.10612797737121582 0.07930946350097656
 113569 0.1148226261138916 0.10736083984375 0.07984137535095215
 114244 0.11623954772949219 0.10765933990478516 0.08035087585449219
 114921 0.11606216430664062 0.10843491554260254 0.08077597618103027
 115600 0.11697173118591309 0.10996294021606445 0.08125495910644531
 116281 0.11780595779418945 0.10989880561828613 0.0818033218383789
 116964 0.11818695068359375 0.11059236526489258 0.08228516578674316
 117649 0.11881208419799805 0.11129260063171387 0.08277511596679688
 118336 0.12033534049987793 0.11217427253723145 0.08322310447692871
 119025 0.12037777900695801 0.11277318000793457 0.0836646556854248
 119716 0.12138247489929199 0.1131742000579834 0.0842592716217041
 120409 0.12211894989013672 0.11418437957763672 0.08484029769897461
 121104 0.12266278266906738 0.11537766456604004 0.08530497550964355
 121801 0.12338542938232422 0.11603140830993652 0.08569455146789551
 122500 0.12450766563415527 0.11675477027893066 0.08624911308288574
 123201 0.12491679191589355 0.11742520332336426 0.08675599098205566
 123904 0.12649250030517578 0.1181027889251709 0.08719801902770996
 124609 0.12659573554992676 0.11976766586303711 0.0877068042755127
 125316 0.12848496437072754 0.12120318412780762 0.08824014663696289
 126025 0.1290421485900879 0.12165236473083496 0.0886843204498291
 126736 0.1299424171447754 0.12164115905761719 0.0891880989074707
 127449 0.130645751953125 0.12194633483886719 0.08986043930053711
 128164 0.1314256191253662 0.12268424034118652 0.09022736549377441
 128881 0.13306403160095215 0.12369251251220703 0.09060525894165039
 129600 0.13297176361083984 0.12431621551513672 0.09129762649536133
 130321 0.13398098945617676 0.12514686584472656 0.09161710739135742
 131044 0.13465309143066406 0.12626242637634277 0.09228277206420898
 131769 0.1353166103363037 0.12647676467895508 0.09265971183776855
 132496 0.13651776313781738 0.1273345947265625 0.09317636489868164
 133225 0.13679099082946777 0.12800931930541992 0.0936727523803711
 133956 0.13791799545288086 0.12902498245239258 0.09426450729370117
 134689 0.1382749080657959 0.12982463836669922 0.09471559524536133
 135424 0.13965463638305664 0.13102245330810547 0.09530258178710938
 136161 0.13532495498657227 0.1326448917388916 0.09573912620544434
 136900 0.14075565338134766 0.13211894035339355 0.09646320343017578
 137641 0.1416466236114502 0.13290143013000488 0.0968174934387207
 138384 0.1426103115081787 0.1339585781097412 0.0975351333618164
 139129 0.14425373077392578 0.13997960090637207 0.09799885749816895
 139876 0.14430665969848633 0.13552188873291016 0.09847688674926758
 140625 0.1458578109741211 0.13678693771362305 0.09897422790527344
 141376 0.14570093154907227 0.13701176643371582 0.09952688217163086
 142129 0.14646315574645996 0.1378498077392578 0.09981822967529297
 142884 0.1474909782409668 0.13881659507751465 0.10054492950439453
 143641 0.14823246002197266 0.1399364471435547 0.1012566089630127
 144400 0.14921879768371582 0.14046525955200195 0.10170722007751465
 145161 0.14967823028564453 0.1417233943939209 0.10224080085754395
 145924 0.15105366706848145 0.14199161529541016 0.10270357131958008
 146689 0.15139079093933105 0.14458560943603516 0.10330414772033691
 147456 0.15231084823608398 0.14419007301330566 0.10399651527404785
 148225 0.15282440185546875 0.14500069618225098 0.10440754890441895
 148996 0.15373516082763672 0.14609336853027344 0.10491013526916504
 149769 0.15540170669555664 0.1475830078125 0.10551977157592773
 150544 0.15569257736206055 0.14745736122131348 0.10619783401489258
 151321 0.15639328956604004 0.14845943450927734 0.10660862922668457
 152100 0.15706825256347656 0.1491718292236328 0.10724925994873047
 152881 0.15857720375061035 0.15009021759033203 0.10771584510803223
 153664 0.15884733200073242 0.1510767936706543 0.10829424858093262
 154449 0.15984058380126953 0.15181517601013184 0.10889148712158203
 155236 0.16077804565429688 0.1543598175048828 0.10925936698913574
 156025 0.1613483428955078 0.15332341194152832 0.10989141464233398
 156816 0.16335797309875488 0.15433239936828613 0.11004447937011719
 157609 0.16313481330871582 0.15541434288024902 0.11107158660888672
 158404 0.1638336181640625 0.15646958351135254 0.11142325401306152
 159201 0.16472506523132324 0.15711569786071777 0.11210298538208008
 160000 0.16638612747192383 0.15797686576843262 0.11266326904296875
 160801 0.16675853729248047 0.15983033180236816 0.11323428153991699
 161604 0.16744446754455566 0.1616206169128418 0.11400365829467773
 162409 0.16846847534179688 0.16082358360290527 0.11444926261901855
 163216 0.16951704025268555 0.16231036186218262 0.11502838134765625
 164025 0.17035675048828125 0.16390562057495117 0.1156153678894043
 164836 0.1710219383239746 0.16378521919250488 0.11614227294921875
 165649 0.1719052791595459 0.16422057151794434 0.11673212051391602
 166464 0.1728343963623047 0.16498613357543945 0.11727738380432129
 167281 0.17410874366760254 0.16639351844787598 0.11807918548583984
 168100 0.17570972442626953 0.16756987571716309 0.11854863166809082
 168921 0.17606353759765625 0.16794991493225098 0.11904382705688477
 169744 0.17648053169250488 0.1694624423980713 0.11966156959533691
 170569 0.17740130424499512 0.1704723834991455 0.12002348899841309
 171396 0.17823362350463867 0.17100119590759277 0.12081313133239746
 172225 0.17898869514465332 0.1715850830078125 0.12140417098999023
 173056 0.17994093894958496 0.17348313331604004 0.12193107604980469
 173889 0.18113923072814941 0.17341184616088867 0.12260627746582031
 174724 0.1824328899383545 0.17543840408325195 0.12306642532348633
 175561 0.18286418914794922 0.1754922866821289 0.12378692626953125
 176400 0.18354415893554688 0.178070068359375 0.12430429458618164
 177241 0.18440961837768555 0.17898774147033691 0.12482166290283203
 178084 0.18579506874084473 0.17942595481872559 0.125457763671875
 178929 0.18628954887390137 0.18000149726867676 0.1261887550354004
 179776 0.1872422695159912 0.1806490421295166 0.12667155265808105
 180625 0.1885850429534912 0.18171453475952148 0.12727808952331543
 181476 0.18926334381103516 0.1828937530517578 0.12793588638305664
 182329 0.19043922424316406 0.18429231643676758 0.1285865306854248
 183184 0.1914823055267334 0.18574857711791992 0.12902593612670898
 184041 0.19191241264343262 0.18478035926818848 0.1296851634979248
 184900 0.19273996353149414 0.18603229522705078 0.13035106658935547
 185761 0.1934819221496582 0.18713760375976562 0.1310431957244873
 186624 0.19463706016540527 0.18895292282104492 0.13153600692749023
 187489 0.19558310508728027 0.19128012657165527 0.13182759284973145
 188356 0.19640374183654785 0.19031381607055664 0.13276171684265137
 189225 0.1971573829650879 0.19249558448791504 0.13349652290344238
 190096 0.1983623504638672 0.19223713874816895 0.13405442237854004
 190969 0.19950509071350098 0.1933579444885254 0.13469910621643066
 191844 0.20026445388793945 0.19437503814697266 0.13525938987731934
 192721 0.2015523910522461 0.1952822208404541 0.13590312004089355
 193600 0.20219659805297852 0.19827723503112793 0.13639283180236816
 194481 0.20309090614318848 0.1984236240386963 0.13698387145996094
 195364 0.20402216911315918 0.1985933780670166 0.13770127296447754
 196249 0.2052760124206543 0.19977760314941406 0.13833999633789062
 197136 0.20593643188476562 0.20097112655639648 0.13907694816589355
 198025 0.2082960605621338 0.20188331604003906 0.13913512229919434
 198916 0.20830178260803223 0.20290136337280273 0.14020371437072754
 199809 0.20882320404052734 0.20511913299560547 0.14052915573120117
 200704 0.20969629287719727 0.20537686347961426 0.14151716232299805
 201601 0.2107076644897461 0.20609760284423828 0.14211225509643555
 202500 0.211500883102417 0.2065415382385254 0.1428823471069336
 203401 0.21270036697387695 0.20726561546325684 0.14321112632751465
 204304 0.2139277458190918 0.20840024948120117 0.14405608177185059
 205209 0.21515178680419922 0.20956063270568848 0.14444541931152344
 206116 0.21579194068908691 0.2115180492401123 0.14539146423339844
 207025 0.21707439422607422 0.21248221397399902 0.14582180976867676
 207936 0.21775507926940918 0.21359038352966309 0.14652657508850098
 208849 0.21848034858703613 0.21605920791625977 0.1473238468170166
 209764 0.21961522102355957 0.21535420417785645 0.14783644676208496
 210681 0.22097110748291016 0.2159435749053955 0.1486051082611084
 211600 0.2217559814453125 0.21775007247924805 0.1489100456237793
 212521 0.222642183303833 0.21990346908569336 0.14986228942871094
 213444 0.22415471076965332 0.21891307830810547 0.1504991054534912
 214369 0.22449636459350586 0.22177553176879883 0.15118646621704102
 215296 0.22561359405517578 0.22115206718444824 0.15180611610412598
 216225 0.22630596160888672 0.2236473560333252 0.15243315696716309
 217156 0.2274765968322754 0.22328972816467285 0.15298056602478027
 218089 0.22833728790283203 0.22570252418518066 0.15311789512634277
 219024 0.22953414916992188 0.22614169120788574 0.15436291694641113
 219961 0.23061442375183105 0.22936296463012695 0.1549818515777588
 220900 0.23120951652526855 0.22835373878479004 0.15540766716003418
 221841 0.2326197624206543 0.22922348976135254 0.15645432472229004
 222784 0.23452377319335938 0.23225879669189453 0.1568770408630371
 223729 0.23549914360046387 0.23271393775939941 0.15770745277404785
 224676 0.23573613166809082 0.23252606391906738 0.15839505195617676
 225625 0.2366492748260498 0.23322677612304688 0.15913677215576172
 226576 0.23917508125305176 0.2342524528503418 0.15986108779907227
 227529 0.23860812187194824 0.2351365089416504 0.1604456901550293
 228484 0.23967576026916504 0.23632001876831055 0.16064214706420898
 229441 0.2409515380859375 0.2375485897064209 0.16183042526245117
 230400 0.24196171760559082 0.23865485191345215 0.16253995895385742
 231361 0.24308991432189941 0.2394423484802246 0.16305279731750488
 232324 0.2439284324645996 0.24147486686706543 0.16372036933898926
 233289 0.24492192268371582 0.24397039413452148 0.16445446014404297
 234256 0.24655866622924805 0.24568843841552734 0.165144681930542
 235225 0.24673247337341309 0.24440550804138184 0.16564345359802246
 236196 0.2481977939605713 0.24509596824645996 0.1662757396697998
 237169 0.24868154525756836 0.24841904640197754 0.16683697700500488
 238144 0.25008320808410645 0.24771714210510254 0.16788673400878906
 239121 0.25102663040161133 0.24933362007141113 0.16856098175048828
 240100 0.25321269035339355 0.25220727920532227 0.16902852058410645
 241081 0.2533717155456543 0.251786470413208 0.16996383666992188
 242064 0.2546055316925049 0.25246405601501465 0.17036747932434082
 243049 0.2555239200592041 0.2543797492980957 0.1711115837097168
 244036 0.24800419807434082 0.2549619674682617 0.17192816734313965
 245025 0.25736284255981445 0.2577953338623047 0.17274975776672363
 246016 0.25853657722473145 0.25763845443725586 0.17322635650634766
 247009 0.2597672939300537 0.2575507164001465 0.17406892776489258
 248004 0.2625617980957031 0.2682507038116455 0.17479181289672852
 249001 0.26210451126098633 0.26293277740478516 0.17547154426574707
 250000 0.2632269859313965 0.2635986804962158 0.17600083351135254
 251001 0.26398253440856934 0.26453328132629395 0.1768496036529541
 252004 0.26494455337524414 0.2644534111022949 0.17745494842529297
 253009 0.26576685905456543 0.2659008502960205 0.17806649208068848
 254016 0.2672085762023926 0.2671165466308594 0.17913293838500977
 255025 0.26865530014038086 0.26948094367980957 0.17982244491577148
 256036 0.26937317848205566 0.27088356018066406 0.1802968978881836
 257049 0.27058911323547363 0.2721230983734131 0.1810908317565918
 258064 0.2717456817626953 0.27071571350097656 0.18181824684143066
 259081 0.2728745937347412 0.2719080448150635 0.18261432647705078
 260100 0.2735159397125244 0.2746882438659668 0.18334126472473145
 261121 0.2750587463378906 0.2770566940307617 0.18408584594726562
 262144 0.27596354484558105 0.28188085556030273 0.1848602294921875
 263169 0.27698731422424316 0.2793281078338623 0.18551254272460938
 264196 0.27840471267700195 0.278456449508667 0.18614864349365234
 265225 0.27925896644592285 0.2808856964111328 0.18705320358276367
 266256 0.28018665313720703 0.28000855445861816 0.18785905838012695
 267289 0.2824404239654541 0.2837660312652588 0.18809175491333008
 268324 0.2825777530670166 0.2834126949310303 0.18905210494995117
 269361 0.283825159072876 0.28362178802490234 0.1899251937866211
 270400 0.28470873832702637 0.2879292964935303 0.19055867195129395
 271441 0.28582215309143066 0.28793954849243164 0.1912364959716797
 272484 0.287304162979126 0.28813791275024414 0.19205021858215332
 273529 0.2885134220123291 0.2889444828033447 0.19289684295654297
 274576 0.2897789478302002 0.2903099060058594 0.19348406791687012
 275625 0.2904832363128662 0.2938241958618164 0.19428658485412598
 276676 0.291867733001709 0.29494261741638184 0.19502902030944824
 277729 0.2926938533782959 0.2967381477355957 0.19564294815063477
 278784 0.29389405250549316 0.29509711265563965 0.19637703895568848
 279841 0.29503798484802246 0.29551219940185547 0.19744420051574707
 280900 0.2959606647491455 0.2974050045013428 0.19809341430664062
 281961 0.298189640045166 0.2984793186187744 0.1988389492034912
 283024 0.2991909980773926 0.30240893363952637 0.19948244094848633
 284089 0.2995157241821289 0.30313634872436523 0.20002269744873047
 285156 0.3018009662628174 0.30130624771118164 0.20100164413452148
 286225 0.30167055130004883 0.3050961494445801 0.20142579078674316
 287296 0.3029811382293701 0.3042261600494385 0.20211172103881836
 288369 0.30442023277282715 0.30651235580444336 0.2032792568206787
 289444 0.30547642707824707 0.3096003532409668 0.20346426963806152
 290521 0.30649757385253906 0.3100118637084961 0.20456910133361816
 291600 0.30780863761901855 0.30953192710876465 0.20562529563903809
 292681 0.3091621398925781 0.313570499420166 0.2059946060180664
 293764 0.30974578857421875 0.3131248950958252 0.2068474292755127
 294849 0.31151366233825684 0.313504695892334 0.20742225646972656
 295936 0.3123035430908203 0.31721949577331543 0.20839142799377441
 297025 0.31333494186401367 0.31827306747436523 0.2087545394897461
 298116 0.31505560874938965 0.31806373596191406 0.20964360237121582
 299209 0.31584668159484863 0.3196437358856201 0.2109060287475586
 300304 0.31677770614624023 0.3210017681121826 0.21155071258544922
 301401 0.3181900978088379 0.3217928409576416 0.21230626106262207
 302500 0.3200054168701172 0.32348203659057617 0.2130579948425293
 303601 0.32054877281188965 0.3250467777252197 0.21356844902038574
 304704 0.3216564655303955 0.3264341354370117 0.21424198150634766
 305809 0.32303309440612793 0.32851529121398926 0.2153947353363037
 306916 0.3239731788635254 0.32697248458862305 0.21643519401550293
 308025 0.3255465030670166 0.32904672622680664 0.21701526641845703
 309136 0.32750844955444336 0.3322904109954834 0.2178034782409668
 310249 0.32866954803466797 0.3329958915710449 0.21836161613464355
 311364 0.3286418914794922 0.33306384086608887 0.21930289268493652
 312481 0.3306276798248291 0.33646249771118164 0.2199411392211914
 313600 0.33365893363952637 0.3353760242462158 0.2205512523651123
 314721 0.3322877883911133 0.33905982971191406 0.2215263843536377
 315844 0.3340737819671631 0.33924174308776855 0.22240877151489258
 316969 0.3348231315612793 0.33849287033081055 0.22322440147399902
 318096 0.3361382484436035 0.34322381019592285 0.2240312099456787
 319225 0.3374612331390381 0.3438374996185303 0.2248537540435791
 320356 0.3388974666595459 0.3442065715789795 0.2258145809173584
 321489 0.3401930332183838 0.3439140319824219 0.22638392448425293
 322624 0.34206128120422363 0.34861230850219727 0.22692108154296875
 323761 0.34249353408813477 0.35004448890686035 0.22745585441589355
 324900 0.3436610698699951 0.3517327308654785 0.22870326042175293
 326041 0.3445475101470947 0.352154016494751 0.22961640357971191
 327184 0.34580039978027344 0.3543579578399658 0.2302999496459961
 328329 0.34743833541870117 0.352386474609375 0.23123431205749512
 329476 0.34923696517944336 0.35422801971435547 0.23212504386901855
 330625 0.3498411178588867 0.3567688465118408 0.23268938064575195
 331776 0.35138535499572754 0.359483003616333 0.2336273193359375
 332929 0.35241127014160156 0.36088013648986816 0.23440146446228027
 334084 0.35408759117126465 0.36094069480895996 0.2353515625
 335241 0.35489773750305176 0.3631875514984131 0.23566341400146484
 336400 0.35587501525878906 0.3617379665374756 0.23687458038330078
 337561 0.3585090637207031 0.3666810989379883 0.2378065586090088
 338724 0.3582150936126709 0.3648409843444824 0.23865413665771484
 339889 0.35968804359436035 0.36916375160217285 0.2390727996826172
 341056 0.3606443405151367 0.3690495491027832 0.23989319801330566
 342225 0.3624138832092285 0.3681962490081787 0.24093031883239746
 343396 0.3635387420654297 0.3715050220489502 0.24187111854553223
 344569 0.3650834560394287 0.37546443939208984 0.24278783798217773
 345744 0.36632299423217773 0.375321626663208 0.2434694766998291
 346921 0.3670923709869385 0.37587857246398926 0.24405908584594727
 348100 0.3682105541229248 0.3763000965118408 0.24487900733947754
 349281 0.36972832679748535 0.37734293937683105 0.24556684494018555
 350464 0.37187623977661133 0.3781595230102539 0.24637889862060547
 351649 0.3727586269378662 0.3826782703399658 0.24782133102416992
 352836 0.37389683723449707 0.3831815719604492 0.24867892265319824
 354025 0.37467169761657715 0.3869469165802002 0.24941468238830566
 355216 0.3763387203216553 0.38744401931762695 0.25046873092651367
 356409 0.37695765495300293 0.3853435516357422 0.2510848045349121
 357604 0.37962961196899414 0.38909101486206055 0.2515902519226074
 358801 0.3807828426361084 0.39029383659362793 0.25272679328918457
 360000 0.3813948631286621 0.39104509353637695 0.2530171871185303
 361201 0.38260650634765625 0.3955538272857666 0.2544107437133789
 362404 0.3843357563018799 0.3944661617279053 0.25539565086364746
 363609 0.38571691513061523 0.39818716049194336 0.2555503845214844
 364816 0.3866846561431885 0.39835691452026367 0.25685787200927734
 366025 0.3875753879547119 0.3986670970916748 0.2580873966217041
 367236 0.39019107818603516 0.399092435836792 0.25837254524230957
 368449 0.39171504974365234 0.40191102027893066 0.2593984603881836
 369664 0.39217638969421387 0.40419673919677734 0.2601466178894043
 370881 0.3929321765899658 0.4049651622772217 0.26118898391723633
 372100 0.39453744888305664 0.40552854537963867 0.2623164653778076
 373321 0.3955190181732178 0.4069845676422119 0.2628464698791504
 374544 0.3977224826812744 0.40872859954833984 0.26343655586242676
 375769 0.3981211185455322 0.4110264778137207 0.26459646224975586
 376996 0.4000253677368164 0.4132091999053955 0.26526832580566406
 378225 0.40088319778442383 0.4156820774078369 0.26550865173339844
 379456 0.4022097587585449 0.41469621658325195 0.26709818840026855
 380689 0.40380120277404785 0.41689491271972656 0.26748085021972656
 381924 0.40486621856689453 0.41924595832824707 0.26905035972595215
 383161 0.40673279762268066 0.4193897247314453 0.26950764656066895
 384400 0.39365243911743164 0.422609806060791 0.27081823348999023
 385641 0.4097585678100586 0.42444610595703125 0.27100062370300293
 386884 0.41023921966552734 0.4213399887084961 0.27217555046081543
 388129 0.4133317470550537 0.4238450527191162 0.27267956733703613
 389376 0.41566967964172363 0.4446370601654053 0.27390456199645996
 390625 0.41437387466430664 0.4291846752166748 0.27501821517944336
 391876 0.4158048629760742 0.42920446395874023 0.2758750915527344
 393129 0.4171450138092041 0.43324923515319824 0.2760128974914551
 394384 0.41872429847717285 0.43451571464538574 0.2777059078216553
 395641 0.4200706481933594 0.4337763786315918 0.278012752532959
 396900 0.42135167121887207 0.4363892078399658 0.27892279624938965
 398161 0.4221627712249756 0.4389948844909668 0.27977895736694336
 399424 0.42447757720947266 0.4367961883544922 0.2814795970916748
 400689 0.4251735210418701 0.4429633617401123 0.2822282314300537
 401956 0.4266805648803711 0.440143346786499 0.2824747562408447
 403225 0.42788076400756836 0.44396042823791504 0.2833676338195801
 404496 0.4294302463531494 0.44687390327453613 0.2843506336212158
 405769 0.4306657314300537 0.4487760066986084 0.2857532501220703
 407044 0.43190526962280273 0.4486057758331299 0.2857851982116699
 408321 0.4334836006164551 0.45166563987731934 0.2874279022216797
 409600 0.43501830101013184 0.45107603073120117 0.2886233329772949
 410881 0.4357597827911377 0.4546043872833252 0.28887152671813965
 412164 0.4385712146759033 0.4563748836517334 0.28994059562683105
 413449 0.4394690990447998 0.45973706245422363 0.2904319763183594
 414736 0.44055986404418945 0.45984458923339844 0.2917821407318115
 416025 0.4414691925048828 0.4609963893890381 0.2924184799194336
 417316 0.44310903549194336 0.4613478183746338 0.293428897857666
 418609 0.4445221424102783 0.4626452922821045 0.294766902923584
 419904 0.44614171981811523 0.46353721618652344 0.2950866222381592
 421201 0.44731569290161133 0.463299036026001 0.2962229251861572
 422500 0.4484670162200928 0.466994047164917 0.2971014976501465
 423801 0.4503490924835205 0.468855619430542 0.2977578639984131
 425104 0.4518454074859619 0.47116732597351074 0.29936742782592773
 426409 0.45322680473327637 0.4723808765411377 0.30031561851501465
 427716 0.4545769691467285 0.4733741283416748 0.3005678653717041
 429025 0.45626258850097656 0.47600650787353516 0.30210113525390625
 430336 0.45804262161254883 0.47850775718688965 0.30303335189819336
 431649 0.45894455909729004 0.47712206840515137 0.30378222465515137
 432964 0.46036386489868164 0.4819176197052002 0.30453038215637207
 434281 0.4617159366607666 0.48104190826416016 0.305858850479126
 435600 0.46369409561157227 0.48517942428588867 0.3066861629486084
 436921 0.4644145965576172 0.48618292808532715 0.30687570571899414
 438244 0.46537208557128906 0.4852890968322754 0.30874204635620117
 439569 0.4671766757965088 0.4857320785522461 0.30933237075805664
 440896 0.46872615814208984 0.49213624000549316 0.30991506576538086
 442225 0.4701871871948242 0.4929208755493164 0.3104221820831299
 443556 0.47174072265625 0.4936981201171875 0.3119809627532959
 444889 0.4729347229003906 0.4960517883300781 0.31337594985961914
 446224 0.47455883026123047 0.4970283508300781 0.31401681900024414
 447561 0.47582125663757324 0.4992702007293701 0.3152146339416504
 448900 0.4774506092071533 0.5017902851104736 0.3158724308013916
 450241 0.47843360900878906 0.5023214817047119 0.3166472911834717
 451584 0.4803013801574707 0.501129150390625 0.3174867630004883
 452929 0.48104286193847656 0.5043609142303467 0.3189229965209961
 454276 0.48325443267822266 0.5078978538513184 0.31877994537353516
 455625 0.48474717140197754 0.5070648193359375 0.3203716278076172
 456976 0.4857327938079834 0.5050888061523438 0.3217194080352783
 458329 0.4871854782104492 0.5113136768341064 0.32261180877685547
 459684 0.4893791675567627 0.5141582489013672 0.3236215114593506
 461041 0.4905850887298584 0.5157670974731445 0.3236043453216553
 462400 0.4914431571960449 0.515902042388916 0.3247792720794678
 463761 0.4936983585357666 0.519946813583374 0.32544493675231934
 465124 0.494767427444458 0.5162520408630371 0.3277103900909424
 466489 0.4966411590576172 0.522801399230957 0.32791662216186523
 467856 0.4979069232940674 0.5224995613098145 0.3288395404815674
 469225 0.4993109703063965 0.5249652862548828 0.3293795585632324
 470596 0.5008323192596436 0.5270512104034424 0.33074355125427246
 471969 0.5023283958435059 0.5269167423248291 0.3322322368621826
 473344 0.5034854412078857 0.5279498100280762 0.33276915550231934
 474721 0.5044727325439453 0.5309615135192871 0.3331727981567383
 476100 0.5066990852355957 0.5313222408294678 0.33443760871887207
 477481 0.5079662799835205 0.5319409370422363 0.3361198902130127
 478864 0.5098583698272705 0.5362718105316162 0.33689284324645996
 480249 0.5116820335388184 0.5393843650817871 0.3369019031524658
 481636 0.5130414962768555 0.5386090278625488 0.33872294425964355
 483025 0.5137460231781006 0.5428662300109863 0.3388023376464844
 484416 0.5167069435119629 0.5436842441558838 0.340564489364624
 485809 0.5165188312530518 0.5438542366027832 0.34104084968566895
 487204 0.5187535285949707 0.547741174697876 0.3423655033111572
 488601 0.5201766490936279 0.5495903491973877 0.34367895126342773
 490000 0.5218133926391602 0.546623706817627 0.34324097633361816
 491401 0.5229296684265137 0.5530593395233154 0.34574389457702637
 492804 0.5244359970092773 0.5547571182250977 0.3461952209472656
 494209 0.5265803337097168 0.5537998676300049 0.3477299213409424
 495616 0.5273966789245605 0.5515854358673096 0.3486757278442383
 497025 0.529594898223877 0.5590088367462158 0.34889936447143555
 498436 0.5304954051971436 0.5566482543945312 0.3501241207122803
 499849 0.5314748287200928 0.5614793300628662 0.3510451316833496
 501264 0.5335900783538818 0.5630598068237305 0.3516983985900879
 502681 0.5353512763977051 0.5655381679534912 0.353273868560791
 504100 0.5371806621551514 0.5626833438873291 0.3538854122161865
 505521 0.5383632183074951 0.5678167343139648 0.35503339767456055
 506944 0.5396387577056885 0.5706632137298584 0.3562936782836914
 508369 0.5407369136810303 0.5687296390533447 0.3571479320526123
 509796 0.5430605411529541 0.5715498924255371 0.35834765434265137
 511225 0.5447571277618408 0.5757319927215576 0.35888051986694336
 512656 0.545619010925293 0.5771474838256836 0.3608713150024414
 514089 0.5483226776123047 0.5743701457977295 0.3619062900543213
 515524 0.5495545864105225 0.5773921012878418 0.36269688606262207
 516961 0.5510096549987793 0.583432674407959 0.36254429817199707
 518400 0.5521697998046875 0.5854861736297607 0.36444592475891113
 519841 0.553809404373169 0.5808346271514893 0.36476802825927734
 521284 0.5554063320159912 0.5887484550476074 0.365492582321167
 522729 0.5564663410186768 0.590202808380127 0.3677692413330078
 524176 0.5593523979187012 0.5901484489440918 0.36869001388549805
 525625 0.5600264072418213 0.593116044998169 0.3685891628265381
 527076 0.5626003742218018 0.5927426815032959 0.37046074867248535
 528529 0.5629119873046875 0.5966989994049072 0.37149858474731445
 529984 0.5648584365844727 0.5948240756988525 0.37288737297058105
 531441 0.5666680335998535 0.5997238159179688 0.3729674816131592
 532900 0.5677731037139893 0.6012046337127686 0.37479591369628906
 534361 0.5698604583740234 0.6018819808959961 0.37456631660461426
 535824 0.5709352493286133 0.6054246425628662 0.3770480155944824
 537289 0.5729117393493652 0.6087601184844971 0.37738919258117676
 538756 0.5739154815673828 0.6084413528442383 0.3776555061340332
 540225 0.5760798454284668 0.6126377582550049 0.37877964973449707
 541696 0.5777933597564697 0.6129612922668457 0.38096189498901367
 543169 0.5791187286376953 0.6159110069274902 0.3812096118927002
 544644 0.580237865447998 0.6170787811279297 0.3832535743713379
 546121 0.5827300548553467 0.6174414157867432 0.38361668586730957
 547600 0.585679292678833 0.6207501888275146 0.38485264778137207
 549081 0.5849237442016602 0.62093186378479 0.386965274810791
 550564 0.587160587310791 0.6233916282653809 0.3863835334777832
 552049 0.5887608528137207 0.6257257461547852 0.3869333267211914
 553536 0.5898478031158447 0.6265366077423096 0.38941168785095215
 555025 0.5928843021392822 0.6303322315216064 0.38953566551208496
 556516 0.5723581314086914 0.6322994232177734 0.3907320499420166
 558009 0.5946469306945801 0.6320919990539551 0.3917250633239746
 559504 0.5968401432037354 0.6342134475708008 0.392733097076416
 561001 0.5981595516204834 0.6358335018157959 0.39460301399230957
 562500 0.6039981842041016 0.6614434719085693 0.39540886878967285
 564001 0.601616621017456 0.641315221786499 0.39573025703430176
 565504 0.6026158332824707 0.6410820484161377 0.3976562023162842
 567009 0.6050283908843994 0.6445767879486084 0.3988962173461914
 568516 0.6061313152313232 0.6465795040130615 0.3995792865753174
 570025 0.6074655055999756 0.6456522941589355 0.3993949890136719
 571536 0.6111159324645996 0.649569034576416 0.40097618103027344
 573049 0.6109368801116943 0.6527397632598877 0.4021437168121338
 574564 0.6126124858856201 0.6536760330200195 0.40271902084350586
 576081 0.6151344776153564 0.6563928127288818 0.40367937088012695
 577600 0.6163876056671143 0.6550192832946777 0.40534138679504395
 579121 0.6181859970092773 0.6610403060913086 0.40645265579223633
 580644 0.6202113628387451 0.6617317199707031 0.40822362899780273
 582169 0.6223256587982178 0.6569719314575195 0.4083442687988281
 583696 0.6226091384887695 0.662205696105957 0.41060948371887207
 585225 0.6245059967041016 0.6643800735473633 0.41005825996398926
 586756 0.6266865730285645 0.6683688163757324 0.4125378131866455
 588289 0.6282362937927246 0.6705226898193359 0.4130880832672119
 589824 0.6295139789581299 0.6665451526641846 0.4144704341888428
 591361 0.6307244300842285 0.6742627620697021 0.414661169052124
 592900 0.6326539516448975 0.6724607944488525 0.41588807106018066
 594441 0.6346077919006348 0.6751315593719482 0.4173543453216553
 595984 0.6359028816223145 0.6790006160736084 0.41940879821777344
 597529 0.6370007991790771 0.6825428009033203 0.41941356658935547
 599076 0.6397068500518799 0.684506893157959 0.4214291572570801
 600625 0.6407101154327393 0.6867883205413818 0.4216427803039551
 602176 0.6426408290863037 0.6876296997070312 0.42183732986450195
 603729 0.64516282081604 0.6903393268585205 0.4237380027770996
 605284 0.6459612846374512 0.6916887760162354 0.42522668838500977
 606841 0.6478581428527832 0.6915009021759033 0.4248225688934326
 608400 0.6498613357543945 0.6939804553985596 0.4262094497680664
 609961 0.651177167892456 0.6907131671905518 0.42830729484558105
 611524 0.6523857116699219 0.6966793537139893 0.42946577072143555
 613089 0.6544601917266846 0.7001852989196777 0.43108248710632324
 614656 0.6560711860656738 0.6999702453613281 0.4322807788848877
 616225 0.6569967269897461 0.7029516696929932 0.43243980407714844
 617796 0.6602435111999512 0.7043163776397705 0.4335346221923828
 619369 0.661292314529419 0.7090585231781006 0.43473243713378906
 620944 0.663489818572998 0.7091634273529053 0.4365975856781006
 622521 0.6647462844848633 0.7125089168548584 0.43663811683654785
 624100 0.6656715869903564 0.710141658782959 0.43758463859558105
 625681 0.6681597232818604 0.7150411605834961 0.4392974376678467
 627264 0.6694772243499756 0.7156491279602051 0.44083380699157715
 628849 0.6714556217193604 0.7170052528381348 0.44098567962646484
 630436 0.6727850437164307 0.7211670875549316 0.4425771236419678
 632025 0.6747250556945801 0.7239851951599121 0.44310617446899414
 633616 0.676201581954956 0.7254528999328613 0.4448714256286621
 635209 0.6780843734741211 0.7277510166168213 0.44663524627685547
 636804 0.6795823574066162 0.7289063930511475 0.44637322425842285
 638401 0.6856672763824463 0.7301619052886963 0.4473588466644287
 640000 0.6840870380401611 0.7316136360168457 0.44951343536376953
 641601 0.6842095851898193 0.7338969707489014 0.45024633407592773
 643204 0.6864585876464844 0.7373404502868652 0.45042967796325684
 644809 0.6884217262268066 0.735987663269043 0.4530172348022461
 646416 0.6900978088378906 0.7416262626647949 0.4539475440979004
 648025 0.6925821304321289 0.7438490390777588 0.4548649787902832
 649636 0.6944530010223389 0.7444107532501221 0.4556601047515869
 651249 0.6967875957489014 0.7437338829040527 0.45700860023498535
 652864 0.6970937252044678 0.7467877864837646 0.456697940826416
 654481 0.6992011070251465 0.7516078948974609 0.45835232734680176
 656100 0.7002918720245361 0.7538337707519531 0.45952725410461426
 657721 0.7033429145812988 0.7559278011322021 0.4607398509979248
 659344 0.7046401500701904 0.7577197551727295 0.46236419677734375
 660969 0.70652174949646 0.7581353187561035 0.46269869804382324
 662596 0.7076244354248047 0.7624385356903076 0.46445512771606445
 664225 0.7098066806793213 0.7611839771270752 0.4654228687286377
 665856 0.7112228870391846 0.7650232315063477 0.4668614864349365
 667489 0.712709903717041 0.7622809410095215 0.46825194358825684
 669124 0.7157151699066162 0.7615625858306885 0.4699826240539551
 670761 0.7163803577423096 0.7707881927490234 0.4699268341064453
 672400 0.7176556587219238 0.7711918354034424 0.47127389907836914
 674041 0.7201714515686035 0.779510498046875 0.4725487232208252
 675684 0.7225131988525391 0.7782974243164062 0.4738640785217285
 677329 0.7232115268707275 0.7787930965423584 0.4752531051635742
 678976 0.7250938415527344 0.7824757099151611 0.4761648178100586
 680625 0.7268209457397461 0.7814230918884277 0.47749900817871094
 682276 0.7285881042480469 0.7839670181274414 0.4785308837890625
 683929 0.7309591770172119 0.7849593162536621 0.47963619232177734
 685584 0.7325670719146729 0.7862687110900879 0.48110365867614746
 687241 0.734278678894043 0.7909653186798096 0.4826803207397461
 688900 0.7353904247283936 0.7919135093688965 0.48356103897094727
 690561 0.7384505271911621 0.7980878353118896 0.48488497734069824
 692224 0.7396426200866699 0.7980451583862305 0.4853978157043457
 693889 0.7414569854736328 0.8010513782501221 0.48766589164733887
 695556 0.7439100742340088 0.8032431602478027 0.48746562004089355
 697225 0.7452387809753418 0.8052749633789062 0.48880982398986816
 698896 0.7465710639953613 0.8075213432312012 0.49133872985839844
 700569 0.749260663986206 0.8079276084899902 0.4914586544036865
 702244 0.7507243156433105 0.8080368041992188 0.49175047874450684
 703921 0.7523422241210938 0.8110287189483643 0.49393153190612793
 705600 0.7540843486785889 0.8161265850067139 0.49480271339416504
 707281 0.7577526569366455 0.8166027069091797 0.4948923587799072
 708964 0.7582991123199463 0.8184373378753662 0.4970667362213135
 710649 0.7597215175628662 0.8204014301300049 0.4982161521911621
 712336 0.7616353034973145 0.8246622085571289 0.4989140033721924
 714025 0.7637159824371338 0.8208699226379395 0.5002388954162598
 715716 0.7669384479522705 0.8263766765594482 0.5025229454040527
 717409 0.767697811126709 0.8297364711761475 0.5041399002075195
 719104 0.7680573463439941 0.8287386894226074 0.5034127235412598
 720801 0.7705872058868408 0.8331871032714844 0.5050923824310303
 722500 0.7747101783752441 0.833695650100708 0.5059926509857178
 724201 0.7745828628540039 0.8360559940338135 0.5081815719604492
 725904 0.7762553691864014 0.8385536670684814 0.5086691379547119
 727609 0.7793102264404297 0.8386237621307373 0.5097217559814453
 729316 0.7811264991760254 0.8427176475524902 0.5107541084289551
 731025 0.7824215888977051 0.8463606834411621 0.5124504566192627
 732736 0.7831227779388428 0.842869758605957 0.5138278007507324
 734449 0.7851042747497559 0.8478951454162598 0.5156295299530029
 736164 0.7869095802307129 0.8528742790222168 0.5158295631408691
 737881 0.7891075611114502 0.8561050891876221 0.5171446800231934
 739600 0.7906584739685059 0.8551771640777588 0.5188586711883545
 741321 0.7937157154083252 0.8594071865081787 0.5188641548156738
 743044 0.7939646244049072 0.8603434562683105 0.5201518535614014
 744769 0.7967255115509033 0.8645620346069336 0.5215246677398682
 746496 0.7985754013061523 0.8649270534515381 0.5229430198669434
 748225 0.8020448684692383 0.8683187961578369 0.5237998962402344
 749956 0.8023300170898438 0.8713545799255371 0.5253167152404785
 751689 0.8044953346252441 0.873239278793335 0.5270874500274658
 753424 0.805065393447876 0.8747804164886475 0.5287561416625977
 755161 0.8079602718353271 0.8780543804168701 0.5289461612701416
 756900 0.8096222877502441 0.8777637481689453 0.5302643775939941
 758641 0.8116626739501953 0.8789777755737305 0.532874584197998
 760384 0.7844934463500977 0.882896900177002 0.5332851409912109
 762129 0.8148550987243652 0.8869965076446533 0.5349118709564209
 763876 0.8173320293426514 0.883537769317627 0.5353341102600098
 765625 0.8190712928771973 0.8894908428192139 0.5371143817901611
 767376 0.8284971714019775 0.9213967323303223 0.5376710891723633
 769129 0.8229281902313232 0.8925173282623291 0.5392935276031494
 770884 0.8238039016723633 0.896723747253418 0.540381908416748
 772641 0.8258535861968994 0.8958413600921631 0.541496992111206
 774400 0.8277773857116699 0.9000105857849121 0.5419895648956299
 776161 0.8304381370544434 0.903191328048706 0.5433216094970703
 777924 0.8317446708679199 0.9046533107757568 0.545952320098877
 779689 0.8349738121032715 0.906550407409668 0.5454802513122559
 781456 0.8363099098205566 0.9109396934509277 0.5473966598510742
 783225 0.8378622531890869 0.9113142490386963 0.5501992702484131
 784996 0.8392415046691895 0.9126927852630615 0.550053596496582
 786769 0.8423194885253906 0.9151442050933838 0.5512733459472656
 788544 0.8451988697052002 0.9187002182006836 0.5523486137390137
 790321 0.8459882736206055 0.918163537979126 0.5535721778869629
 792100 0.8498334884643555 0.9189019203186035 0.5554776191711426
 793881 0.848931074142456 0.9262542724609375 0.5554060935974121
 795664 0.8526148796081543 0.9270956516265869 0.5581166744232178
 797449 0.8524394035339355 0.9261975288391113 0.5593366622924805
 799236 0.8551745414733887 0.9299654960632324 0.5602555274963379
 801025 0.8572037220001221 0.9311985969543457 0.5620591640472412
 802816 0.8610036373138428 0.936110258102417 0.5639925003051758
 804609 0.8598005771636963 0.938511848449707 0.5639021396636963
 806404 0.8634607791900635 0.9415779113769531 0.5643477439880371
 808201 0.8640139102935791 0.9399905204772949 0.5657684803009033
 810000 0.8665564060211182 0.9441859722137451 0.5675318241119385
 811801 0.8694629669189453 0.9467980861663818 0.5691351890563965
 813604 0.8701307773590088 0.9497871398925781 0.5690300464630127
 815409 0.8721754550933838 0.9489004611968994 0.5708699226379395
 817216 0.8751349449157715 0.9533493518829346 0.5729429721832275
 819025 0.8769588470458984 0.9498171806335449 0.5738565921783447
 820836 0.8779489994049072 0.9555535316467285 0.5752573013305664
 822649 0.8805685043334961 0.9569361209869385 0.5763044357299805
 824464 0.881911039352417 0.9589047431945801 0.5770752429962158
 826281 0.8865396976470947 0.9626181125640869 0.578803300857544
 828100 0.8858191967010498 0.964963436126709 0.580733060836792
 829921 0.8881077766418457 0.9699022769927979 0.5814485549926758
 831744 0.8901383876800537 0.9692907333374023 0.5824451446533203
 833569 0.8915324211120605 0.9725260734558105 0.5841121673583984
 835396 0.8929061889648438 0.9725582599639893 0.584836483001709
 837225 0.8963375091552734 0.9761033058166504 0.5867452621459961
 839056 0.8989419937133789 0.9796502590179443 0.5880515575408936
 840889 0.8994119167327881 0.9819076061248779 0.589057207107544
 842724 0.9016997814178467 0.9862709045410156 0.5902416706085205
 844561 0.9037775993347168 0.9861462116241455 0.5915899276733398
 846400 0.9055099487304688 0.9883031845092773 0.5942816734313965
 848241 0.9070732593536377 0.9901788234710693 0.5942173004150391
 850084 0.9095730781555176 0.9964580535888672 0.5957510471343994
 851929 0.9123098850250244 0.9924037456512451 0.5968871116638184
 853776 0.9143099784851074 1.0006442070007324 0.5989196300506592
 855625 0.9161422252655029 0.9973011016845703 0.5988280773162842
 857476 0.9185678958892822 1.0010225772857666 0.6004798412322998
 859329 0.9212398529052734 1.0041015148162842 0.6020550727844238
 861184 0.9228923320770264 1.0054652690887451 0.6029825210571289
 863041 0.9256188869476318 1.0075907707214355 0.6040067672729492
 864900 0.9252972602844238 1.0142793655395508 0.6051251888275146
 866761 0.9285740852355957 1.0164027214050293 0.6072471141815186
 868624 0.9297363758087158 1.0182907581329346 0.6087720394134521
 870489 0.9316794872283936 1.0167105197906494 0.609673023223877
 872356 0.9353606700897217 1.0215418338775635 0.6107630729675293
 874225 0.9357376098632812 1.0242011547088623 0.6114633083343506
 876096 0.9391059875488281 1.0275721549987793 0.6143248081207275
 877969 0.9396753311157227 1.030440092086792 0.6149463653564453
 879844 0.9419989585876465 1.0325450897216797 0.6158277988433838
 881721 0.9447028636932373 1.0329632759094238 0.6184704303741455
 883600 0.9470546245574951 1.034043312072754 0.6191346645355225
 885481 0.9479560852050781 1.0334978103637695 0.6204373836517334
 887364 0.9507260322570801 1.0400090217590332 0.6214208602905273
 889249 0.9519703388214111 1.0415394306182861 0.6226513385772705
 891136 0.9535045623779297 1.0457701683044434 0.6237437725067139
 893025 0.9557821750640869 1.0505380630493164 0.6261355876922607
 894916 0.9588718414306641 1.0497872829437256 0.6266264915466309
 896809 0.9602365493774414 1.0507738590240479 0.6274034976959229
 898704 0.9633519649505615 1.0529899597167969 0.6294004917144775
 900601 0.9636063575744629 1.0569028854370117 0.6301748752593994
 902500 0.9666211605072021 1.0596837997436523 0.6321954727172852
 904401 0.9685347080230713 1.0608150959014893 0.6328816413879395
 906304 0.9701278209686279 1.0661451816558838 0.6345124244689941
 908209 0.9725134372711182 1.0649359226226807 0.6358249187469482
 910116 0.974998950958252 1.0682823657989502 0.6374762058258057
 912025 0.9778726100921631 1.071526288986206 0.6381223201751709
 913936 0.9793930053710938 1.0747711658477783 0.6396353244781494
 915849 0.9816899299621582 1.0746984481811523 0.6405091285705566
 917764 0.9828751087188721 1.0851926803588867 0.6426794528961182
 919681 0.9843237400054932 1.0797498226165771 0.6433801651000977
 921600 0.986851692199707 1.0816161632537842 0.6450462341308594
 923521 0.9896612167358398 1.0859107971191406 0.6467807292938232
 925444 0.9911227226257324 1.0872910022735596 0.6475942134857178
 927369 0.9941787719726562 1.0880320072174072 0.6506595611572266
 929296 0.9951686859130859 1.09147047996521 0.6498804092407227
 931225 0.9974172115325928 1.0922753810882568 0.6519763469696045
 933156 0.9989008903503418 1.0951342582702637 0.6530461311340332
 935089 1.000946044921875 1.101715087890625 0.654294490814209
 937024 1.0035793781280518 1.0991058349609375 0.6553497314453125
 938961 1.0075008869171143 1.1014468669891357 0.6570587158203125
 940900 1.0070245265960693 1.107069969177246 0.6578314304351807
 942841 1.0095348358154297 1.1093425750732422 0.6596174240112305
 944784 1.0130107402801514 1.114795207977295 0.6607542037963867
 946729 1.014864444732666 1.1132569313049316 0.6623625755310059
 948676 1.018644094467163 1.1157724857330322 0.6639246940612793
 950625 1.0184869766235352 1.11991286277771 0.6650042533874512
 952576 1.0208196640014648 1.1245429515838623 0.6663916110992432
 954529 1.0229735374450684 1.1200602054595947 0.668036699295044
 956484 1.0239763259887695 1.1247601509094238 0.6694998741149902
 958441 1.0269465446472168 1.1279189586639404 0.6706647872924805
 960400 1.0286798477172852 1.1329140663146973 0.67203688621521
 962361 1.0308890342712402 1.1352174282073975 0.6737644672393799
 964324 1.0329570770263672 1.1325271129608154 0.6749742031097412
 966289 1.0349664688110352 1.1398043632507324 0.6762773990631104
 968256 1.0375418663024902 1.136951208114624 0.6769425868988037
 970225 1.038771390914917 1.1432006359100342 0.6782193183898926
 972196 1.0415596961975098 1.144822597503662 0.680560827255249
 974169 1.043041706085205 1.1472721099853516 0.6820738315582275
 976144 1.0461838245391846 1.1493704319000244 0.6830577850341797
 978121 1.048032522201538 1.1544983386993408 0.6849350929260254
 980100 1.0502560138702393 1.1585114002227783 0.6857011318206787
 982081 1.0520541667938232 1.1630315780639648 0.6873910427093506
 984064 1.0564138889312744 1.161719560623169 0.6883952617645264
 986049 1.055969476699829 1.1590888500213623 0.6894097328186035
 988036 1.0593290328979492 1.1640055179595947 0.6909334659576416
 990025 1.0603749752044678 1.166513442993164 0.692094087600708
 992016 1.0629510879516602 1.1700108051300049 0.6950774192810059
 994009 1.0654919147491455 1.172856330871582 0.695483922958374
 996004 1.0691266059875488 1.1778604984283447 0.696162223815918
 998001 1.0313811302185059 1.177938461303711 0.6980078220367432
 1000000 1.0707032680511475 1.179938554763794 0.6998729705810547