
 9 2.0265579223632812e-05 1.8596649169921875e-05 1.0967254638671875e-05
 16 1.6927719116210938e-05 1.2636184692382812e-05 1.430511474609375e-05
 25 2.3603439331054688e-05 2.1219253540039062e-05 2.0503997802734375e-05
 36 3.147125244140625e-05 2.384185791015625e-05 2.7179718017578125e-05
 49 4.124641418457031e-05 3.457069396972656e-05 3.600120544433594e-05
 64 5.173683166503906e-05 3.933906555175781e-05 4.553794860839844e-05
 81 6.532669067382812e-05 4.5299530029296875e-05 5.602836608886719e-05
 100 7.724761962890625e-05 5.1021575927734375e-05 6.723403930664062e-05
 121 9.298324584960938e-05 6.699562072753906e-05 8.082389831542969e-05
 144 0.00011086463928222656 7.43865966796875e-05 9.417533874511719e-05
 169 0.0001289844512939453 9.298324584960938e-05 0.00011014938354492188
 196 0.00014829635620117188 0.00010395050048828125 0.00012612342834472656
 225 0.00016832351684570312 0.00011444091796875 0.00014257431030273438
 256 0.0001888275146484375 0.00012731552124023438 0.0001609325408935547
 289 0.000217437744140625 0.00015425682067871094 0.0001862049102783203
 324 0.0002460479736328125 0.0001709461212158203 0.00021028518676757812
 361 0.000274658203125 0.0002028942108154297 0.00023698806762695312
 400 0.00030875205993652344 0.00022292137145996094 0.000263214111328125
 441 0.0003426074981689453 0.00024366378784179688 0.0002932548522949219
 484 0.0003750324249267578 0.00026679039001464844 0.0003228187561035156
 529 0.0004131793975830078 0.0003199577331542969 0.00035500526428222656
 576 0.0004515647888183594 0.0003304481506347656 0.0003864765167236328
 625 0.0004937648773193359 0.0003552436828613281 0.0004215240478515625
 676 0.0005323886871337891 0.00040268898010253906 0.0004584789276123047
 729 0.0005741119384765625 0.00041294097900390625 0.0004954338073730469
 784 0.0006206035614013672 0.00044274330139160156 0.0005340576171875
 841 0.0006673336029052734 0.0004918575286865234 0.0005741119384765625
 900 0.0007293224334716797 0.0005283355712890625 0.0006160736083984375
 961 0.0007643699645996094 0.0005819797515869141 0.0006568431854248047
 1024 0.0008182525634765625 0.0006186962127685547 0.0007011890411376953
 1089 0.0008687973022460938 0.0006575584411621094 0.0007419586181640625
 1156 0.0009224414825439453 0.0007002353668212891 0.0007925033569335938
 1225 0.0009791851043701172 0.0007526874542236328 0.0008399486541748047
 1296 0.0010364055633544922 0.0007789134979248047 0.0008909702301025391
 1369 0.0010874271392822266 0.0008451938629150391 0.0009553432464599609
 1444 0.0011687278747558594 0.0008935928344726562 0.0009953975677490234
 1521 0.0012176036834716797 0.0009405612945556641 0.0010495185852050781
 1600 0.0012822151184082031 0.0010104179382324219 0.0011053085327148438
 1681 0.0013461112976074219 0.0010628700256347656 0.0011584758758544922
 1764 0.0014100074768066406 0.0011110305786132812 0.0012214183807373047
 1849 0.0015769004821777344 0.0012416839599609375 0.0012774467468261719
 1936 0.0015671253204345703 0.0012500286102294922 0.0013408660888671875
 2025 0.0016891956329345703 0.0013072490692138672 0.001401662826538086
 2116 0.0016868114471435547 0.0013659000396728516 0.0014662742614746094
 2209 0.001840353012084961 0.0014541149139404297 0.0015292167663574219
 2304 0.0018508434295654297 0.0015270709991455078 0.0015976428985595703
 2401 0.0019998550415039062 0.0015940666198730469 0.0016684532165527344
 2500 0.002009153366088867 0.0016467571258544922 0.0017328262329101562
 2601 0.0021750926971435547 0.0017139911651611328 0.0018024444580078125
 2704 0.002154111862182617 0.0017826557159423828 0.0018758773803710938
 2809 0.0023450851440429688 0.0019023418426513672 0.0019495487213134766
 2916 0.0023500919342041016 0.0019507408142089844 0.002024412155151367
 3025 0.0025305747985839844 0.0020329952239990234 0.0020999908447265625
 3136 0.0025260448455810547 0.002098560333251953 0.0021753311157226562
 3249 0.0027151107788085938 0.0021910667419433594 0.0022535324096679688
 3364 0.0027077198028564453 0.0022459030151367188 0.002343893051147461
 3481 0.0028052330017089844 0.002362489700317383 0.0024261474609375
 3600 0.002900838851928711 0.0024459362030029297 0.002513408660888672
 3721 0.003011941909790039 0.0025587081909179688 0.0025823116302490234
 3844 0.0030896663665771484 0.0026655197143554688 0.00267791748046875
 3969 0.003206491470336914 0.002727031707763672 0.0027494430541992188
 4096 0.003302335739135742 0.0028238296508789062 0.0028350353240966797
 4225 0.0033996105194091797 0.0029096603393554688 0.0029392242431640625
 4356 0.0035202503204345703 0.0030198097229003906 0.003023862838745117
 4489 0.003626108169555664 0.0031311511993408203 0.0031099319458007812
 4624 0.003732919692993164 0.003258228302001953 0.0032160282135009766
 4761 0.003815174102783203 0.0033371448516845703 0.0032994747161865234
 4900 0.0039691925048828125 0.003420591354370117 0.0033926963806152344
 5041 0.004071474075317383 0.003561735153198242 0.003519773483276367
 5184 0.004186153411865234 0.003664255142211914 0.0036046504974365234
 5329 0.0043032169342041016 0.003823995590209961 0.003690004348754883
 5476 0.0043833255767822266 0.003912687301635742 0.0038177967071533203
 5625 0.0045545101165771484 0.004014015197753906 0.003910541534423828
 5776 0.00465846061706543 0.0041425228118896484 0.0039958953857421875
 5929 0.004818916320800781 0.0042324066162109375 0.00413060188293457
 6084 0.0049173831939697266 0.004347085952758789 0.004227399826049805
 6241 0.005083560943603516 0.004527568817138672 0.004315853118896484
 6400 0.00518488883972168 0.0046253204345703125 0.00444340705871582
 6561 0.005514383316040039 0.004760265350341797 0.004536151885986328
 6724 0.005455732345581055 0.004853487014770508 0.004666805267333984
 6889 0.005605936050415039 0.0050199031829833984 0.004789113998413086
 7056 0.005691051483154297 0.00515437126159668 0.004887580871582031
 7225 0.0058803558349609375 0.005284786224365234 0.004995584487915039
 7396 0.005953788757324219 0.005438804626464844 0.005122184753417969
 7569 0.006380319595336914 0.005507707595825195 0.0052487850189208984
 7744 0.006258964538574219 0.005681514739990234 0.005369901657104492
 7921 0.0064487457275390625 0.005837440490722656 0.005484104156494141
 8100 0.006540775299072266 0.00597834587097168 0.005593299865722656
 8281 0.006760597229003906 0.006090641021728516 0.005728244781494141
 8464 0.006858348846435547 0.006229400634765625 0.005850315093994141
 8649 0.007285356521606445 0.00637054443359375 0.005987405776977539
 8836 0.007161617279052734 0.006524324417114258 0.00609588623046875
 9025 0.007369518280029297 0.006695270538330078 0.006256580352783203
 9216 0.0074462890625 0.006793498992919922 0.006376028060913086
 9409 0.007666110992431641 0.006979465484619141 0.006497621536254883
 9604 0.007769346237182617 0.0071315765380859375 0.006650209426879883
 9801 0.008252859115600586 0.0072748661041259766 0.006772041320800781
 10000 0.008081912994384766 0.0074083805084228516 0.006908416748046875
 10201 0.008451223373413086 0.007621049880981445 0.007077932357788086
 10404 0.008447885513305664 0.007807493209838867 0.007180213928222656
 10609 0.008678674697875977 0.008002042770385742 0.007332324981689453
 10816 0.008774757385253906 0.008202075958251953 0.0074808597564697266
 11025 0.009283304214477539 0.008328437805175781 0.007608890533447266
 11236 0.009099006652832031 0.008477449417114258 0.007756471633911133
 11449 0.009330034255981445 0.008705854415893555 0.007910490036010742
 11664 0.009434223175048828 0.00888824462890625 0.008065462112426758
 11881 0.009722232818603516 0.009087800979614258 0.008196592330932617
 12100 0.009800434112548828 0.009274721145629883 0.008354663848876953
 12321 0.010360240936279297 0.00950002670288086 0.008490800857543945
 12544 0.0101165771484375 0.009606361389160156 0.00864863395690918
 12769 0.010452032089233398 0.009985208511352539 0.008808135986328125
 12996 0.010471582412719727 0.010042190551757812 0.008968353271484375
 13225 0.010784149169921875 0.010198593139648438 0.009105682373046875
 13456 0.0108642578125 0.010399580001831055 0.00927114486694336
 13689 0.011528253555297852 0.010566234588623047 0.009428024291992188
 13924 0.011251211166381836 0.01074671745300293 0.009581565856933594
 14161 0.011591672897338867 0.010983943939208984 0.009767770767211914
 14400 0.011624813079833984 0.011113166809082031 0.009910345077514648
 14641 0.01192474365234375 0.01129293441772461 0.010082244873046875
 14884 0.012267351150512695 0.011553764343261719 0.010257720947265625
 15129 0.012245416641235352 0.011670827865600586 0.010406017303466797
 15376 0.012403011322021484 0.011909008026123047 0.010567426681518555
 15625 0.012897968292236328 0.012074947357177734 0.010756969451904297
 15876 0.013384342193603516 0.012262105941772461 0.010925769805908203
 16129 0.013269662857055664 0.013092279434204102 0.011087179183959961
 16384 0.013298749923706055 0.012717485427856445 0.011274337768554688
 16641 0.014045000076293945 0.012926101684570312 0.011447429656982422
 16900 0.01358938217163086 0.013138771057128906 0.011618852615356445
 17161 0.014024734497070312 0.013418436050415039 0.011797904968261719
 17424 0.014151573181152344 0.013611316680908203 0.011982202529907227
 17689 0.014463424682617188 0.013805150985717773 0.012145280838012695
 17956 0.014561653137207031 0.014007806777954102 0.012343645095825195
 18225 0.015397310256958008 0.014307498931884766 0.01251673698425293
 18496 0.014941692352294922 0.014486312866210938 0.012703418731689453
 18769 0.015319585800170898 0.014759063720703125 0.012893438339233398
 19044 0.015355587005615234 0.01499629020690918 0.01306462287902832
 19321 0.015753746032714844 0.015261173248291016 0.013256072998046875
 19600 0.015855073928833008 0.015479564666748047 0.013474464416503906
 19881 0.016804218292236328 0.015705108642578125 0.013627767562866211
 20164 0.016279220581054688 0.015933752059936523 0.013822793960571289
 20449 0.01671314239501953 0.016164064407348633 0.014037132263183594
 20736 0.016760826110839844 0.01640033721923828 0.014229297637939453
 21025 0.017122983932495117 0.016655921936035156 0.014404535293579102
 21316 0.017224550247192383 0.01684737205505371 0.01463007926940918
 21609 0.018216371536254883 0.017225980758666992 0.014812231063842773
 21904 0.017644882202148438 0.017337560653686523 0.015012264251708984
 22201 0.018084049224853516 0.017601728439331055 0.015230178833007812
 22500 0.01813340187072754 0.017875194549560547 0.015472412109375
 22801 0.018648862838745117 0.018197059631347656 0.01563715934753418
 23104 0.018607616424560547 0.018462181091308594 0.015852928161621094
 23409 0.01976466178894043 0.01872396469116211 0.01603531837463379
 23716 0.019236087799072266 0.018950700759887695 0.016252517700195312
 24025 0.019591808319091797 0.01918816566467285 0.01650714874267578
 24336 0.019727468490600586 0.01946091651916504 0.01667475700378418
 24649 0.02016305923461914 0.019900798797607422 0.01688241958618164
 24964 0.020214080810546875 0.020043134689331055 0.017103910446166992
 25281 0.02126479148864746 0.020305395126342773 0.017319679260253906
 25600 0.02070927619934082 0.020560264587402344 0.017514944076538086
 25921 0.02121758460998535 0.020802736282348633 0.01776289939880371
 26244 0.021227359771728516 0.021079301834106445 0.017966508865356445
 26569 0.021775245666503906 0.021454811096191406 0.018193721771240234
 26896 0.021791934967041016 0.021695852279663086 0.018425941467285156
 27225 0.022882699966430664 0.021955490112304688 0.018614768981933594
 27556 0.022327899932861328 0.022219181060791016 0.018865108489990234
 27889 0.022785425186157227 0.0225832462310791 0.01906752586364746
 28224 0.022823095321655273 0.022864580154418945 0.019301652908325195
 28561 0.023338794708251953 0.02313995361328125 0.01950836181640625
 28900 0.023339033126831055 0.023395299911499023 0.01978778839111328
 29241 0.024626970291137695 0.023714303970336914 0.019996166229248047
 29584 0.024886131286621094 0.023962736129760742 0.0202329158782959
 29929 0.02444934844970703 0.024381399154663086 0.02046370506286621
 30276 0.02454686164855957 0.02460455894470215 0.020702838897705078
 30625 0.025035619735717773 0.024933815002441406 0.0209195613861084
 30976 0.025046825408935547 0.02522897720336914 0.021189212799072266
 31329 0.026510953903198242 0.025806903839111328 0.02139902114868164
 31684 0.02677154541015625 0.02578568458557129 0.021661758422851562
 32041 0.02608966827392578 0.026192665100097656 0.02188873291015625
 32400 0.026308536529541016 0.0264742374420166 0.022136688232421875
 32761 0.026826858520507812 0.02688145637512207 0.022360563278198242
 33124 0.02688884735107422 0.02719283103942871 0.022652864456176758
 33489 0.028493165969848633 0.02751779556274414 0.022888898849487305
 33856 0.0275421142578125 0.027842283248901367 0.023182153701782227
 34225 0.028362274169921875 0.0281524658203125 0.023422718048095703
 34596 0.028536319732666016 0.028487205505371094 0.023712158203125
 34969 0.029219865798950195 0.02880263328552246 0.023946523666381836
 35344 0.02924203872680664 0.02910900115966797 0.024250268936157227
 35721 0.03096795082092285 0.029711246490478516 0.024487972259521484
 36100 0.030033588409423828 0.029798030853271484 0.02475738525390625
 36481 0.030807971954345703 0.030210018157958984 0.02502751350402832
 36864 0.030795574188232422 0.030530214309692383 0.025304555892944336
 37249 0.03177928924560547 0.031022071838378906 0.025544404983520508
 37636 0.03151535987854004 0.03133869171142578 0.025869369506835938
 38025 0.033704280853271484 0.03174138069152832 0.026098966598510742
 38416 0.0325922966003418 0.032021284103393555 0.026363372802734375
 38809 0.033493757247924805 0.03248333930969238 0.02671337127685547
 39204 0.03335690498352051 0.03284597396850586 0.026958465576171875
 39601 0.03423428535461426 0.03328680992126465 0.02721261978149414
 40000 0.03401374816894531 0.03365349769592285 0.027545690536499023
 40401 0.0363621711730957 0.033997297286987305 0.027832984924316406
 40804 0.03505516052246094 0.034364938735961914 0.028074264526367188
 41209 0.036032676696777344 0.03505587577819824 0.028382062911987305
 41616 0.035747528076171875 0.03512167930603027 0.028683900833129883
 42025 0.03692626953125 0.035419464111328125 0.028963088989257812
 42436 0.0367894172668457 0.035839080810546875 0.029250383377075195
 42849 0.03925800323486328 0.03632545471191406 0.02956366539001465
 43264 0.03756880760192871 0.036524057388305664 0.029794692993164062
 43681 0.03896355628967285 0.03729724884033203 0.030132770538330078
 44100 0.038378000259399414 0.037291526794433594 0.030459880828857422
 44521 0.03972816467285156 0.03776979446411133 0.030678272247314453
 44944 0.039334774017333984 0.038149356842041016 0.031018733978271484
 45369 0.042087554931640625 0.038518667221069336 0.031319618225097656
 45796 0.040361881256103516 0.03930401802062988 0.031581878662109375
 46225 0.04160881042480469 0.039305686950683594 0.03190755844116211
 46656 0.041141510009765625 0.039673805236816406 0.03224372863769531
 47089 0.04265427589416504 0.04025411605834961 0.03253936767578125
 47524 0.042099952697753906 0.04042506217956543 0.03281736373901367
 47961 0.04512667655944824 0.04084420204162598 0.03315424919128418
 48400 0.04301285743713379 0.04123330116271973 0.03341865539550781
 48841 0.044255971908569336 0.0415956974029541 0.03377056121826172
 49284 0.043903350830078125 0.04199504852294922 0.0340428352355957
 49729 0.0454251766204834 0.04255962371826172 0.03436017036437988
 50176 0.04487919807434082 0.0429229736328125 0.03470730781555176
 50625 0.04820442199707031 0.04363727569580078 0.03502082824707031
 51076 0.04608583450317383 0.0437617301940918 0.03534102439880371
 51529 0.047177791595458984 0.04427218437194824 0.03563499450683594
 51984 0.0469210147857666 0.04470372200012207 0.035985469818115234
 52441 0.04836916923522949 0.04519963264465332 0.03627347946166992
 52900 0.04769468307495117 0.04562067985534668 0.036631107330322266
 53361 0.05139660835266113 0.0460512638092041 0.03694629669189453
 53824 0.0486598014831543 0.04649996757507324 0.03724813461303711
 54289 0.05012845993041992 0.04746389389038086 0.03760027885437012
 54756 0.04967904090881348 0.047881126403808594 0.03790116310119629
 55225 0.051573991775512695 0.04831051826477051 0.038240671157836914
 55696 0.050580739974975586 0.04875063896179199 0.03861498832702637
 56169 0.054700374603271484 0.04914522171020508 0.038984060287475586
 56644 0.05161762237548828 0.0495455265045166 0.03928828239440918
 57121 0.053519248962402344 0.04969072341918945 0.039581298828125
 57600 0.05299091339111328 0.05014848709106445 0.039999961853027344
 58081 0.05479693412780762 0.05066061019897461 0.04027152061462402
 58564 0.053830862045288086 0.051131248474121094 0.04061722755432129
 59049 0.057910919189453125 0.05153465270996094 0.04102468490600586
 59536 0.054550886154174805 0.05202817916870117 0.04128909111022949
 60025 0.055263519287109375 0.052472829818725586 0.04161548614501953
 60516 0.05563211441040039 0.053385019302368164 0.04208540916442871
 61009 0.05771303176879883 0.05335116386413574 0.0422978401184082
 61504 0.05832076072692871 0.05380678176879883 0.04270124435424805
 62001 0.06266498565673828 0.056485891342163086 0.04304361343383789
 62500 0.057929277420043945 0.05509614944458008 0.04335951805114746
 63001 0.05838942527770996 0.055318355560302734 0.043782711029052734
 63504 0.06303930282592773 0.05572867393493652 0.04410672187805176
 64009 0.0596311092376709 0.05620074272155762 0.04449725151062012
 64516 0.061773061752319336 0.056643009185791016 0.04486083984375
 65025 0.060686588287353516 0.057117462158203125 0.045285701751708984
 65536 0.06285953521728516 0.05792522430419922 0.04549527168273926
 66049 0.06165289878845215 0.058214664459228516 0.04585909843444824
 66564 0.06607675552368164 0.05873274803161621 0.04635357856750488
 67081 0.06229591369628906 0.05972695350646973 0.04658675193786621
 67600 0.06506705284118652 0.05968451499938965 0.046979665756225586
 68121 0.06383705139160156 0.060143232345581055 0.047292232513427734
 68644 0.06597518920898438 0.06065011024475098 0.04769015312194824
 69169 0.06484413146972656 0.06122183799743652 0.04819750785827637
 69696 0.06975412368774414 0.06177568435668945 0.04855656623840332
 70225 0.06558799743652344 0.062183380126953125 0.048825740814208984
 70756 0.06820893287658691 0.06271171569824219 0.04919886589050293
 71289 0.06687474250793457 0.06320858001708984 0.04955482482910156
 71824 0.06951498985290527 0.06428718566894531 0.04992508888244629
 72361 0.06827855110168457 0.06434130668640137 0.050354719161987305
 72900 0.07388973236083984 0.06486153602600098 0.05082988739013672
 73441 0.06948971748352051 0.06609225273132324 0.051094770431518555
 73984 0.07203435897827148 0.0659794807434082 0.05144810676574707
 74529 0.07035660743713379 0.06644082069396973 0.052060842514038086
 75076 0.07331538200378418 0.06700658798217773 0.05224323272705078
 75625 0.0714724063873291 0.06822919845581055 0.052651166915893555
 76176 0.07745075225830078 0.06801104545593262 0.05306744575500488
 76729 0.07271862030029297 0.06866288185119629 0.053369998931884766
 77284 0.07511162757873535 0.06926989555358887 0.05376887321472168
 77841 0.07403016090393066 0.06982779502868652 0.05436134338378906
 78400 0.07636547088623047 0.07028722763061523 0.05458331108093262
 78961 0.07482743263244629 0.07153630256652832 0.055025339126586914
 79524 0.08095002174377441 0.07207798957824707 0.055602312088012695
 80089 0.07617354393005371 0.0728147029876709 0.05577373504638672
 80656 0.07926797866821289 0.0734090805053711 0.05617880821228027
 81225 0.07758522033691406 0.07389020919799805 0.056748390197753906
 81796 0.08007645606994629 0.07439470291137695 0.056954145431518555
 82369 0.07852005958557129 0.07507157325744629 0.057448625564575195
 82944 0.0850992202758789 0.0748448371887207 0.05778074264526367
 83521 0.07987713813781738 0.07538747787475586 0.0581510066986084
 84100 0.08252239227294922 0.07597637176513672 0.0585331916809082
 84681 0.0808711051940918 0.07644104957580566 0.0592043399810791
 85264 0.08391976356506348 0.0770418643951416 0.059381961822509766
 85849 0.08224773406982422 0.0778188705444336 0.0597991943359375
 86436 0.0889892578125 0.07825613021850586 0.06023669242858887
 87025 0.08326292037963867 0.0795278549194336 0.060631513595581055
 87616 0.08623743057250977 0.07933998107910156 0.061026811599731445
 88209 0.08463668823242188 0.0800027847290039 0.0616910457611084
 88804 0.08742904663085938 0.08117794990539551 0.061852216720581055
 89401 0.08595871925354004 0.0811305046081543 0.06230664253234863
 90000 0.09334826469421387 0.08175873756408691 0.06281042098999023
 90601 0.08704733848571777 0.08235597610473633 0.06316661834716797
 91204 0.09063148498535156 0.08283567428588867 0.06358718872070312
 91809 0.08836960792541504 0.08406376838684082 0.0641169548034668
 92416 0.09208083152770996 0.08406305313110352 0.06443309783935547
 93025 0.08962631225585938 0.08536171913146973 0.06489896774291992
 93636 0.09721040725708008 0.08531522750854492 0.06529903411865234
 94249 0.09459328651428223 0.08710098266601562 0.06577277183532715
 94864 0.0942380428314209 0.08654642105102539 0.06620001792907715
 95481 0.09252500534057617 0.08704161643981934 0.06676411628723145
 96100 0.0956265926361084 0.08778262138366699 0.06696200370788574
 96721 0.09349489212036133 0.08928251266479492 0.06745672225952148
 97344 0.10132098197937012 0.09012246131896973 0.06789898872375488
 97969 0.09469199180603027 0.0899043083190918 0.06830787658691406
 98596 0.09789252281188965 0.09047722816467285 0.06879210472106934
 99225 0.0961461067199707 0.09187936782836914 0.06919288635253906
 99856 0.09974265098571777 0.0917520523071289 0.06963896751403809
 100489 0.09746360778808594 0.09252572059631348 0.0700991153717041
 101124 0.10496044158935547 0.09337949752807617 0.07080316543579102
 101761 0.09871697425842285 0.0937039852142334 0.07093977928161621
 102400 0.10277843475341797 0.09532737731933594 0.07139921188354492
 103041 0.10029745101928711 0.09595584869384766 0.07219910621643066
 103684 0.1038820743560791 0.09637117385864258 0.07242608070373535
 104329 0.10165238380432129 0.09654021263122559 0.07277584075927734
 104976 0.10994696617126465 0.09711408615112305 0.0735635757446289
 105625 0.10269713401794434 0.09772610664367676 0.07381367683410645
 106276 0.10676336288452148 0.09829878807067871 0.0742025375366211
 106929 0.10442018508911133 0.09911537170410156 0.07474350929260254
 107584 0.10774040222167969 0.10009336471557617 0.07500219345092773
 108241 0.10567998886108398 0.10118818283081055 0.07558774948120117
 108900 0.11393570899963379 0.10212874412536621 0.0759274959564209
 109561 0.10680770874023438 0.10175347328186035 0.07643461227416992
 110224 0.11121225357055664 0.10259199142456055 0.07686924934387207
 110889 0.10852837562561035 0.10333847999572754 0.07733464241027832
 111556 0.11210393905639648 0.10363602638244629 0.07777142524719238
 112225 0.10947990417480469 0.10544919967651367 0.07834267616271973
 112896 0.11858010292053223 0.10530877113342285 0.07908177375793457
 113569 0.11075639724731445 0.10608816146850586 0.0792996883392334
 114244 0.11504411697387695 0.10784029960632324 0.07969284057617188
 114921 0.11267566680908203 0.10750341415405273 0.08052611351013184
 115600 0.1166238784790039 0.1082143783569336 0.08078813552856445
 116281 0.11373233795166016 0.10979628562927246 0.0813744068145752
 116964 0.12359166145324707 0.10986447334289551 0.08191967010498047
 117649 0.11500263214111328 0.11129426956176758 0.08208370208740234
 118336 0.11963176727294922 0.11093544960021973 0.0825812816619873
 119025 0.11675596237182617 0.11273980140686035 0.08342409133911133
 119716 0.12063837051391602 0.11333370208740234 0.08352303504943848
 120409 0.11771130561828613 0.11320233345031738 0.08403968811035156
 121104 0.12770295143127441 0.1148080825805664 0.08445882797241211
 121801 0.11932873725891113 0.11495661735534668 0.08509016036987305
 122500 0.12418556213378906 0.11653685569763184 0.08559107780456543
 123201 0.12118124961853027 0.11689996719360352 0.08609271049499512
 123904 0.12587285041809082 0.11657261848449707 0.08654117584228516
 124609 0.12265801429748535 0.11745285987854004 0.08715605735778809
 125316 0.13228535652160645 0.12018370628356934 0.08788228034973145
 126025 0.1243894100189209 0.12018156051635742 0.08802676200866699
 126736 0.1285538673400879 0.12014031410217285 0.08854937553405762
 127449 0.12497448921203613 0.12169384956359863 0.08944392204284668
 128164 0.1301109790802002 0.1214449405670166 0.08952879905700684
 128881 0.12717676162719727 0.12273263931274414 0.09001851081848145
 129600 0.13704562187194824 0.12395858764648438 0.09098267555236816
 130321 0.1283121109008789 0.12399530410766602 0.09111404418945312
 131044 0.1329348087310791 0.12496471405029297 0.0916600227355957
 131769 0.1397707462310791 0.12601280212402344 0.09251546859741211
 132496 0.13395023345947266 0.12661314010620117 0.09250521659851074
 133225 0.13590216636657715 0.12682771682739258 0.09314584732055664
 133956 0.1423475742340088 0.12859487533569336 0.09361839294433594
 134689 0.13309431076049805 0.1298818588256836 0.09414148330688477
 135424 0.13754940032958984 0.13071465492248535 0.09469246864318848
 136161 0.1338043212890625 0.13073396682739258 0.09552574157714844
 136900 0.13950419425964355 0.13133931159973145 0.09559488296508789
 137641 0.13622760772705078 0.13286066055297852 0.09609723091125488
 138384 0.14713406562805176 0.13341355323791504 0.09665203094482422
 139129 0.1373584270477295 0.1341264247894287 0.09716916084289551
 139876 0.14309215545654297 0.1357865333557129 0.0977935791015625
 140625 0.13922858238220215 0.13597798347473145 0.09835577011108398
 141376 0.14470410346984863 0.13633322715759277 0.09883260726928711
 142129 0.14020061492919922 0.1366407871246338 0.0993504524230957
 142884 0.15264105796813965 0.1387004852294922 0.09983992576599121
 143641 0.1415424346923828 0.138397216796875 0.1003730297088623
 144400 0.1477985382080078 0.13993191719055176 0.100860595703125
 145161 0.14356064796447754 0.14131617546081543 0.10150432586669922
 145924 0.14863824844360352 0.14096760749816895 0.10192990303039551
 146689 0.14520668983459473 0.14173269271850586 0.10260224342346191
 147456 0.15738177299499512 0.14392566680908203 0.10327410697937012
 148225 0.14632868766784668 0.14522695541381836 0.10349225997924805
 148996 0.15281200408935547 0.14498186111450195 0.10420799255371094
 149769 0.14876174926757812 0.14638400077819824 0.1051783561706543
 150544 0.15335988998413086 0.14589238166809082 0.10517692565917969
 151321 0.14951252937316895 0.14707255363464355 0.10576200485229492
 152100 0.1616511344909668 0.1492753028869629 0.10676360130310059
 152881 0.151383638381958 0.15040946006774902 0.10692954063415527
 153664 0.15710735321044922 0.15117645263671875 0.10745549201965332
 154449 0.15346097946166992 0.1529064178466797 0.10843372344970703
 155236 0.1590290069580078 0.15159392356872559 0.10847735404968262
 156025 0.15421652793884277 0.15339064598083496 0.10920524597167969
 156816 0.1671772003173828 0.15567350387573242 0.11021089553833008
 157609 0.15668201446533203 0.15442895889282227 0.11009526252746582
 158404 0.16288328170776367 0.15525078773498535 0.11076569557189941
 159201 0.15795302391052246 0.15702009201049805 0.1113276481628418
 160000 0.1651320457458496 0.15706706047058105 0.11188054084777832
 160801 0.15978050231933594 0.15913152694702148 0.11235737800598145
 161604 0.1728496551513672 0.1599133014678955 0.1135566234588623
 162409 0.16115641593933105 0.15939617156982422 0.11367416381835938
 163216 0.1680128574371338 0.16182494163513184 0.1141660213470459
 164025 0.16338515281677246 0.16217851638793945 0.11477923393249512
 164836 0.16936302185058594 0.16246604919433594 0.11534333229064941
 165649 0.16443419456481934 0.1647024154663086 0.11605715751647949
 166464 0.17946076393127441 0.16492772102355957 0.11658596992492676
 167281 0.16746997833251953 0.16676592826843262 0.11710333824157715
 168100 0.17395472526550293 0.16584396362304688 0.11768698692321777
 168921 0.16954994201660156 0.1682300567626953 0.11812496185302734
 169744 0.1759490966796875 0.16830706596374512 0.11868500709533691
 170569 0.17129278182983398 0.16893243789672852 0.11925244331359863
 171396 0.1854538917541504 0.17072558403015137 0.12049984931945801
 172225 0.17224979400634766 0.1711134910583496 0.12053322792053223
 173056 0.17902016639709473 0.17106914520263672 0.1210637092590332
 173889 0.1741783618927002 0.17370939254760742 0.12230801582336426
 174724 0.18139338493347168 0.17349720001220703 0.12231564521789551
 175561 0.17562365531921387 0.17609643936157227 0.12260985374450684
 176400 0.19069981575012207 0.17774391174316406 0.12394165992736816
 177241 0.17842483520507812 0.1768019199371338 0.12412786483764648
 178084 0.1846001148223877 0.1774003505706787 0.12457609176635742
 178929 0.17921209335327148 0.17999982833862305 0.1258537769317627
 179776 0.18688750267028809 0.1791517734527588 0.1258072853088379
 180625 0.18123722076416016 0.18018317222595215 0.12639093399047852
 181476 0.19672536849975586 0.1836223602294922 0.12748384475708008
 182329 0.18335628509521484 0.18410277366638184 0.12743282318115234
 183184 0.19002366065979004 0.1829361915588379 0.12816524505615234
 184041 0.18488216400146484 0.18526983261108398 0.12944865226745605
 184900 0.19187545776367188 0.18458199501037598 0.12929821014404297
 185761 0.1867995262145996 0.18659353256225586 0.13002943992614746
 186624 0.20233941078186035 0.18866944313049316 0.13124966621398926
 187489 0.1886141300201416 0.18804669380187988 0.13101434707641602
 188356 0.19568657875061035 0.19043231010437012 0.13181614875793457
 189225 0.19046902656555176 0.19206643104553223 0.1330547332763672
 190096 0.19798970222473145 0.19089627265930176 0.1330857276916504
 190969 0.1918504238128662 0.19383692741394043 0.13377165794372559
 191844 0.20837831497192383 0.19540190696716309 0.1350092887878418
 192721 0.1938333511352539 0.1943652629852295 0.13486385345458984
 193600 0.20135045051574707 0.19627952575683594 0.13549494743347168
 194481 0.19539523124694824 0.1978154182434082 0.13687849044799805
 195364 0.20304584503173828 0.19703125953674316 0.136796236038208
 196249 0.1973259449005127 0.1989610195159912 0.13734006881713867
 197136 0.2138051986694336 0.20148420333862305 0.13873815536499023
 198025 0.1997509002685547 0.20026516914367676 0.1386277675628662
 198916 0.20722413063049316 0.2026042938232422 0.13928461074829102
 199809 0.20125937461853027 0.20610451698303223 0.14055776596069336
 200704 0.20876359939575195 0.2048320770263672 0.1404712200164795
 201601 0.20333218574523926 0.20529770851135254 0.1410655975341797
 202500 0.220595121383667 0.20830988883972168 0.14236688613891602
 203401 0.20502209663391113 0.2072761058807373 0.14241290092468262
 204304 0.2125101089477539 0.20793366432189941 0.1430211067199707
 205209 0.20694804191589355 0.21200013160705566 0.1442708969116211
 206116 0.21527624130249023 0.21096324920654297 0.14432716369628906
 207025 0.20917797088623047 0.20981812477111816 0.14488577842712402
 207936 0.22596287727355957 0.2139568328857422 0.1461954116821289
 208849 0.21043920516967773 0.21247410774230957 0.14632391929626465
 209764 0.2186441421508789 0.21444988250732422 0.14672565460205078
 210681 0.2122640609741211 0.2171337604522705 0.1479356288909912
 211600 0.22051739692687988 0.21581363677978516 0.14817094802856445
 212521 0.21431303024291992 0.21727275848388672 0.1486809253692627
 213444 0.23240351676940918 0.22070980072021484 0.1500859260559082
 214369 0.21605634689331055 0.2193765640258789 0.15003609657287598
 215296 0.22472739219665527 0.22032856941223145 0.15079402923583984
 216225 0.2183525562286377 0.2247762680053711 0.15137910842895508
 217156 0.22656488418579102 0.22170734405517578 0.15200471878051758
 218089 0.22069501876831055 0.2247927188873291 0.15263009071350098
 219024 0.23883700370788574 0.22742509841918945 0.1533980369567871
 219961 0.22164416313171387 0.22819781303405762 0.15395188331604004
 220900 0.23064112663269043 0.22820019721984863 0.15444493293762207
 221841 0.2241206169128418 0.2316441535949707 0.15526556968688965
 222784 0.23354649543762207 0.22852730751037598 0.15601778030395508
 223729 0.22624945640563965 0.23211145401000977 0.15658020973205566
 224676 0.2452998161315918 0.23427867889404297 0.157118558883667
 225625 0.22798609733581543 0.23404884338378906 0.15796589851379395
 226576 0.23761987686157227 0.23451900482177734 0.1586458683013916
 227529 0.23019170761108398 0.2388606071472168 0.1591789722442627
 228484 0.23878955841064453 0.2369539737701416 0.15981340408325195
 229441 0.2319478988647461 0.23831677436828613 0.16058707237243652
 230400 0.25088953971862793 0.2407834529876709 0.16127872467041016
 231361 0.23355507850646973 0.23851251602172852 0.16210508346557617
 232324 0.243149995803833 0.2399754524230957 0.16276001930236816
 233289 0.23609423637390137 0.24579977989196777 0.16414451599121094
 234256 0.24544739723205566 0.24182343482971191 0.1640315055847168
 235225 0.24656081199645996 0.24234867095947266 0.16478610038757324
 236196 0.2581796646118164 0.24875974655151367 0.1659867763519287
 237169 0.2489027976989746 0.24528717994689941 0.1659390926361084
 238144 0.24953317642211914 0.246567964553833 0.16678214073181152
 239121 0.24187397956848145 0.25107455253601074 0.16817164421081543
 240100 0.26038050651550293 0.24931073188781738 0.1679821014404297
 241081 0.2438211441040039 0.2522099018096924 0.16869282722473145
 242064 0.2646827697753906 0.25650620460510254 0.17026472091674805
 243049 0.2455577850341797 0.25215578079223633 0.17010855674743652
 244036 0.24743008613586426 0.25306129455566406 0.1707913875579834
 245025 0.24823713302612305 0.25835299491882324 0.1715250015258789
 246016 0.2580451965332031 0.2561683654785156 0.17212367057800293
 247009 0.2590525150299072 0.25649023056030273 0.17285656929016113
 248004 0.27794718742370605 0.27154111862182617 0.17363595962524414
 249001 0.2525441646575928 0.26111531257629395 0.17433953285217285
 250000 0.2537515163421631 0.26032447814941406 0.17496204376220703
 251001 0.2742948532104492 0.26744866371154785 0.1763148307800293
 252004 0.2549715042114258 0.2626497745513916 0.1764674186706543
 253009 0.26557326316833496 0.26395511627197266 0.17713284492492676
 254016 0.25728917121887207 0.26930713653564453 0.17868542671203613
 255025 0.2680497169494629 0.26597046852111816 0.17847299575805664
 256036 0.25963783264160156 0.26754212379455566 0.1790144443511963
 257049 0.2807488441467285 0.2751278877258301 0.18082094192504883
 258064 0.26149964332580566 0.2689473628997803 0.1806046962738037
 259081 0.27176403999328613 0.2710413932800293 0.18117928504943848
 260100 0.26460742950439453 0.27879953384399414 0.1829676628112793
 261121 0.27431750297546387 0.27327537536621094 0.1827855110168457
 262144 0.2659108638763428 0.27478981018066406 0.18345141410827637
 263169 0.2881007194519043 0.28232383728027344 0.18503189086914062
 264196 0.26862072944641113 0.2773008346557617 0.18500351905822754
 265225 0.2781970500946045 0.27791762351989746 0.18561100959777832
 266256 0.27080345153808594 0.286226749420166 0.18738150596618652
 267289 0.2806563377380371 0.28037405014038086 0.1871023178100586
 268324 0.2724277973175049 0.2812833786010742 0.18786954879760742
 269361 0.2965989112854004 0.28948307037353516 0.1884622573852539
 270400 0.2743220329284668 0.28539180755615234 0.18922924995422363
 271441 0.284862756729126 0.2854595184326172 0.18994402885437012
 272484 0.2768416404724121 0.29143691062927246 0.19055843353271484
 273529 0.2882039546966553 0.2871391773223877 0.19129657745361328
 274576 0.2789740562438965 0.28893613815307617 0.19226980209350586
 275625 0.30198073387145996 0.295332670211792 0.1929032802581787
 276676 0.2804746627807617 0.29373669624328613 0.19363975524902344
 277729 0.29106831550598145 0.29260683059692383 0.19453883171081543
 278784 0.28340983390808105 0.2998487949371338 0.19606995582580566
 279841 0.294339656829834 0.29634690284729004 0.1955423355102539
 280900 0.2854130268096924 0.29842162132263184 0.19636750221252441
 281961 0.3093845844268799 0.30492234230041504 0.19845104217529297
 283024 0.287794828414917 0.2990543842315674 0.19800257682800293
 284089 0.29877519607543945 0.30199503898620605 0.19873952865600586
 285156 0.28995561599731445 0.30642080307006836 0.2005302906036377
 286225 0.3014087677001953 0.3037230968475342 0.20003724098205566
 287296 0.29222559928894043 0.30284690856933594 0.20093560218811035
 288369 0.3163871765136719 0.31226015090942383 0.20209097862243652
 289444 0.2936561107635498 0.30527281761169434 0.20245623588562012
 290521 0.3059248924255371 0.3067440986633301 0.2032170295715332
 291600 0.29664158821105957 0.31531715393066406 0.20508599281311035
 292681 0.3070714473724365 0.3090362548828125 0.20484089851379395
 293764 0.2990903854370117 0.3135087490081787 0.20548009872436523
 294849 0.32439231872558594 0.3180534839630127 0.2063589096069336
 295936 0.30214715003967285 0.315706729888916 0.20703530311584473
 297025 0.3137023448944092 0.3164072036743164 0.20775747299194336
 298116 0.3038594722747803 0.3244650363922119 0.20865917205810547
 299209 0.3171722888946533 0.31922483444213867 0.20922422409057617
 300304 0.3058936595916748 0.32016539573669434 0.2101893424987793
 301401 0.3321352005004883 0.3289191722869873 0.21088218688964844
 302500 0.30838799476623535 0.3212096691131592 0.2117154598236084
 303601 0.3210911750793457 0.32179808616638184 0.21256422996520996
 304704 0.31135988235473633 0.32969236373901367 0.21325469017028809
 305809 0.3239552974700928 0.3256709575653076 0.21398496627807617
 306916 0.31363940238952637 0.3280367851257324 0.21480345726013184
 308025 0.3394949436187744 0.3339059352874756 0.21541762351989746
 309136 0.31612110137939453 0.3273012638092041 0.21638965606689453
 310249 0.32783031463623047 0.3301882743835449 0.2171618938446045
 311364 0.3184187412261963 0.34057092666625977 0.2178347110748291
 312481 0.33014941215515137 0.33255481719970703 0.21873044967651367
 313600 0.319934606552124 0.33588457107543945 0.21947669982910156
 314721 0.3471229076385498 0.34356093406677246 0.2201404571533203
 315844 0.32265806198120117 0.33598899841308594 0.2210986614227295
 316969 0.3345794677734375 0.3404409885406494 0.22166681289672852
 318096 0.3252685070037842 0.34858036041259766 0.22253918647766113
 319225 0.337735652923584 0.34186434745788574 0.22316622734069824
 320356 0.327467679977417 0.34219956398010254 0.22409725189208984
 321489 0.354860782623291 0.3509190082550049 0.2248985767364502
 322624 0.3300209045410156 0.34455132484436035 0.22574424743652344
 323761 0.34236979484558105 0.34642839431762695 0.2266101837158203
 324900 0.3323335647583008 0.3556191921234131 0.22711682319641113
 326041 0.34587717056274414 0.3502535820007324 0.22807526588439941
 327184 0.3343346118927002 0.3523540496826172 0.22922372817993164
 328329 0.3624725341796875 0.358501672744751 0.22985196113586426
 329476 0.3370034694671631 0.35172343254089355 0.230607271194458
 330625 0.34966540336608887 0.3551609516143799 0.2313859462738037
 331776 0.33924078941345215 0.36582469940185547 0.23166966438293457
 332929 0.3514060974121094 0.3565042018890381 0.23290467262268066
 334084 0.34189748764038086 0.35803842544555664 0.23378586769104004
 335241 0.3703155517578125 0.3677403926849365 0.23433971405029297
 336400 0.3436155319213867 0.3637053966522217 0.23535680770874023
 337561 0.3567230701446533 0.36267828941345215 0.23605704307556152
 338724 0.3459126949310303 0.37401676177978516 0.23696541786193848
 339889 0.36016273498535156 0.3675501346588135 0.23774242401123047
 341056 0.34857606887817383 0.36728763580322266 0.23867440223693848
 342225 0.3780379295349121 0.3765697479248047 0.23943328857421875
 343396 0.36417698860168457 0.37210845947265625 0.2402796745300293
 344569 0.36495280265808105 0.369736909866333 0.24111485481262207
 345744 0.3540372848510742 0.37965822219848633 0.24187827110290527
 346921 0.36660170555114746 0.37590765953063965 0.24277353286743164
 348100 0.35521864891052246 0.37709498405456543 0.24336504936218262
 349281 0.38744449615478516 0.38415050506591797 0.24439120292663574
 350464 0.3589179515838623 0.3777434825897217 0.2450568675994873
 351649 0.3721046447753906 0.380521297454834 0.24573421478271484
 352836 0.3610069751739502 0.3919405937194824 0.24692273139953613
 354025 0.37419652938842773 0.3843858242034912 0.24775934219360352
 355216 0.36342740058898926 0.3846156597137451 0.24848508834838867
 356409 0.394092321395874 0.392042875289917 0.24918746948242188
 357604 0.3660719394683838 0.3865513801574707 0.2501990795135498
 358801 0.3796236515045166 0.39070773124694824 0.25110721588134766
 360000 0.368366003036499 0.39890241622924805 0.25176167488098145
 361201 0.3818504810333252 0.3900017738342285 0.2526209354400635
 362404 0.3702394962310791 0.39455676078796387 0.25356459617614746
 363609 0.4021897315979004 0.4044382572174072 0.2543215751647949
 364816 0.3730432987213135 0.39776158332824707 0.2551422119140625
 366025 0.3874661922454834 0.39547181129455566 0.25578904151916504
 367236 0.3759434223175049 0.40965962409973145 0.2569234371185303
 368449 0.38985729217529297 0.4024960994720459 0.2575860023498535
 369664 0.3790552616119385 0.4027881622314453 0.2582221031188965
 370881 0.40993762016296387 0.41388583183288574 0.25930142402648926
 372100 0.38151049613952637 0.4061276912689209 0.25998568534851074
 373321 0.39542365074157715 0.4076089859008789 0.2604362964630127
 374544 0.38327813148498535 0.4181087017059326 0.261580228805542
 375769 0.39743733406066895 0.40778350830078125 0.26261186599731445
 376996 0.38625311851501465 0.411182165145874 0.263425350189209
 378225 0.41727137565612793 0.41950416564941406 0.2646982669830322
 379456 0.38824462890625 0.41222167015075684 0.26512789726257324
 380689 0.4033536911010742 0.4164712429046631 0.2661004066467285
 381924 0.3916785717010498 0.42533421516418457 0.26665210723876953
 383161 0.4069080352783203 0.42115235328674316 0.26795268058776855
 384400 0.393169641494751 0.4186263084411621 0.26848793029785156
 385641 0.4261758327484131 0.4322664737701416 0.2708561420440674
 386884 0.39641404151916504 0.42420053482055664 0.2700817584991455
 388129 0.41085076332092285 0.4244668483734131 0.27138352394104004
 389376 0.39862608909606934 0.4347255229949951 0.2734847068786621
 390625 0.41399359703063965 0.4253571033477783 0.27332091331481934
 391876 0.40114259719848633 0.42928194999694824 0.2738211154937744
 393129 0.4340837001800537 0.43761420249938965 0.27639341354370117
 394384 0.40384984016418457 0.43305397033691406 0.27600526809692383
 395641 0.4191880226135254 0.43459343910217285 0.2768089771270752
 396900 0.4067878723144531 0.4437594413757324 0.2788209915161133
 398161 0.4217512607574463 0.43767499923706055 0.2780945301055908
 399424 0.40963292121887207 0.4380927085876465 0.2788970470428467
 400689 0.4433286190032959 0.450899600982666 0.28119730949401855
 401956 0.4110281467437744 0.44263553619384766 0.2811086177825928
 403225 0.4269840717315674 0.442094087600708 0.282102108001709
 404496 0.41464853286743164 0.4521903991699219 0.2824580669403076
 405769 0.4300873279571533 0.4452633857727051 0.28356027603149414
 407044 0.41637396812438965 0.4476478099822998 0.2842214107513428
 408321 0.4525010585784912 0.46033668518066406 0.2855808734893799
 409600 0.4194650650024414 0.44701218605041504 0.28630661964416504
 410881 0.43547821044921875 0.45200443267822266 0.2872927188873291
 412164 0.4222111701965332 0.46550536155700684 0.28821682929992676
 413449 0.43793416023254395 0.4544074535369873 0.2890510559082031
 414736 0.42525458335876465 0.4550626277923584 0.28994202613830566
 416025 0.4607553482055664 0.4686431884765625 0.2920875549316406
 417316 0.4272189140319824 0.46041035652160645 0.291841983795166
 418609 0.4442150592803955 0.4599580764770508 0.29268622398376465
 419904 0.43065881729125977 0.47352051734924316 0.2944798469543457
 421201 0.4463787078857422 0.4644739627838135 0.2943902015686035
 422500 0.43303966522216797 0.46651291847229004 0.29544854164123535
 423801 0.469451904296875 0.4769468307495117 0.29750561714172363
 425104 0.43571972846984863 0.4694986343383789 0.29665422439575195
 426409 0.45295023918151855 0.47215700149536133 0.29727983474731445
 427716 0.43830347061157227 0.4858667850494385 0.29831886291503906
 429025 0.45502543449401855 0.474353551864624 0.2999248504638672
 430336 0.4412190914154053 0.47596144676208496 0.30078721046447754
 431649 0.479109525680542 0.4894676208496094 0.3012988567352295
 432964 0.4440457820892334 0.4767494201660156 0.30257415771484375
 434281 0.4605705738067627 0.48212218284606934 0.3036329746246338
 435600 0.44672131538391113 0.4949653148651123 0.3039054870605469
 436921 0.46372222900390625 0.48456788063049316 0.3051893711090088
 438244 0.4495079517364502 0.484938383102417 0.3060317039489746
 439569 0.4862070083618164 0.5003886222839355 0.3066887855529785
 440896 0.4509904384613037 0.4857661724090576 0.30825138092041016
 442225 0.46883106231689453 0.489776611328125 0.30910396575927734
 443556 0.45497965812683105 0.5044436454772949 0.3092987537384033
 444889 0.4721364974975586 0.4938046932220459 0.30970048904418945
 446224 0.45685911178588867 0.4956796169281006 0.3121223449707031
 447561 0.49564027786254883 0.5081729888916016 0.31435608863830566
 448900 0.46010446548461914 0.498157262802124 0.3133819103240967
 450241 0.4785137176513672 0.5002923011779785 0.31407833099365234
 451584 0.46404027938842773 0.5138750076293945 0.31632375717163086
 452929 0.4806647300720215 0.5044524669647217 0.31618785858154297
 454276 0.4662055969238281 0.5043938159942627 0.31763291358947754
 455625 0.5046803951263428 0.5204982757568359 0.32012295722961426
 456976 0.46897006034851074 0.5090398788452148 0.3186004161834717
 458329 0.4876420497894287 0.5089612007141113 0.320296049118042
 459684 0.4707167148590088 0.5231533050537109 0.32274484634399414
 461041 0.4896392822265625 0.5137348175048828 0.32226037979125977
 462400 0.47382116317749023 0.5151510238647461 0.32277989387512207
 463761 0.513566255569458 0.529700517654419 0.32511377334594727
 465124 0.47758030891418457 0.5180294513702393 0.3252105712890625
 466489 0.4947233200073242 0.5209274291992188 0.3257906436920166
 467856 0.48020458221435547 0.5350661277770996 0.3285832405090332
 469225 0.49773573875427246 0.5247409343719482 0.32784533500671387
 470596 0.48326611518859863 0.5239336490631104 0.327986478805542
 471969 0.5225489139556885 0.5413999557495117 0.33130669593811035
 473344 0.48602914810180664 0.5286922454833984 0.3307039737701416
 474721 0.5057210922241211 0.5297763347625732 0.33112287521362305
 476100 0.4888191223144531 0.5427627563476562 0.33365702629089355
 477481 0.5071280002593994 0.5338740348815918 0.3333158493041992
 478864 0.4926762580871582 0.5317418575286865 0.33445119857788086
 480249 0.532724142074585 0.5487287044525146 0.33622241020202637
 481636 0.49437880516052246 0.538877010345459 0.3365330696105957
 483025 0.5129833221435547 0.5395872592926025 0.3376197814941406
 484416 0.49709534645080566 0.5545303821563721 0.34016966819763184
 485809 0.5171651840209961 0.5402045249938965 0.33843517303466797
 487204 0.4999096393585205 0.5443000793457031 0.3397858142852783
 488601 0.5416381359100342 0.5591061115264893 0.34314584732055664
 490000 0.5028469562530518 0.5490362644195557 0.3416173458099365
 491401 0.5223891735076904 0.5487287044525146 0.34351086616516113
 492804 0.5071849822998047 0.566577672958374 0.3460359573364258
 494209 0.5258646011352539 0.5536675453186035 0.3455617427825928
 495616 0.5088050365447998 0.5502767562866211 0.34623050689697266
 497025 0.5521631240844727 0.5711550712585449 0.3477656841278076
 498436 0.5119919776916504 0.5593960285186768 0.3475501537322998
 499849 0.5311861038208008 0.560478687286377 0.348829984664917
 501264 0.5143568515777588 0.5774035453796387 0.3516881465911865
 502681 0.5352723598480225 0.5586824417114258 0.35088634490966797
 504100 0.5172445774078369 0.563640832901001 0.3514060974121094
 505521 0.5604543685913086 0.5833487510681152 0.3542323112487793
 506944 0.5208332538604736 0.5689027309417725 0.3532693386077881
 508369 0.5401313304901123 0.5701489448547363 0.35531091690063477
 509796 0.5234899520874023 0.5879545211791992 0.3579995632171631
 511225 0.543769121170044 0.5726423263549805 0.35741329193115234
 512656 0.5266823768615723 0.5737152099609375 0.3575170040130615
 514089 0.5698909759521484 0.5934298038482666 0.3586452007293701
 515524 0.5294451713562012 0.5792727470397949 0.35976648330688477
 516961 0.5491776466369629 0.581366777420044 0.3610668182373047
 518400 0.5321688652038574 0.5997929573059082 0.36141204833984375
 519841 0.5530295372009277 0.5841095447540283 0.3619420528411865
 521284 0.534825325012207 0.5863885879516602 0.36398816108703613
 522729 0.5812220573425293 0.6038382053375244 0.36535000801086426
 524176 0.5388922691345215 0.5906221866607666 0.3662111759185791
 525625 0.5592160224914551 0.5897433757781982 0.3668653964996338
 527076 0.5404262542724609 0.6073369979858398 0.3677642345428467
 528529 0.5612268447875977 0.5966012477874756 0.369199275970459
 529984 0.5444004535675049 0.5971722602844238 0.36974263191223145
 531441 0.5893990993499756 0.615767240524292 0.3713846206665039
 532900 0.5470490455627441 0.5964608192443848 0.371553897857666
 534361 0.5677597522735596 0.6008682250976562 0.37155914306640625
 535824 0.5503337383270264 0.6195905208587646 0.3743114471435547
 537289 0.5707638263702393 0.6053059101104736 0.375469446182251
 538756 0.5725610256195068 0.6074104309082031 0.37609243392944336
 540225 0.5996050834655762 0.6270747184753418 0.3775031566619873
 541696 0.5758721828460693 0.6113817691802979 0.3784780502319336
 543169 0.5776424407958984 0.6117663383483887 0.37923645973205566
 544644 0.5591220855712891 0.6300392150878906 0.38012266159057617
 546121 0.581671953201294 0.6149721145629883 0.3807528018951416
 547600 0.5621330738067627 0.6187882423400879 0.3824949264526367
 549081 0.6089766025543213 0.6375982761383057 0.38272809982299805
 550564 0.5659480094909668 0.6233875751495361 0.3837740421295166
 552049 0.5864555835723877 0.6248314380645752 0.38544559478759766
 553536 0.5687041282653809 0.6432571411132812 0.3856196403503418
 555025 0.5900876522064209 0.6258137226104736 0.38785219192504883
 556516 0.5725159645080566 0.6269786357879639 0.38870716094970703
 558009 0.5736145973205566 0.6485228538513184 0.3915228843688965
 559504 0.5944938659667969 0.6333227157592773 0.3899214267730713
 561001 0.5963962078094482 0.6336643695831299 0.3904838562011719
 562500 0.6247687339782715 0.654315710067749 0.39469265937805176
 564001 0.6037061214447021 0.6742532253265381 0.3938939571380615
 565504 0.5809581279754639 0.6411442756652832 0.39504289627075195
 567009 0.5820591449737549 0.6595532894134521 0.3975081443786621
 568516 0.6054470539093018 0.6390182971954346 0.3970067501068115
 570025 0.5854976177215576 0.6427366733551025 0.39705944061279297
 571536 0.6374375820159912 0.6645081043243408 0.4006969928741455
 573049 0.5881919860839844 0.6488349437713623 0.40015625953674316
 574564 0.6126489639282227 0.6518638134002686 0.40119385719299316
 576081 0.5918281078338623 0.6734216213226318 0.40341877937316895
 577600 0.6142628192901611 0.6547138690948486 0.40346264839172363
 579121 0.5959177017211914 0.6568584442138672 0.4044473171234131
 580644 0.6449589729309082 0.6781587600708008 0.4064598083496094
 582169 0.5979294776916504 0.6600949764251709 0.40604281425476074
 583696 0.621396541595459 0.6619260311126709 0.4065735340118408
 585225 0.6023690700531006 0.6847515106201172 0.40756726264953613
 586756 0.6241734027862549 0.667647123336792 0.4091958999633789
 588289 0.605137825012207 0.6653523445129395 0.41058921813964844
 589824 0.6550137996673584 0.6907498836517334 0.41149139404296875
 591361 0.6084473133087158 0.6741492748260498 0.4128541946411133
 592900 0.6300935745239258 0.6748366355895996 0.4130382537841797
 594441 0.6113808155059814 0.6965498924255371 0.4143028259277344
 595984 0.63370680809021 0.6759965419769287 0.41600799560546875
 597529 0.6135303974151611 0.680295467376709 0.41603851318359375
 599076 0.6649250984191895 0.6993486881256104 0.41808199882507324
 600625 0.6164813041687012 0.6832435131072998 0.41905856132507324
 602176 0.640000581741333 0.6845216751098633 0.41962409019470215
 603729 0.6209263801574707 0.7069413661956787 0.42150282859802246
 605284 0.6440248489379883 0.6829612255096436 0.42244505882263184
 606841 0.6230230331420898 0.689584493637085 0.4235818386077881
 608400 0.6760363578796387 0.7143466472625732 0.42400074005126953
 609961 0.6269042491912842 0.694633960723877 0.4258856773376465
 611524 0.6507179737091064 0.6920599937438965 0.42705249786376953
 613089 0.6316318511962891 0.7176034450531006 0.4267616271972656
 614656 0.6542298793792725 0.699101448059082 0.42914724349975586
 616225 0.633552074432373 0.6995060443878174 0.4301414489746094
 617796 0.687549352645874 0.7259037494659424 0.42997074127197266
 619369 0.6363987922668457 0.7060508728027344 0.4325079917907715
 620944 0.6610095500946045 0.7101070880889893 0.4337484836578369
 622521 0.6403567790985107 0.7316648960113525 0.43318891525268555
 624100 0.6640851497650146 0.711007833480835 0.4338657855987549
 625681 0.6425254344940186 0.7141821384429932 0.43660545349121094
 627264 0.6967759132385254 0.7319960594177246 0.4376823902130127
 628849 0.6463966369628906 0.7174382209777832 0.4388999938964844
 630436 0.6713268756866455 0.7200915813446045 0.4391942024230957
 632025 0.6500735282897949 0.743924617767334 0.44147443771362305
 633616 0.6744346618652344 0.723120927810669 0.44231605529785156
 635209 0.6524505615234375 0.7249495983123779 0.4430878162384033
 636804 0.7077751159667969 0.7507202625274658 0.4435577392578125
 638401 0.6564793586730957 0.728830099105835 0.44515252113342285
 640000 0.6818292140960693 0.7281961441040039 0.4468519687652588
 641601 0.6599364280700684 0.7560303211212158 0.44721436500549316
 643204 0.6852855682373047 0.7352457046508789 0.44921326637268066
 644809 0.6616952419281006 0.7364656925201416 0.44937586784362793
 646416 0.7182841300964355 0.7623612880706787 0.4514150619506836
 648025 0.6670041084289551 0.7393789291381836 0.4518098831176758
 649636 0.691265344619751 0.7440569400787354 0.45290446281433105
 651249 0.6702542304992676 0.7683529853820801 0.45325660705566406
 652864 0.6947965621948242 0.7443289756774902 0.4544670581817627
 654481 0.6733906269073486 0.7469778060913086 0.45575475692749023
 656100 0.7306580543518066 0.7751498222351074 0.45964717864990234
 657721 0.6758365631103516 0.7534639835357666 0.4577751159667969
 659344 0.7022809982299805 0.7554440498352051 0.4590933322906494
 660969 0.679865837097168 0.7807483673095703 0.4634208679199219
 662596 0.7062804698944092 0.757666826248169 0.46143198013305664
 664225 0.683243989944458 0.7634239196777344 0.4634740352630615
 665856 0.7400789260864258 0.787419319152832 0.4670114517211914
 667489 0.686279296875 0.7638998031616211 0.46570491790771484
 669124 0.7121050357818604 0.7682442665100098 0.4672229290008545
 670761 0.6908166408538818 0.7933063507080078 0.47054433822631836
 672400 0.7152955532073975 0.771268367767334 0.4670093059539795
 674041 0.6933221817016602 0.7749896049499512 0.47047853469848633
 675684 0.7507236003875732 0.8006551265716553 0.4728059768676758
 677329 0.696699857711792 0.7783596515655518 0.4725515842437744
 678976 0.7253999710083008 0.7799382209777832 0.47321414947509766
 680625 0.6999640464782715 0.8049657344818115 0.47409582138061523
 682276 0.7257676124572754 0.7849404811859131 0.4752662181854248
 683929 0.7040669918060303 0.7879962921142578 0.47709083557128906
 685584 0.7614879608154297 0.8126263618469238 0.4782547950744629
 687241 0.7074403762817383 0.7869269847869873 0.4793858528137207
 688900 0.7354154586791992 0.7945597171783447 0.4799940586090088
 690561 0.7110476493835449 0.8213589191436768 0.48104023933410645
 692224 0.7369296550750732 0.7978055477142334 0.4833071231842041
 693889 0.7124512195587158 0.7952146530151367 0.4832119941711426
 695556 0.772899866104126 0.8262178897857666 0.48523759841918945
 697225 0.717055082321167 0.8041067123413086 0.48505568504333496
 698896 0.7456831932067871 0.8047788143157959 0.487804651260376
 700569 0.720733642578125 0.8329205513000488 0.48804759979248047
 702244 0.7476658821105957 0.8094027042388916 0.4895966053009033
 703921 0.7246830463409424 0.8117408752441406 0.49020862579345703
 705600 0.7847111225128174 0.8399930000305176 0.492600679397583
 707281 0.7270405292510986 0.8181004524230957 0.4936807155609131
 708964 0.7547571659088135 0.8158791065216064 0.4934120178222656
 710649 0.7308351993560791 0.844597578048706 0.49482202529907227
 712336 0.7591662406921387 0.8228793144226074 0.4958474636077881
 714025 0.7346577644348145 0.8231449127197266 0.49790072441101074
 715716 0.7953453063964844 0.8512451648712158 0.499617338180542
 717409 0.7382106781005859 0.826812744140625 0.4995098114013672
 719104 0.7664096355438232 0.8302221298217773 0.5019352436065674
 720801 0.7417645454406738 0.8567459583282471 0.5014102458953857
 722500 0.7700295448303223 0.8358149528503418 0.502901554107666
 724201 0.7450945377349854 0.8353056907653809 0.5056767463684082
 725904 0.8080902099609375 0.8647606372833252 0.5060634613037109
 727609 0.7480955123901367 0.8408844470977783 0.5067141056060791
 729316 0.7764017581939697 0.8428623676300049 0.5067286491394043
 731025 0.7529144287109375 0.8725690841674805 0.5103607177734375
 732736 0.7812321186065674 0.8468093872070312 0.5114152431488037
 734449 0.756718635559082 0.8434262275695801 0.5124940872192383
 736164 0.8186910152435303 0.8784439563751221 0.5134291648864746
 737881 0.7588036060333252 0.855139970779419 0.5151362419128418
 739600 0.7878663539886475 0.8581678867340088 0.5155642032623291
 741321 0.7624766826629639 0.8870508670806885 0.5171611309051514
 743044 0.7915887832641602 0.8603720664978027 0.5185537338256836
 744769 0.765777587890625 0.8616693019866943 0.5198214054107666
 746496 0.8310954570770264 0.8925507068634033 0.5207195281982422
 748225 0.7702832221984863 0.8678557872772217 0.522313117980957
 749956 0.7988688945770264 0.8691637516021729 0.5230803489685059
 751689 0.7737085819244385 0.8998188972473145 0.5234489440917969
 753424 0.8031220436096191 0.8725917339324951 0.525519847869873
 755161 0.7770256996154785 0.8759782314300537 0.5270576477050781
 756900 0.8421404361724854 0.9057247638702393 0.5278434753417969
 758641 0.7807261943817139 0.8802285194396973 0.5291476249694824
 760384 0.8115086555480957 0.8797569274902344 0.530339241027832
 762129 0.7847023010253906 0.912787675857544 0.5314278602600098
 763876 0.8152809143066406 0.8870160579681396 0.5316388607025146
 765625 0.7879748344421387 0.8875031471252441 0.5329744815826416
 767376 0.8539338111877441 0.9195637702941895 0.5352423191070557
 769129 0.7912731170654297 0.8917052745819092 0.5354869365692139
 770884 0.8214943408966064 0.8951280117034912 0.5372188091278076
 772641 0.7950494289398193 0.9252710342407227 0.5374419689178467
 774400 0.8251481056213379 0.8988277912139893 0.5403120517730713
 776161 0.7980148792266846 0.9018666744232178 0.5413541793823242
 777924 0.8652427196502686 0.9299933910369873 0.54103684425354
 779689 0.8018062114715576 0.9071087837219238 0.542400598526001
 781456 0.8345086574554443 0.908897876739502 0.5444557666778564
 783225 0.8063764572143555 0.9413843154907227 0.5473384857177734
 784996 0.8373444080352783 0.9118461608886719 0.5457994937896729
 786769 0.8090510368347168 0.9147810935974121 0.5471017360687256
 788544 0.876758337020874 0.947901725769043 0.5488071441650391
 790321 0.8128886222839355 0.9204676151275635 0.5496752262115479
 792100 0.8440425395965576 0.9234743118286133 0.5515904426574707
 793881 0.8171539306640625 0.9555220603942871 0.5551187992095947
 795664 0.8476758003234863 0.9255154132843018 0.5548195838928223
 797449 0.8204586505889893 0.9287679195404053 0.5548930168151855
 799236 0.8893733024597168 0.9616403579711914 0.5598514080047607
 801025 0.8242371082305908 0.9328563213348389 0.5586092472076416
 802816 0.8561358451843262 0.9341883659362793 0.5582180023193359
 804609 0.828270673751831 0.9685492515563965 0.5621867179870605
 806404 0.8597877025604248 0.940136194229126 0.5622286796569824
 808201 0.8316986560821533 0.9421727657318115 0.562957763671875
 810000 0.9010956287384033 0.9747397899627686 0.5632057189941406
 811801 0.8356730937957764 0.9467699527740479 0.564777135848999
 813604 0.8667910099029541 0.9428043365478516 0.5670244693756104
 815409 0.8390882015228271 0.9824426174163818 0.5673182010650635
 817216 0.8713035583496094 0.9473536014556885 0.5685956478118896
 819025 0.8433408737182617 0.9551172256469727 0.5694882869720459
 820836 0.914405345916748 0.9885416030883789 0.5735263824462891
 822649 0.8462178707122803 0.959909200668335 0.5732631683349609
 824464 0.8791334629058838 0.9623556137084961 0.57346510887146
 826281 0.8513760566711426 0.9966933727264404 0.5774843692779541
 828100 0.8832800388336182 0.966808557510376 0.5776791572570801
 829921 0.8543941974639893 0.96915602684021 0.5776219367980957
 831744 0.9264726638793945 1.0036685466766357 0.5804557800292969
 833569 0.8595917224884033 0.9728765487670898 0.5798633098602295
 835396 0.8915054798126221 0.9753115177154541 0.5809309482574463
 837225 0.8624143600463867 1.0098240375518799 0.5863349437713623
 839056 0.8945815563201904 0.9812839031219482 0.5837993621826172
 840889 0.8654932975769043 0.984642505645752 0.5847740173339844
 842724 0.9371545314788818 1.0178601741790771 0.5883650779724121
 844561 0.8693761825561523 0.9890909194946289 0.5869052410125732
 846400 0.902611255645752 0.984691858291626 0.5890336036682129
 848241 0.8749501705169678 1.0253822803497314 0.5926558971405029
 850084 0.9070892333984375 0.994330883026123 0.5911252498626709
 851929 0.8776757717132568 0.9950234889984131 0.5931551456451416
 853776 0.9505038261413574 1.0318498611450195 0.5976772308349609
 855625 0.8816840648651123 0.9995105266571045 0.5951104164123535
 857476 0.9149060249328613 1.0014359951019287 0.5960206985473633
 859329 0.8847589492797852 1.0390431880950928 0.6014614105224609
 861184 0.9176056385040283 1.006126880645752 0.599787712097168
 863041 0.887688398361206 1.0065076351165771 0.5993943214416504
 864900 0.9628109931945801 1.0473155975341797 0.6040055751800537
 866761 0.8930323123931885 1.0143945217132568 0.6029624938964844
 868624 0.9265134334564209 1.014925479888916 0.6052389144897461
 870489 0.8969643115997314 1.0544862747192383 0.6081409454345703
 872356 0.9302859306335449 1.0217998027801514 0.6060590744018555
 874225 0.9012460708618164 1.0238807201385498 0.6071782112121582
 876096 0.9762430191040039 1.0610008239746094 0.6112463474273682
 877969 0.9037473201751709 1.0277857780456543 0.6104300022125244
 879844 0.9390647411346436 1.033036708831787 0.613264799118042
 881721 0.9091205596923828 1.068835735321045 0.6166067123413086
 883600 0.9417562484741211 1.033066749572754 0.6140298843383789
 885481 0.9122288227081299 1.0409419536590576 0.616340160369873
 887364 0.988123893737793 1.0756940841674805 0.6201658248901367
 889249 0.91495680809021 1.0413033962249756 0.6181707382202148
 891136 0.9497394561767578 1.0475783348083496 0.6186273097991943
 893025 0.9199645519256592 1.0836255550384521 0.6240944862365723
 894916 0.9541277885437012 1.0455594062805176 0.6214592456817627
 896809 0.9238841533660889 1.0549702644348145 0.623568058013916
 898704 1.000866413116455 1.0911762714385986 0.6274540424346924
 900601 0.92753005027771 1.056147813796997 0.6252293586730957
 902500 0.9630258083343506 1.0590183734893799 0.6291730403900146
 904401 0.9321978092193604 1.09879469871521 0.6334717273712158
 906304 0.9671103954315186 1.0650765895843506 0.6300618648529053
 908209 0.9357812404632568 1.0669231414794922 0.6320326328277588
 910116 1.014836072921753 1.1051874160766602 0.6330301761627197
 912025 0.9382784366607666 1.0721840858459473 0.6341853141784668
 913936 0.9735934734344482 1.0708715915679932 0.6357297897338867
 915849 0.9427030086517334 1.1137547492980957 0.6362564563751221
 917764 0.9794344902038574 1.07881760597229 0.6397082805633545
 919681 0.9476454257965088 1.08078932762146 0.6391246318817139
 921600 1.0269362926483154 1.120269775390625 0.640225887298584
 923521 0.9512948989868164 1.0869903564453125 0.6415491104125977
 925444 0.9876008033752441 1.0882794857025146 0.644493818283081
 927369 0.9556272029876709 1.1300573348999023 0.6450250148773193
 929296 0.992020845413208 1.0869853496551514 0.645702600479126
 931225 0.9598569869995117 1.0932178497314453 0.6469805240631104
 933156 1.040052890777588 1.1350188255310059 0.6485209465026855
 935089 0.9645061492919922 1.1007423400878906 0.6500170230865479
 937024 1.0006740093231201 1.1002309322357178 0.6523449420928955
 938961 0.9697294235229492 1.1426520347595215 0.6521213054656982
 940900 1.0048274993896484 1.1091938018798828 0.6537282466888428
 942841 0.9714539051055908 1.108454942703247 0.6555628776550293
 944784 1.0534822940826416 1.1510155200958252 0.6568527221679688
 946729 0.974407434463501 1.1115727424621582 0.6574258804321289
 948676 1.0126197338104248 1.1204125881195068 0.658625602722168
 950625 0.980196475982666 1.1591966152191162 0.6609563827514648
 952576 1.017249584197998 1.1222896575927734 0.6619899272918701
 954529 0.9830455780029297 1.1253409385681152 0.6625382900238037
 956484 1.0678977966308594 1.1693034172058105 0.6653435230255127
 958441 0.9864895343780518 1.1299710273742676 0.6659872531890869
 960400 1.023963451385498 1.1311848163604736 0.6686155796051025
 962361 1.0718212127685547 1.1740632057189941 0.6674623489379883
 964324 1.0285913944244385 1.1349103450775146 0.6695096492767334
 966289 1.0337324142456055 1.1425182819366455 0.6710820198059082
 968256 1.0778350830078125 1.1818335056304932 0.6721272468566895
 970225 0.997478723526001 1.1459910869598389 0.6747560501098633
 972196 1.0375447273254395 1.1485638618469238 0.6752378940582275
 974169 1.0049364566802979 1.1880676746368408 0.6765594482421875
 976144 1.0422742366790771 1.1504032611846924 0.6785750389099121
 978121 1.0077567100524902 1.1559207439422607 0.6795625686645508
 980100 1.091963529586792 1.1952412128448486 0.6819581985473633
 982081 1.0117146968841553 1.159428596496582 0.6823229789733887
 984064 1.051403284072876 1.1659572124481201 0.6836578845977783
 986049 1.016469955444336 1.2052199840545654 0.684476375579834
 988036 1.0552918910980225 1.1668872833251953 0.6867883205413818
 990025 1.018519401550293 1.1700315475463867 0.6875898838043213
 992016 1.1069540977478027 1.2074134349822998 0.6927618980407715
 994009 1.0239052772521973 1.1755845546722412 0.6915135383605957
 996004 1.063509464263916 1.1769766807556152 0.6916208267211914
 998001 1.0298116207122803 1.2213993072509766 0.6934196949005127