
 9 2.0742416381835938e-05 2.2172927856445312e-05 1.1205673217773438e-05
 16 1.6927719116210938e-05 1.239776611328125e-05 1.430511474609375e-05
 25 2.384185791015625e-05 2.0742416381835938e-05 2.0503997802734375e-05
 36 3.075599670410156e-05 2.384185791015625e-05 2.7418136596679688e-05
 49 4.2438507080078125e-05 3.457069396972656e-05 3.5762786865234375e-05
 64 5.245208740234375e-05 3.9577484130859375e-05 4.5299530029296875e-05
 81 6.389617919921875e-05 4.458427429199219e-05 5.5789947509765625e-05
 100 7.939338684082031e-05 5.1021575927734375e-05 6.67572021484375e-05
 121 9.274482727050781e-05 6.651878356933594e-05 8.058547973632812e-05
 144 0.00011038780212402344 7.462501525878906e-05 9.465217590332031e-05
 169 0.0001285076141357422 9.274482727050781e-05 0.00010967254638671875
 196 0.00014734268188476562 0.00010371208190917969 0.0001251697540283203
 225 0.00017023086547851562 0.00011444091796875 0.00014209747314453125
 256 0.00019168853759765625 0.00012683868408203125 0.00016045570373535156
 289 0.0002186298370361328 0.00015401840209960938 0.0001881122589111328
 324 0.00024700164794921875 0.00017070770263671875 0.00021004676818847656
 361 0.000278472900390625 0.00020194053649902344 0.00023627281188964844
 400 0.0003082752227783203 0.0002219676971435547 0.000263214111328125
 441 0.00034332275390625 0.00024390220642089844 0.0002930164337158203
 484 0.0003771781921386719 0.00026679039001464844 0.0003237724304199219
 529 0.00041365623474121094 0.0003039836883544922 0.0003542900085449219
 576 0.0004520416259765625 0.0003304481506347656 0.0003864765167236328
 625 0.0005044937133789062 0.00035452842712402344 0.00043582916259765625
 676 0.0005321502685546875 0.0003845691680908203 0.0004570484161376953
 729 0.0005741119384765625 0.00042819976806640625 0.0004963874816894531
 784 0.0006201267242431641 0.0004413127899169922 0.0005309581756591797
 841 0.0006678104400634766 0.0004904270172119141 0.0005726814270019531
 900 0.0007169246673583984 0.0005257129669189453 0.0006120204925537109
 961 0.0007686614990234375 0.0005829334259033203 0.0006568431854248047
 1024 0.0008194446563720703 0.0006182193756103516 0.0007009506225585938
 1089 0.0008990764617919922 0.0006582736968994141 0.0007457733154296875
 1156 0.0009250640869140625 0.0006954669952392578 0.0007894039154052734
 1225 0.0009810924530029297 0.0007355213165283203 0.0008399486541748047
 1296 0.0010364055633544922 0.0007805824279785156 0.0008890628814697266
 1369 0.0010962486267089844 0.0008466243743896484 0.0009381771087646484
 1444 0.0011568069458007812 0.0008921623229980469 0.0009887218475341797
 1521 0.0012180805206298828 0.0009388923645019531 0.0010459423065185547
 1600 0.0012869834899902344 0.0009930133819580078 0.0011019706726074219
 1681 0.0013577938079833984 0.0010609626770019531 0.0011599063873291016
 1764 0.0014071464538574219 0.0011279582977294922 0.0012192726135253906
 1849 0.0014979839324951172 0.001201629638671875 0.0012793540954589844
 1936 0.0015544891357421875 0.0012502670288085938 0.0013370513916015625
 2025 0.0016260147094726562 0.0013232231140136719 0.001399993896484375
 2116 0.0017032623291015625 0.0013675689697265625 0.0014643669128417969
 2209 0.0017778873443603516 0.001455545425415039 0.0015265941619873047
 2304 0.0018534660339355469 0.0015211105346679688 0.0016074180603027344
 2401 0.00193023681640625 0.0015797615051269531 0.0016627311706542969
 2500 0.0020127296447753906 0.0016620159149169922 0.001739501953125
 2601 0.0020933151245117188 0.0017058849334716797 0.0018167495727539062
 2704 0.002177715301513672 0.00180816650390625 0.0018744468688964844
 2809 0.002268552780151367 0.0018820762634277344 0.0019478797912597656
 2916 0.0023429393768310547 0.0019512176513671875 0.0020377635955810547
 3025 0.002438068389892578 0.0020210742950439453 0.002118349075317383
 3136 0.0025196075439453125 0.002110004425048828 0.0022025108337402344
 3249 0.0026426315307617188 0.0021791458129882812 0.002256631851196289
 3364 0.0028243064880371094 0.0022649765014648438 0.002335071563720703
 3481 0.0027875900268554688 0.002358675003051758 0.0024318695068359375
 3600 0.002882719039916992 0.002454996109008789 0.0025081634521484375
 3721 0.0030035972595214844 0.0025599002838134766 0.0025866031646728516
 3844 0.003101825714111328 0.0026488304138183594 0.002664804458618164
 3969 0.0031905174255371094 0.0027294158935546875 0.002760171890258789
 4096 0.003307342529296875 0.0028209686279296875 0.0028524398803710938
 4225 0.003415346145629883 0.0029048919677734375 0.002936124801635742
 4356 0.0035185813903808594 0.003000497817993164 0.0030181407928466797
 4489 0.0036094188690185547 0.003125429153442383 0.0031273365020751953
 4624 0.003740549087524414 0.003229379653930664 0.0032029151916503906
 4761 0.003844738006591797 0.0033261775970458984 0.0033059120178222656
 4900 0.003952741622924805 0.0034139156341552734 0.0033903121948242188
 5041 0.004069328308105469 0.0035741329193115234 0.003495931625366211
 5184 0.004188060760498047 0.0036678314208984375 0.003589630126953125
 5329 0.0043108463287353516 0.003796815872192383 0.003698587417602539
 5476 0.004408121109008789 0.003920793533325195 0.003788471221923828
 5625 0.004534482955932617 0.004010915756225586 0.003917217254638672
 5776 0.004651308059692383 0.004144191741943359 0.003993988037109375
 5929 0.00480341911315918 0.004229068756103516 0.004133462905883789
 6084 0.0048980712890625 0.0043523311614990234 0.004213094711303711
 6241 0.005049943923950195 0.0044994354248046875 0.0043218135833740234
 6400 0.005163669586181641 0.00462794303894043 0.004441976547241211
 6561 0.005298137664794922 0.004733562469482422 0.004535675048828125
 6724 0.005422353744506836 0.004858493804931641 0.0046539306640625
 6889 0.005570650100708008 0.005036354064941406 0.004778385162353516
 7056 0.005677938461303711 0.005154609680175781 0.0048847198486328125
 7225 0.005825996398925781 0.005288362503051758 0.00500941276550293
 7396 0.005964756011962891 0.005415678024291992 0.005120992660522461
 7569 0.006120204925537109 0.005510807037353516 0.005244731903076172
 7744 0.006266593933105469 0.005646705627441406 0.005383014678955078
 7921 0.0064008235931396484 0.005846738815307617 0.005471467971801758
 8100 0.006579875946044922 0.005977630615234375 0.005595207214355469
 8281 0.00668787956237793 0.0061147212982177734 0.005733013153076172
 8464 0.006842613220214844 0.006239175796508789 0.005855083465576172
 8649 0.00698399543762207 0.006368875503540039 0.005980968475341797
 8836 0.007155418395996094 0.006511688232421875 0.006106376647949219
 9025 0.007331132888793945 0.006657600402832031 0.00622248649597168
 9216 0.007476329803466797 0.006799936294555664 0.006381034851074219
 9409 0.007631778717041016 0.007006645202636719 0.0065155029296875
 9604 0.007806539535522461 0.007158517837524414 0.00663304328918457
 9801 0.007925271987915039 0.0072858333587646484 0.006762027740478516
 10000 0.008080005645751953 0.0074346065521240234 0.006907224655151367
 10201 0.00824594497680664 0.007635593414306641 0.0070552825927734375
 10404 0.008431673049926758 0.007811546325683594 0.007199287414550781
 10609 0.008519887924194336 0.007996797561645508 0.007340192794799805
 10816 0.008741378784179688 0.008163213729858398 0.007466554641723633
 11025 0.008915901184082031 0.008327484130859375 0.0076084136962890625
 11236 0.009074687957763672 0.008491992950439453 0.007760524749755859
 11449 0.009280920028686523 0.008713006973266602 0.007900238037109375
 11664 0.009429216384887695 0.008866071701049805 0.008054733276367188
 11881 0.009640216827392578 0.009140491485595703 0.008191347122192383
 12100 0.009767532348632812 0.009265422821044922 0.008337020874023438
 12321 0.010007619857788086 0.009432315826416016 0.008483409881591797
 12544 0.010173320770263672 0.00961923599243164 0.008666515350341797
 12769 0.010347366333007812 0.009836435317993164 0.008814573287963867
 12996 0.010475635528564453 0.010026693344116211 0.008944272994995117
 13225 0.010628223419189453 0.010205984115600586 0.009103059768676758
 13456 0.010888338088989258 0.010369300842285156 0.009280204772949219
 13689 0.011082172393798828 0.010563850402832031 0.009435176849365234
 13924 0.011254310607910156 0.010741472244262695 0.009600639343261719
 14161 0.011461496353149414 0.010942697525024414 0.009752273559570312
 14400 0.011684179306030273 0.011121749877929688 0.009920835494995117
 14641 0.011888265609741211 0.011365413665771484 0.010083913803100586
 14884 0.01211237907409668 0.011478185653686523 0.010271549224853516
 15129 0.012276887893676758 0.011810779571533203 0.010417938232421875
 15376 0.012441158294677734 0.01186513900756836 0.010569334030151367
 15625 0.012603998184204102 0.012062788009643555 0.01074838638305664
 15876 0.012826919555664062 0.012279510498046875 0.010917186737060547
 16129 0.01304483413696289 0.01253509521484375 0.011117935180664062
 16384 0.01324772834777832 0.012738227844238281 0.011276483535766602
 16641 0.01347208023071289 0.012933015823364258 0.011440753936767578
 16900 0.013645172119140625 0.013127565383911133 0.011610031127929688
 17161 0.013891935348510742 0.013394832611083984 0.011800050735473633
 17424 0.01406717300415039 0.013631582260131836 0.012016057968139648
 17689 0.014220952987670898 0.013820648193359375 0.012173891067504883
 17956 0.014530420303344727 0.014058828353881836 0.012323141098022461
 18225 0.014716625213623047 0.014256000518798828 0.012526512145996094
 18496 0.014949321746826172 0.014458417892456055 0.012713909149169922
 18769 0.015226125717163086 0.014743566513061523 0.012893438339233398
 19044 0.015374183654785156 0.014968156814575195 0.013096094131469727
 19321 0.01565265655517578 0.015255451202392578 0.013277530670166016
 19600 0.015868186950683594 0.015625476837158203 0.013447046279907227
 19881 0.016115903854370117 0.015766382217407227 0.01364278793334961
 20164 0.01629805564880371 0.015964984893798828 0.013845682144165039
 20449 0.01651167869567871 0.016170024871826172 0.014034032821655273
 20736 0.016692638397216797 0.016391754150390625 0.014201164245605469
 21025 0.01697230339050293 0.016632795333862305 0.014412879943847656
 21316 0.01727437973022461 0.016878843307495117 0.014616012573242188
 21609 0.01754021644592285 0.017093181610107422 0.01487278938293457
 21904 0.017688274383544922 0.017313003540039062 0.015030145645141602
 22201 0.017958402633666992 0.01761150360107422 0.015227556228637695
 22500 0.018963098526000977 0.01789689064025879 0.015406131744384766
 22801 0.018479108810424805 0.0184171199798584 0.015645503997802734
 23104 0.01878213882446289 0.01845383644104004 0.015865325927734375
 23409 0.018967628479003906 0.018723249435424805 0.016041040420532227
 23716 0.01918768882751465 0.018921375274658203 0.016270875930786133
 24025 0.01952838897705078 0.01916980743408203 0.016469240188598633
 24336 0.01970982551574707 0.0194549560546875 0.016684532165527344
 24649 0.019922256469726562 0.019778013229370117 0.016895771026611328
 24964 0.020206451416015625 0.020052671432495117 0.017117738723754883
 25281 0.02043890953063965 0.02029561996459961 0.017339229583740234
 25600 0.020758390426635742 0.020585060119628906 0.017530441284179688
 25921 0.020959854125976562 0.020807743072509766 0.017755508422851562
 26244 0.021231889724731445 0.021051883697509766 0.017969369888305664
 26569 0.021526098251342773 0.021401166915893555 0.018207550048828125
 26896 0.021746158599853516 0.021694183349609375 0.018409013748168945
 27225 0.022109270095825195 0.02197718620300293 0.01862502098083496
 27556 0.022347450256347656 0.02239680290222168 0.01889491081237793
 27889 0.02255082130432129 0.022621870040893555 0.019086122512817383
 28224 0.02285313606262207 0.022855758666992188 0.01936507225036621
 28561 0.023065567016601562 0.023172378540039062 0.01952815055847168
 28900 0.02339959144592285 0.023421287536621094 0.019756793975830078
 29241 0.023619890213012695 0.023689746856689453 0.01998138427734375
 29584 0.02391839027404785 0.024004220962524414 0.020267248153686523
 29929 0.024175643920898438 0.02451777458190918 0.02049875259399414
 30276 0.02459096908569336 0.024860858917236328 0.02069568634033203
 30625 0.02473616600036621 0.024926185607910156 0.020916223526000977
 30976 0.025059938430786133 0.02521204948425293 0.021157026290893555
 31329 0.02540278434753418 0.025460243225097656 0.02144026756286621
 31684 0.025622129440307617 0.025804758071899414 0.021633148193359375
 32041 0.025920391082763672 0.026195049285888672 0.021889925003051758
 32400 0.02614569664001465 0.026478290557861328 0.02211141586303711
 32761 0.026619672775268555 0.02684783935546875 0.02237224578857422
 33124 0.026918411254882812 0.027189254760742188 0.022665977478027344
 33489 0.027257442474365234 0.027773141860961914 0.022925853729248047
 33856 0.027595043182373047 0.027835607528686523 0.023149490356445312
 34225 0.028020381927490234 0.028148889541625977 0.023411273956298828
 34596 0.02840590476989746 0.02859330177307129 0.023683547973632812
 34969 0.028929471969604492 0.028836488723754883 0.023967981338500977
 35344 0.029192447662353516 0.0294036865234375 0.024239063262939453
 35721 0.02956867218017578 0.029483795166015625 0.0244753360748291
 36100 0.03137969970703125 0.029796600341796875 0.024782419204711914
 36481 0.03047347068786621 0.030235767364501953 0.024988651275634766
 36864 0.030904769897460938 0.030562400817871094 0.02530503273010254
 37249 0.03130054473876953 0.031020164489746094 0.02557992935180664
 37636 0.031740665435791016 0.031349897384643555 0.025858640670776367
 38025 0.032067060470581055 0.03201603889465332 0.026118993759155273
 38416 0.032395362854003906 0.03204631805419922 0.026396512985229492
 38809 0.032933712005615234 0.03250765800476074 0.02668285369873047
 39204 0.0333704948425293 0.032883644104003906 0.026968955993652344
 39601 0.03365302085876465 0.033324241638183594 0.027216196060180664
 40000 0.034063100814819336 0.033663272857666016 0.027509689331054688
 40401 0.03455805778503418 0.03399658203125 0.027803897857666016
 40804 0.03502798080444336 0.0343630313873291 0.028103351593017578
 41209 0.035388946533203125 0.03470134735107422 0.02838277816772461
 41616 0.03592371940612793 0.03509640693664551 0.0286712646484375
 42025 0.03620314598083496 0.0354459285736084 0.028951644897460938
 42436 0.03667402267456055 0.03582954406738281 0.029248952865600586
 42849 0.03703641891479492 0.03618812561035156 0.029568910598754883
 43264 0.037485599517822266 0.03654313087463379 0.029833555221557617
 43681 0.03805208206176758 0.0369415283203125 0.03010272979736328
 44100 0.03857851028442383 0.03728437423706055 0.030382871627807617
 44521 0.03885984420776367 0.0377805233001709 0.03070545196533203
 44944 0.039473533630371094 0.03814268112182617 0.031065702438354492
 45369 0.0397953987121582 0.038512229919433594 0.03132915496826172
 45796 0.0403594970703125 0.038938045501708984 0.031616926193237305
 46225 0.04060220718383789 0.039284706115722656 0.0319063663482666
 46656 0.0410161018371582 0.03966712951660156 0.03229570388793945
 47089 0.04169797897338867 0.04005622863769531 0.032514333724975586
 47524 0.0421142578125 0.04047679901123047 0.03281283378601074
 47961 0.042563438415527344 0.04082083702087402 0.03311467170715332
 48400 0.04282021522521973 0.041229963302612305 0.03344154357910156
 48841 0.04356837272644043 0.04192638397216797 0.03383588790893555
 49284 0.04398488998413086 0.042061567306518555 0.03410625457763672
 49729 0.04436230659484863 0.04257321357727051 0.03441452980041504
 50176 0.04493093490600586 0.04293036460876465 0.03466391563415527
 50625 0.045447587966918945 0.04329371452331543 0.03500938415527344
 51076 0.045960187911987305 0.043715476989746094 0.03543210029602051
 51529 0.046384572982788086 0.04425454139709473 0.03566789627075195
 51984 0.046712398529052734 0.0446467399597168 0.035989999771118164
 52441 0.047299861907958984 0.04519534111022949 0.03630995750427246
 52900 0.04776167869567871 0.04567670822143555 0.03662562370300293
 53361 0.04818272590637207 0.046019792556762695 0.03694748878479004
 53824 0.04893064498901367 0.04645586013793945 0.03729438781738281
 54289 0.04940986633300781 0.0469660758972168 0.03763914108276367
 54756 0.0495297908782959 0.04784727096557617 0.0378873348236084
 55225 0.050205230712890625 0.047818660736083984 0.03825569152832031
 55696 0.05057716369628906 0.04876065254211426 0.038667917251586914
 56169 0.05136537551879883 0.048681020736694336 0.038930654525756836
 56644 0.05163145065307617 0.04972386360168457 0.03929734230041504
 57121 0.054288387298583984 0.049680233001708984 0.0395967960357666
 57600 0.05283164978027344 0.050104618072509766 0.03995561599731445
 58081 0.05339670181274414 0.050713539123535156 0.04031229019165039
 58564 0.0536043643951416 0.05110335350036621 0.04061007499694824
 59049 0.054296016693115234 0.05156397819519043 0.04097342491149902
 59536 0.05461859703063965 0.05198025703430176 0.04132199287414551
 60025 0.055297136306762695 0.052449941635131836 0.041730642318725586
 60516 0.05573105812072754 0.05338430404663086 0.04206347465515137
 61009 0.05634474754333496 0.05333256721496582 0.04242420196533203
 61504 0.05667448043823242 0.05382490158081055 0.04267382621765137
 62001 0.05730271339416504 0.05427217483520508 0.04304671287536621
 62500 0.0579683780670166 0.05523347854614258 0.04337763786315918
 63001 0.05842328071594238 0.05532073974609375 0.04385638236999512
 63504 0.05905604362487793 0.055776119232177734 0.044196367263793945
 64009 0.059377431869506836 0.056177616119384766 0.04452061653137207
 64516 0.05997610092163086 0.056664228439331055 0.04481816291809082
 65025 0.06063365936279297 0.05719566345214844 0.0451662540435791
 65536 0.061490774154663086 0.05805230140686035 0.04570150375366211
 66049 0.06148099899291992 0.05820822715759277 0.04598736763000488
 66564 0.06224870681762695 0.05871748924255371 0.0462183952331543
 67081 0.06257295608520508 0.05967235565185547 0.046590566635131836
 67600 0.0630655288696289 0.05969429016113281 0.046990394592285156
 68121 0.06368041038513184 0.06021761894226074 0.04739713668823242
 68644 0.06404733657836914 0.061127424240112305 0.04775261878967285
 69169 0.06496167182922363 0.06205034255981445 0.04816889762878418
 69696 0.06543564796447754 0.06228780746459961 0.0484166145324707
 70225 0.06571388244628906 0.06279563903808594 0.04880166053771973
 70756 0.06650924682617188 0.06269431114196777 0.04919934272766113
 71289 0.06704282760620117 0.06313753128051758 0.049596548080444336
 71824 0.06758856773376465 0.0643312931060791 0.04998350143432617
 72361 0.06809425354003906 0.06428956985473633 0.050330400466918945
 72900 0.06876945495605469 0.06485939025878906 0.05071067810058594
 73441 0.06948423385620117 0.06606721878051758 0.05109858512878418
 73984 0.06979489326477051 0.06597685813903809 0.0514836311340332
 74529 0.07063460350036621 0.06653165817260742 0.05186152458190918
 75076 0.07072782516479492 0.06770563125610352 0.05229520797729492
 75625 0.07152843475341797 0.06810617446899414 0.052669525146484375
 76176 0.07200288772583008 0.06864476203918457 0.05315899848937988
 76729 0.07298564910888672 0.06876969337463379 0.05343055725097656
 77284 0.07340312004089355 0.06916403770446777 0.0538027286529541
 77841 0.07392334938049316 0.06970739364624023 0.054189205169677734
 78400 0.07735610008239746 0.07022428512573242 0.05456352233886719
 78961 0.0751492977142334 0.07160472869873047 0.05509591102600098
 79524 0.07606005668640137 0.07211470603942871 0.0554957389831543
 80089 0.07637238502502441 0.07263040542602539 0.0557863712310791
 80656 0.07693672180175781 0.07306957244873047 0.056146860122680664
 81225 0.07773542404174805 0.07351136207580566 0.056612253189086914
 81796 0.07765460014343262 0.07420897483825684 0.05705451965332031
 82369 0.07846331596374512 0.07495951652526855 0.05737924575805664
 82944 0.07910394668579102 0.07560563087463379 0.05773043632507324
 83521 0.07971596717834473 0.07603740692138672 0.05814719200134277
 84100 0.08070206642150879 0.07668399810791016 0.058579444885253906
 84681 0.08120512962341309 0.07661819458007812 0.05900382995605469
 85264 0.08169746398925781 0.07705068588256836 0.05946922302246094
 85849 0.08237767219543457 0.07782649993896484 0.05980944633483887
 86436 0.08318710327148438 0.07864165306091309 0.06023836135864258
 87025 0.08340334892272949 0.07958292961120605 0.06071066856384277
 87616 0.08418941497802734 0.07938885688781738 0.061127424240112305
 88209 0.08466124534606934 0.0801687240600586 0.061531782150268555
 88804 0.08543729782104492 0.08107399940490723 0.061948537826538086
 89401 0.08602166175842285 0.08109474182128906 0.062300920486450195
 90000 0.08671188354492188 0.08183145523071289 0.0627138614654541
 90601 0.08680963516235352 0.08298850059509277 0.0632181167602539
 91204 0.08758115768432617 0.08278679847717285 0.06358218193054199
 91809 0.08841061592102051 0.08355236053466797 0.0639503002166748
 92416 0.08911299705505371 0.08404254913330078 0.06442880630493164
 93025 0.08966493606567383 0.08455872535705566 0.06486368179321289
 93636 0.09018301963806152 0.08519625663757324 0.06548023223876953
 94249 0.09129738807678223 0.08593320846557617 0.06570935249328613
 94864 0.09152412414550781 0.08657979965209961 0.06615734100341797
 95481 0.09195876121520996 0.08805203437805176 0.06660723686218262
 96100 0.09275674819946289 0.08841109275817871 0.06700611114501953
 96721 0.09356164932250977 0.0893104076385498 0.0677495002746582
 97344 0.09417963027954102 0.08897757530212402 0.06814765930175781
 97969 0.09484052658081055 0.08981490135192871 0.06836199760437012
 98596 0.09507083892822266 0.09019613265991211 0.06878209114074707
 99225 0.09618926048278809 0.09117412567138672 0.06919455528259277
 99856 0.09639835357666016 0.09195756912231445 0.06992769241333008
 100489 0.09709548950195312 0.0934453010559082 0.07009482383728027
 101124 0.0979149341583252 0.09411072731018066 0.07045269012451172
 101761 0.09918785095214844 0.09369945526123047 0.07108497619628906
 102400 0.0993647575378418 0.09444212913513184 0.07149887084960938
 103041 0.10003232955932617 0.09508275985717773 0.07191014289855957
 103684 0.10043072700500488 0.09651613235473633 0.07239961624145508
 104329 0.10172796249389648 0.09633874893188477 0.07287478446960449
 104976 0.10230278968811035 0.09690260887145996 0.07321977615356445
 105625 0.1026461124420166 0.09765148162841797 0.07366418838500977
 106276 0.10346555709838867 0.09848952293395996 0.0744786262512207
 106929 0.10357022285461426 0.09972810745239258 0.07461333274841309
 107584 0.10486483573913574 0.1005549430847168 0.07509684562683105
 108241 0.10570406913757324 0.10013842582702637 0.07549548149108887
 108900 0.1061098575592041 0.10100579261779785 0.07598567008972168
 109561 0.10717511177062988 0.10221314430236816 0.07645869255065918
 110224 0.10739898681640625 0.10260486602783203 0.07699823379516602
 110889 0.10787248611450195 0.10422539710998535 0.07747554779052734
 111556 0.10882949829101562 0.10387992858886719 0.07775735855102539
 112225 0.11336827278137207 0.10435700416564941 0.07840514183044434
 112896 0.11070394515991211 0.10521268844604492 0.07916545867919922
 113569 0.11080336570739746 0.10694217681884766 0.07925558090209961
 114244 0.11226344108581543 0.10771512985229492 0.07966113090515137
 114921 0.11246609687805176 0.10865235328674316 0.08025646209716797
 115600 0.1131291389465332 0.10943746566772461 0.08072996139526367
 116281 0.11371445655822754 0.10877084732055664 0.08132600784301758
 116964 0.1150057315826416 0.10976481437683105 0.08170032501220703
 117649 0.11535024642944336 0.11128735542297363 0.08207058906555176
 118336 0.11591339111328125 0.11212897300720215 0.08262276649475098
 119025 0.11684370040893555 0.1114661693572998 0.08311080932617188
 119716 0.11752676963806152 0.1128849983215332 0.0839087963104248
 120409 0.1178746223449707 0.11346578598022461 0.08404898643493652
 121104 0.1187596321105957 0.11507129669189453 0.08443737030029297
 121801 0.11954116821289062 0.11494898796081543 0.08515191078186035
 122500 0.12009692192077637 0.11660218238830566 0.08556675910949707
 123201 0.12070465087890625 0.11749911308288574 0.0859823226928711
 123904 0.12133431434631348 0.11723184585571289 0.08659148216247559
 124609 0.12197017669677734 0.11812591552734375 0.08703780174255371
 125316 0.12261366844177246 0.11892342567443848 0.08752012252807617
 126025 0.12328910827636719 0.12075996398925781 0.08810687065124512
 126736 0.1246645450592041 0.12042975425720215 0.08886909484863281
 127449 0.1250019073486328 0.12079954147338867 0.08911299705505371
 128164 0.12598013877868652 0.12171220779418945 0.0895688533782959
 128881 0.12662553787231445 0.12279534339904785 0.09007000923156738
 129600 0.1275315284729004 0.12379050254821777 0.09056663513183594
 130321 0.12837719917297363 0.12491250038146973 0.09113860130310059
 131044 0.12898874282836914 0.1251535415649414 0.09207010269165039
 131769 0.12925052642822266 0.1269831657409668 0.09208846092224121
 132496 0.13078904151916504 0.12657856941223145 0.09267687797546387
 133225 0.13161945343017578 0.12711834907531738 0.09310793876647949
 133956 0.13237977027893066 0.1278703212738037 0.09373903274536133
 134689 0.1323411464691162 0.13036894798278809 0.09456992149353027
 135424 0.1328575611114502 0.13129091262817383 0.09469032287597656
 136161 0.13372325897216797 0.13014721870422363 0.09519577026367188
 136900 0.13500332832336426 0.13122296333312988 0.09556770324707031
 137641 0.1357100009918213 0.13304901123046875 0.09656596183776855
 138384 0.1367027759552002 0.13422703742980957 0.09708070755004883
 139129 0.13761305809020996 0.13379645347595215 0.09732389450073242
 139876 0.13801217079162598 0.13458490371704102 0.09778141975402832
 140625 0.13866233825683594 0.1367809772491455 0.09828472137451172
 141376 0.13981294631958008 0.13638997077941895 0.09926342964172363
 142129 0.14019513130187988 0.1379871368408203 0.09981489181518555
 142884 0.14103436470031738 0.13746905326843262 0.0999453067779541
 143641 0.14120173454284668 0.14009618759155273 0.10038971900939941
 144400 0.1428821086883545 0.1394667625427246 0.10088562965393066
 145161 0.1438753604888916 0.14169096946716309 0.10146594047546387
 145924 0.14469599723815918 0.14125776290893555 0.1020348072052002
 146689 0.1450037956237793 0.14345192909240723 0.10255861282348633
 147456 0.14569330215454102 0.14434289932250977 0.10326290130615234
 148225 0.14733624458312988 0.14432120323181152 0.10358691215515137
 148996 0.1476740837097168 0.14449834823608398 0.10465145111083984
 149769 0.14832186698913574 0.14653253555297852 0.10523033142089844
 150544 0.149583101272583 0.14875102043151855 0.10533928871154785
 151321 0.15006184577941895 0.1485118865966797 0.10577630996704102
 152100 0.15080022811889648 0.14841246604919434 0.1063377857208252
 152881 0.15150809288024902 0.14862966537475586 0.10689640045166016
 153664 0.15275287628173828 0.1507565975189209 0.10744166374206543
 154449 0.15316510200500488 0.15213823318481445 0.10799980163574219
 155236 0.154343843460083 0.15209746360778809 0.10855555534362793
 156025 0.15452933311462402 0.15340518951416016 0.10917091369628906
 156816 0.15556979179382324 0.15299773216247559 0.11020183563232422
 157609 0.15605783462524414 0.15543437004089355 0.11030125617980957
 158404 0.15790343284606934 0.15540480613708496 0.11072015762329102
 159201 0.15792155265808105 0.1571180820465088 0.11129260063171387
 160000 0.1594231128692627 0.15759682655334473 0.11183762550354004
 160801 0.1592237949371338 0.1592388153076172 0.11299800872802734
 161604 0.15995550155639648 0.16115331649780273 0.1135551929473877
 162409 0.16120266914367676 0.16118764877319336 0.11357927322387695
 163216 0.16225767135620117 0.16166949272155762 0.1142115592956543
 164025 0.1631908416748047 0.1613478660583496 0.11467981338500977
 164836 0.16350030899047852 0.1628124713897705 0.11571884155273438
 165649 0.16469717025756836 0.16289997100830078 0.1160285472869873
 166464 0.16550660133361816 0.16378045082092285 0.11639237403869629
 167281 0.16616177558898926 0.1652357578277588 0.11697983741760254
 168100 0.1676321029663086 0.1663985252380371 0.11750459671020508
 168921 0.16842865943908691 0.16680121421813965 0.11822795867919922
 169744 0.16921401023864746 0.16869378089904785 0.11874890327453613
 170569 0.17012333869934082 0.16865253448486328 0.11925578117370605
 171396 0.17070341110229492 0.17153000831604004 0.11989808082580566
 172225 0.17947053909301758 0.17151951789855957 0.12059259414672852
 173056 0.17356324195861816 0.1711575984954834 0.12176632881164551
 173889 0.17434406280517578 0.17231225967407227 0.1217339038848877
 174724 0.1748335361480713 0.174560546875 0.12228894233703613
 175561 0.17615580558776855 0.1754894256591797 0.12278556823730469
 176400 0.17703557014465332 0.1757338047027588 0.12344813346862793
 177241 0.17848825454711914 0.17667579650878906 0.12410640716552734
 178084 0.17860722541809082 0.1774904727935791 0.12476038932800293
 178929 0.17974328994750977 0.17820310592651367 0.1253504753112793
 179776 0.18061304092407227 0.17921233177185059 0.12582993507385254
 180625 0.18105053901672363 0.18017029762268066 0.12642669677734375
 181476 0.1827223300933838 0.18091201782226562 0.12711691856384277
 182329 0.1828784942626953 0.18222999572753906 0.12762832641601562
 183184 0.18371820449829102 0.18413710594177246 0.12819123268127441
 184041 0.18469953536987305 0.18548345565795898 0.12874984741210938
 184900 0.18559813499450684 0.18460988998413086 0.12937402725219727
 185761 0.18625092506408691 0.18587756156921387 0.12993860244750977
 186624 0.18808650970458984 0.18691754341125488 0.13057971000671387
 187489 0.18860173225402832 0.188002347946167 0.1312110424041748
 188356 0.18948936462402344 0.18886613845825195 0.131866455078125
 189225 0.19046854972839355 0.1905074119567871 0.1324291229248047
 190096 0.19154047966003418 0.19127678871154785 0.1331162452697754
 190969 0.19198083877563477 0.1918470859527588 0.13371706008911133
 191844 0.19298744201660156 0.1931014060974121 0.1343369483947754
 192721 0.19360971450805664 0.19521355628967285 0.13489460945129395
 193600 0.19472098350524902 0.19512653350830078 0.13553595542907715
 194481 0.19562649726867676 0.1969287395477295 0.13594555854797363
 195364 0.19672894477844238 0.19678163528442383 0.1366891860961914
 196249 0.1974794864654541 0.19841241836547852 0.1372981071472168
 197136 0.19867968559265137 0.20071983337402344 0.1379239559173584
 198025 0.19939684867858887 0.2000441551208496 0.13868093490600586
 198916 0.2002882957458496 0.20097613334655762 0.13916993141174316
 199809 0.20107769966125488 0.20216894149780273 0.13990402221679688
 200704 0.20241975784301758 0.20482873916625977 0.14049434661865234
 201601 0.2029714584350586 0.20639419555664062 0.1411116123199463
 202500 0.2039175033569336 0.20539069175720215 0.14184045791625977
 203401 0.20495867729187012 0.20745277404785156 0.1421217918395996
 204304 0.20644807815551758 0.20828986167907715 0.14302611351013184
 205209 0.2069385051727295 0.2095780372619629 0.1435561180114746
 206116 0.2074904441833496 0.211334228515625 0.14402461051940918
 207025 0.20861172676086426 0.21176624298095703 0.1450512409210205
 207936 0.20917797088623047 0.21324610710144043 0.14566612243652344
 208849 0.21040034294128418 0.21299290657043457 0.14621949195861816
 209764 0.21149897575378418 0.21365571022033691 0.14695167541503906
 210681 0.21223688125610352 0.21619033813476562 0.1474466323852539
 211600 0.21365976333618164 0.21535110473632812 0.14801740646362305
 212521 0.21470904350280762 0.2167377471923828 0.1487572193145752
 213444 0.215653657913208 0.2193765640258789 0.14945697784423828
 214369 0.21616005897521973 0.21930432319641113 0.15011024475097656
 215296 0.21699213981628418 0.22131800651550293 0.15060663223266602
 216225 0.21831941604614258 0.22109723091125488 0.1512739658355713
 217156 0.21888113021850586 0.22371602058410645 0.15270352363586426
 218089 0.2203969955444336 0.22338652610778809 0.1533825397491455
 219024 0.22117376327514648 0.22672390937805176 0.15328025817871094
 219961 0.22226595878601074 0.22576570510864258 0.1537158489227295
 220900 0.22303056716918945 0.22639942169189453 0.1547081470489502
 221841 0.2245960235595703 0.22773528099060059 0.15590977668762207
 222784 0.2253878116607666 0.22980022430419922 0.15675735473632812
 223729 0.22632074356079102 0.23014426231384277 0.15663790702819824
 224676 0.2266829013824463 0.23058080673217773 0.1572275161743164
 225625 0.22794866561889648 0.23164033889770508 0.1579892635345459
 226576 0.22913289070129395 0.23308610916137695 0.15934133529663086
 227529 0.22996926307678223 0.23608899116516113 0.16014552116394043
 228484 0.23057818412780762 0.2352888584136963 0.15978527069091797
 229441 0.2322993278503418 0.2363417148590088 0.16056013107299805
 230400 0.23275399208068848 0.23729181289672852 0.16138768196105957
 231361 0.23395133018493652 0.2384040355682373 0.16274476051330566
 232324 0.23535490036010742 0.23955726623535156 0.1632976531982422
 233289 0.23622655868530273 0.24198460578918457 0.16311979293823242
 234256 0.23716306686401367 0.2443382740020752 0.16399455070495605
 235225 0.23813962936401367 0.242262601852417 0.16433501243591309
 236196 0.2392902374267578 0.24483275413513184 0.16589689254760742
 237169 0.2397470474243164 0.24733591079711914 0.16689491271972656
 238144 0.24140715599060059 0.24608111381530762 0.16662216186523438
 239121 0.24248552322387695 0.24916958808898926 0.16746830940246582
 240100 0.24309206008911133 0.2485818862915039 0.16794729232788086
 241081 0.2441112995147705 0.2518458366394043 0.16941499710083008
 242064 0.24501490592956543 0.25107312202453613 0.17026805877685547
 243049 0.24632930755615234 0.25173044204711914 0.16986870765686035
 244036 0.24728822708129883 0.2547569274902344 0.17072701454162598
 245025 0.24890375137329102 0.2543368339538574 0.1713545322418213
 246016 0.2495114803314209 0.25609683990478516 0.17212367057800293
 247009 0.25014567375183105 0.2589888572692871 0.1728217601776123
 248004 0.2514944076538086 0.25911903381347656 0.1735081672668457
 249001 0.2526247501373291 0.2595052719116211 0.1742241382598877
 250000 0.25331926345825195 0.2602519989013672 0.17494463920593262
 251001 0.2544262409210205 0.261000394821167 0.17652463912963867
 252004 0.2556495666503906 0.2622392177581787 0.17732930183410645
 253009 0.2564051151275635 0.26341867446899414 0.17714643478393555
 254016 0.2660062313079834 0.2646958827972412 0.17772173881530762
 255025 0.2585875988006592 0.26633715629577637 0.17827677726745605
 256036 0.25969910621643066 0.26845502853393555 0.1800694465637207
 257049 0.26077818870544434 0.27027130126953125 0.1808481216430664
 258064 0.2612743377685547 0.2717316150665283 0.18047642707824707
 259081 0.26282310485839844 0.2711753845214844 0.18129348754882812
 260100 0.26419711112976074 0.27370381355285645 0.18195533752441406
 261121 0.2651329040527344 0.2754933834075928 0.18355345726013184
 262144 0.2653956413269043 0.2742428779602051 0.18348407745361328
 263169 0.26682543754577637 0.2776966094970703 0.18419265747070312
 264196 0.2680811882019043 0.2771749496459961 0.1849079132080078
 265225 0.2785606384277344 0.2804434299468994 0.1855180263519287
 266256 0.27017927169799805 0.27947092056274414 0.18633055686950684
 267289 0.2713782787322998 0.27981090545654297 0.18704819679260254
 268324 0.27214694023132324 0.2830932140350342 0.18765497207641602
 269361 0.27298784255981445 0.28269100189208984 0.18851995468139648
 270400 0.27390074729919434 0.2832987308502197 0.18900656700134277
 271441 0.2759060859680176 0.2850630283355713 0.18980956077575684
 272484 0.2765810489654541 0.2881288528442383 0.19068098068237305
 273529 0.2779834270477295 0.28887200355529785 0.19147777557373047
 274576 0.2789616584777832 0.290147066116333 0.19207119941711426
 275625 0.2798025608062744 0.29140377044677734 0.19292783737182617
 276676 0.2811436653137207 0.29256510734558105 0.19359374046325684
 277729 0.2825767993927002 0.29344677925109863 0.19439697265625
 278784 0.28318047523498535 0.2951698303222656 0.19510436058044434
 279841 0.28471946716308594 0.296872615814209 0.19591140747070312
 280900 0.2849881649017334 0.29805994033813477 0.19659733772277832
 281961 0.2868058681488037 0.2974843978881836 0.19736266136169434
 283024 0.28817105293273926 0.29880738258361816 0.19806194305419922
 284089 0.28876280784606934 0.3017420768737793 0.19817137718200684
 285156 0.28972792625427246 0.3028709888458252 0.19961023330688477
 286225 0.291064977645874 0.30272507667541504 0.20027947425842285
 287296 0.29179835319519043 0.3052082061767578 0.20095014572143555
 288369 0.29317140579223633 0.30486488342285156 0.20190644264221191
 289444 0.29421138763427734 0.3077116012573242 0.20261645317077637
 290521 0.29482269287109375 0.30931591987609863 0.20287752151489258
 291600 0.29671788215637207 0.30744385719299316 0.2039031982421875
 292681 0.2978496551513672 0.3122866153717041 0.2048184871673584
 293764 0.2990379333496094 0.3116583824157715 0.20526623725891113
 294849 0.2993793487548828 0.3112523555755615 0.20643043518066406
 295936 0.3017570972442627 0.31578636169433594 0.2071537971496582
 297025 0.3025827407836914 0.3174002170562744 0.2079143524169922
 298116 0.3047661781311035 0.3159959316253662 0.2097005844116211
 299209 0.3056032657623291 0.3166329860687256 0.21042895317077637
 300304 0.3066272735595703 0.3209390640258789 0.21014952659606934
 301401 0.30767226219177246 0.3220546245574951 0.21084856986999512
 302500 0.30926060676574707 0.3209266662597656 0.2117176055908203
 303601 0.3096144199371338 0.324143648147583 0.21361255645751953
 304704 0.31119370460510254 0.322951078414917 0.21429181098937988
 305809 0.3124427795410156 0.3254382610321045 0.21393895149230957
 306916 0.3134117126464844 0.3280644416809082 0.21478748321533203
 308025 0.3146939277648926 0.3290431499481201 0.2156229019165039
 309136 0.3157999515533447 0.3289780616760254 0.21729731559753418
 310249 0.3183298110961914 0.33271050453186035 0.2182140350341797
 311364 0.31848978996276855 0.33150482177734375 0.2178654670715332
 312481 0.3197636604309082 0.3351457118988037 0.21862268447875977
 313600 0.319868803024292 0.33422136306762695 0.2194657325744629
 314721 0.3207077980041504 0.33751559257507324 0.22028732299804688
 315844 0.32245731353759766 0.33683204650878906 0.22094964981079102
 316969 0.3237884044647217 0.33725571632385254 0.22175288200378418
 318096 0.32459235191345215 0.3416900634765625 0.2226407527923584
 319225 0.3255758285522461 0.3431665897369385 0.2234513759613037
 320356 0.32775211334228516 0.3431267738342285 0.22419261932373047
 321489 0.32885289192199707 0.34406518936157227 0.22499918937683105
 322624 0.32980895042419434 0.3446953296661377 0.22580814361572266
 323761 0.33107972145080566 0.3461592197418213 0.22642779350280762
 324900 0.3443479537963867 0.3476274013519287 0.22733426094055176
 326041 0.33277225494384766 0.3497800827026367 0.22806882858276367
 327184 0.3347351551055908 0.3518352508544922 0.2289433479309082
 328329 0.3357398509979248 0.3543832302093506 0.22981500625610352
 329476 0.3369104862213135 0.35236382484436035 0.23060083389282227
 330625 0.33803224563598633 0.35405397415161133 0.23144316673278809
 331776 0.3390960693359375 0.3561253547668457 0.23339486122131348
 332929 0.3405327796936035 0.3593447208404541 0.2341148853302002
 334084 0.34161806106567383 0.35692763328552246 0.2336750030517578
 335241 0.3426954746246338 0.3619875907897949 0.23460149765014648
 336400 0.3444554805755615 0.36043357849121094 0.23545432090759277
 337561 0.345653772354126 0.3650360107421875 0.23737144470214844
 338724 0.3459923267364502 0.36426591873168945 0.2381424903869629
 339889 0.3470926284790039 0.3670675754547119 0.23766040802001953
 341056 0.34967875480651855 0.36940455436706543 0.2386183738708496
 342225 0.3517036437988281 0.368727445602417 0.23934268951416016
 343396 0.3512692451477051 0.3680453300476074 0.24146747589111328
 344569 0.3519618511199951 0.36968207359313965 0.2420647144317627
 345744 0.353682279586792 0.3751406669616699 0.2418804168701172
 346921 0.3544809818267822 0.37282776832580566 0.24265360832214355
 348100 0.3562161922454834 0.37698841094970703 0.2432842254638672
 349281 0.35741615295410156 0.3757450580596924 0.2457563877105713
 350464 0.35830187797546387 0.37665653228759766 0.24646615982055664
 351649 0.35945677757263184 0.3784196376800537 0.2458662986755371
 352836 0.36130619049072266 0.38109517097473145 0.24656271934509277
 354025 0.36251211166381836 0.3842794895172119 0.24748921394348145
 355216 0.36306118965148926 0.3822944164276123 0.24985909461975098
 356409 0.36420726776123047 0.38425421714782715 0.25051379203796387
 357604 0.36666202545166016 0.3884615898132324 0.25023961067199707
 358801 0.3674194812774658 0.39014458656311035 0.2506372928619385
 360000 0.3685028553009033 0.390704870223999 0.2518303394317627
 361201 0.36940741539001465 0.3934962749481201 0.25351977348327637
 362404 0.3705124855041504 0.39466142654418945 0.2542705535888672
 363609 0.37279772758483887 0.39374208450317383 0.25434160232543945
 364816 0.37452101707458496 0.3943314552307129 0.25531816482543945
 366025 0.3751950263977051 0.3948979377746582 0.2558901309967041
 367236 0.3757753372192383 0.3991866111755371 0.2581665515899658
 368449 0.37804126739501953 0.40009570121765137 0.25821614265441895
 369664 0.37816834449768066 0.4012641906738281 0.2582733631134033
 370881 0.37933349609375 0.40305614471435547 0.2592294216156006
 372100 0.38083863258361816 0.40372252464294434 0.2599823474884033
 373321 0.38217830657958984 0.40611863136291504 0.26210665702819824
 374544 0.3843224048614502 0.40769028663635254 0.2631971836090088
 375769 0.3845641613006592 0.4105839729309082 0.26261472702026367
 376996 0.386030912399292 0.4125499725341797 0.2635982036590576
 378225 0.3867011070251465 0.4140462875366211 0.26447033882141113
 379456 0.3877239227294922 0.4149322509765625 0.26685023307800293
 380689 0.39011073112487793 0.4173445701599121 0.26756715774536133
 381924 0.39108920097351074 0.4175388813018799 0.2668733596801758
 383161 0.3920729160308838 0.419849157333374 0.267993688583374
 384400 0.3939218521118164 0.4187052249908447 0.26857495307922363
 385641 0.394991397857666 0.42300939559936523 0.2712397575378418
 386884 0.39705967903137207 0.4220097064971924 0.2712550163269043
 388129 0.3970162868499756 0.4222407341003418 0.2712101936340332
 389376 0.3986704349517822 0.42805910110473633 0.27235865592956543
 390625 0.3991248607635498 0.4285542964935303 0.2727792263031006
 391876 0.40143871307373047 0.4283912181854248 0.27531909942626953
 393129 0.40235161781311035 0.4317173957824707 0.2764112949371338
 394384 0.4049391746520996 0.4299933910369873 0.2752501964569092
 395641 0.4044811725616455 0.434307336807251 0.27658939361572266
 396900 0.4069516658782959 0.4340484142303467 0.27711057662963867
 398161 0.4086451530456543 0.4365863800048828 0.27956366539001465
 399424 0.4091758728027344 0.43839573860168457 0.2802872657775879
 400689 0.4103977680206299 0.4411478042602539 0.280350923538208
 401956 0.4120926856994629 0.43811607360839844 0.28094935417175293
 403225 0.4124467372894287 0.443986177444458 0.28095293045043945
 404496 0.41445469856262207 0.44223999977111816 0.2842581272125244
 405769 0.41544508934020996 0.4463992118835449 0.2849133014678955
 407044 0.41749095916748047 0.4471712112426758 0.2842593193054199
 408321 0.41837334632873535 0.446702241897583 0.28554677963256836
 409600 0.4193253517150879 0.45025038719177246 0.2860705852508545
 410881 0.4208085536956787 0.4504530429840088 0.28816747665405273
 412164 0.422396183013916 0.4541301727294922 0.28960180282592773
 413449 0.42314791679382324 0.4558887481689453 0.28904104232788086
 414736 0.4254155158996582 0.457228422164917 0.2898845672607422
 416025 0.42560315132141113 0.45777058601379395 0.29079389572143555
 417316 0.4284510612487793 0.45790600776672363 0.29279160499572754
 418609 0.42896056175231934 0.4592111110687256 0.2940366268157959
 419904 0.43044328689575195 0.46395158767700195 0.2936241626739502
 421201 0.43126869201660156 0.4631984233856201 0.29448843002319336
 422500 0.4327428340911865 0.4666142463684082 0.29493260383605957
 423801 0.434262752532959 0.46874499320983887 0.2972073554992676
 425104 0.4358351230621338 0.4707207679748535 0.29867124557495117
 426409 0.4366464614868164 0.472367525100708 0.29813313484191895
 427716 0.4388604164123535 0.4734642505645752 0.2985968589782715
 429025 0.43993353843688965 0.4753425121307373 0.30001306533813477
 430336 0.4422180652618408 0.47475290298461914 0.30173182487487793
 431649 0.44254541397094727 0.4763171672821045 0.30261707305908203
 432964 0.4434092044830322 0.4776730537414551 0.3026549816131592
 434281 0.4449803829193115 0.4788346290588379 0.3025038242340088
 435600 0.4464263916015625 0.48282909393310547 0.30464625358581543
 436921 0.4475741386413574 0.4840874671936035 0.30689334869384766
 438244 0.4492065906524658 0.48668432235717773 0.3069572448730469
 439569 0.4510364532470703 0.4841177463531494 0.3068530559539795
 440896 0.45272111892700195 0.48635172843933105 0.3079681396484375
 442225 0.4534928798675537 0.4874546527862549 0.30884408950805664
 443556 0.45505785942077637 0.49315738677978516 0.3104822635650635
 444889 0.456082820892334 0.49111223220825195 0.3121955394744873
 446224 0.4570009708404541 0.4958512783050537 0.31123852729797363
 447561 0.46024632453918457 0.49542665481567383 0.3118913173675537
 448900 0.4607887268066406 0.4991416931152344 0.31345248222351074
 450241 0.4615788459777832 0.500009298324585 0.3161935806274414
 451584 0.46346139907836914 0.4999654293060303 0.317141056060791
 452929 0.4646642208099365 0.5032398700714111 0.31580066680908203
 454276 0.4660937786102295 0.5032806396484375 0.3174479007720947
 455625 0.466641902923584 0.5072450637817383 0.31780266761779785
 456976 0.46863842010498047 0.5094568729400635 0.3205680847167969
 458329 0.4699220657348633 0.5107154846191406 0.3222537040710449
 459684 0.47203898429870605 0.5119822025299072 0.32036375999450684
 461041 0.47251296043395996 0.5116086006164551 0.3219749927520752
 462400 0.4748499393463135 0.5125405788421631 0.32291293144226074
 463761 0.47524189949035645 0.5167720317840576 0.3251049518585205
 465124 0.47829461097717285 0.5186588764190674 0.32666468620300293
 466489 0.4784882068634033 0.520176887512207 0.32466745376586914
 467856 0.4802224636077881 0.5218431949615479 0.32666683197021484
 469225 0.48029279708862305 0.5208921432495117 0.32787585258483887
 470596 0.4825596809387207 0.522883415222168 0.3285865783691406
 471969 0.48412466049194336 0.525846004486084 0.3299119472503662
 473344 0.48653411865234375 0.5293314456939697 0.33084964752197266
 474721 0.48726963996887207 0.531923770904541 0.3311641216278076
 476100 0.4878506660461426 0.5306389331817627 0.3327906131744385
 477481 0.49069786071777344 0.5343139171600342 0.33352041244506836
 478864 0.4918513298034668 0.5328199863433838 0.3345034122467041
 480249 0.49307799339294434 0.537421703338623 0.3353090286254883
 481636 0.49381494522094727 0.5385751724243164 0.3367936611175537
 483025 0.4973607063293457 0.5385308265686035 0.33762121200561523
 484416 0.4972875118255615 0.542344331741333 0.3382258415222168
 485809 0.49837255477905273 0.5443472862243652 0.3394029140472412
 487204 0.49994969367980957 0.5451393127441406 0.34042930603027344
 488601 0.5012454986572266 0.5461111068725586 0.341550350189209
 490000 0.5034041404724121 0.5475349426269531 0.3423020839691162
 491401 0.5047376155853271 0.5500507354736328 0.3444986343383789
 492804 0.5055325031280518 0.5516452789306641 0.34598493576049805
 494209 0.5068750381469727 0.5536043643951416 0.345447301864624
 495616 0.5269646644592285 0.5552833080291748 0.3463609218597412
 497025 0.5102918148040771 0.5552363395690918 0.34734630584716797
 498436 0.5117547512054443 0.5583667755126953 0.3502461910247803
 499849 0.5127480030059814 0.5572595596313477 0.3510274887084961
 501264 0.5148656368255615 0.5607936382293701 0.34970831871032715
 502681 0.5342371463775635 0.5599985122680664 0.3512544631958008
 504100 0.5179839134216309 0.5660812854766846 0.35233545303344727
 505521 0.5193123817443848 0.5648236274719238 0.3546464443206787
 506944 0.5197367668151855 0.568580150604248 0.3558170795440674
 508369 0.5219049453735352 0.5708317756652832 0.35537195205688477
 509796 0.5250105857849121 0.5721666812896729 0.35606932640075684
 511225 0.5242936611175537 0.5733349323272705 0.35732555389404297
 512656 0.5262131690979004 0.5742146968841553 0.3599410057067871
 514089 0.5282034873962402 0.576279878616333 0.36061787605285645
 515524 0.5289475917816162 0.5776605606079102 0.360227108001709
 516961 0.5311975479125977 0.5806326866149902 0.36118292808532715
 518400 0.531719446182251 0.5826420783996582 0.362210750579834
 519841 0.5350768566131592 0.5857622623443604 0.36488866806030273
 521284 0.5357270240783691 0.5853092670440674 0.3656923770904541
 522729 0.5371837615966797 0.5875349044799805 0.3653891086578369
 524176 0.5382721424102783 0.5891940593719482 0.36534976959228516
 525625 0.5398504734039307 0.5910961627960205 0.36676764488220215
 527076 0.542344331741333 0.5898878574371338 0.36986517906188965
 528529 0.5435152053833008 0.5953037738800049 0.37096667289733887
 529984 0.5439169406890869 0.5953843593597412 0.37028002738952637
 531441 0.5454752445220947 0.5990469455718994 0.37043023109436035
 532900 0.5471575260162354 0.6002166271209717 0.37099194526672363
 534361 0.5497627258300781 0.6014397144317627 0.37418532371520996
 535824 0.5499305725097656 0.6042013168334961 0.3758559226989746
 537289 0.5514612197875977 0.6063075065612793 0.37549710273742676
 538756 0.5533545017242432 0.608767032623291 0.37642788887023926
 540225 0.5742721557617188 0.6097087860107422 0.3767409324645996
 541696 0.5565149784088135 0.6109092235565186 0.3799784183502197
 543169 0.5578279495239258 0.6114211082458496 0.3809373378753662
 544644 0.5595841407775879 0.6137204170227051 0.3807342052459717
 546121 0.5607011318206787 0.6169860363006592 0.3809967041015625
 547600 0.5626025199890137 0.6171679496765137 0.3827242851257324
 549081 0.5646958351135254 0.6213340759277344 0.38512539863586426
 550564 0.5654816627502441 0.6200029850006104 0.3865180015563965
 552049 0.5667192935943604 0.6240167617797852 0.3851890563964844
 553536 0.5682954788208008 0.6229469776153564 0.38676977157592773
 555025 0.5702931880950928 0.6279563903808594 0.38771796226501465
 556516 0.5714502334594727 0.6309528350830078 0.3907618522644043
 558009 0.5734727382659912 0.625542163848877 0.39139342308044434
 559504 0.5751354694366455 0.6341359615325928 0.3909175395965576
 561001 0.5763318538665771 0.6309263706207275 0.39104700088500977
 562500 0.5779714584350586 0.6349740028381348 0.3923211097717285
 564001 0.5796780586242676 0.6393496990203857 0.395205020904541
 565504 0.5817420482635498 0.6413648128509521 0.3968324661254883
 567009 0.5827734470367432 0.642470121383667 0.3956613540649414
 568516 0.5833213329315186 0.6442317962646484 0.39699697494506836
 570025 0.5852155685424805 0.6460475921630859 0.39813780784606934
 571536 0.5870630741119385 0.6472585201263428 0.40070605278015137
 573049 0.5892424583435059 0.6506483554840088 0.40211033821105957
 574564 0.5908334255218506 0.65140700340271 0.401064395904541
 576081 0.5909378528594971 0.6521434783935547 0.4020371437072754
 577600 0.5934460163116455 0.6550736427307129 0.40334463119506836
 579121 0.5949583053588867 0.6580069065093994 0.40372657775878906
 580644 0.5962843894958496 0.658491849899292 0.40755438804626465
 582169 0.5985331535339355 0.6610157489776611 0.4066934585571289
 583696 0.5991559028625488 0.6634879112243652 0.40761899948120117
 585225 0.6010074615478516 0.6655092239379883 0.4077620506286621
 586756 0.6033077239990234 0.6675200462341309 0.40950584411621094
 588289 0.6052062511444092 0.6688528060913086 0.41057610511779785
 589824 0.6056175231933594 0.6690630912780762 0.41104960441589355
 591361 0.6077654361724854 0.6730690002441406 0.41304659843444824
 592900 0.6099977493286133 0.6690235137939453 0.41431140899658203
 594441 0.6116724014282227 0.6768176555633545 0.4140150547027588
 595984 0.6128005981445312 0.6783254146575928 0.4161975383758545
 597529 0.6144211292266846 0.681607723236084 0.41675448417663574
 599076 0.6157660484313965 0.6812520027160645 0.4183781147003174
 600625 0.6171717643737793 0.6836714744567871 0.4186999797821045
 602176 0.6194040775299072 0.6849198341369629 0.420015811920166
 603729 0.6196441650390625 0.6893346309661865 0.4212338924407959
 605284 0.6221327781677246 0.6872198581695557 0.42278575897216797
 606841 0.6240184307098389 0.688758134841919 0.4236464500427246
 608400 0.625054121017456 0.6925034523010254 0.4241516590118408
 609961 0.6265275478363037 0.6939542293548584 0.42604589462280273
 611524 0.6279215812683105 0.696220874786377 0.4270904064178467
 613089 0.6300194263458252 0.6977667808532715 0.4274270534515381
 614656 0.6322510242462158 0.7016401290893555 0.4282975196838379
 616225 0.633354902267456 0.7024407386779785 0.4302642345428467
 617796 0.6354844570159912 0.7051494121551514 0.4315016269683838
 619369 0.637444257736206 0.706763505935669 0.4317173957824707
 620944 0.6391773223876953 0.7080879211425781 0.43357157707214355
 622521 0.6612534523010254 0.7088055610656738 0.4343397617340088
 624100 0.6422324180603027 0.7131328582763672 0.4345517158508301
 625681 0.6429843902587891 0.7142364978790283 0.43689918518066406
 627264 0.6464419364929199 0.7149190902709961 0.43811726570129395
 628849 0.6472630500793457 0.7195227146148682 0.43915867805480957
 630436 0.6709690093994141 0.7197415828704834 0.44023895263671875
 632025 0.6504368782043457 0.7198483943939209 0.44107508659362793
 633616 0.6510560512542725 0.7220830917358398 0.44249916076660156
 635209 0.6537091732025146 0.7252612113952637 0.4434075355529785
 636804 0.6551675796508789 0.7269971370697021 0.4444091320037842
 638401 0.6575310230255127 0.7297956943511963 0.4442877769470215
 640000 0.6574714183807373 0.7317922115325928 0.44669580459594727
 641601 0.6606433391571045 0.7334940433502197 0.4479062557220459
 643204 0.6613612174987793 0.7342531681060791 0.4480020999908447
 644809 0.6622605323791504 0.7385172843933105 0.4495081901550293
 646416 0.6646254062652588 0.7373518943786621 0.4513397216796875
 648025 0.6660599708557129 0.7432539463043213 0.45133233070373535
 649636 0.6680779457092285 0.7419350147247314 0.4533979892730713
 651249 0.6698517799377441 0.744025707244873 0.4547238349914551
 652864 0.6713652610778809 0.7453360557556152 0.4551360607147217
 654481 0.6725292205810547 0.7493257522583008 0.45699644088745117
 656100 0.6735835075378418 0.751166582107544 0.458118200302124
 657721 0.6760785579681396 0.7530596256256104 0.46138787269592285
 659344 0.6782398223876953 0.7566738128662109 0.4610562324523926
 660969 0.6800827980041504 0.7579820156097412 0.46160411834716797
 662596 0.6824939250946045 0.7595057487487793 0.4624183177947998
 664225 0.6828327178955078 0.7615129947662354 0.46280694007873535
 665856 0.6850366592407227 0.7646985054016113 0.4671797752380371
 667489 0.6865119934082031 0.7649343013763428 0.4672586917877197
 669124 0.6889116764068604 0.7640471458435059 0.46570563316345215
 670761 0.7135498523712158 0.7683255672454834 0.46711111068725586
 672400 0.6915009021759033 0.7723257541656494 0.4691202640533447
 674041 0.6940655708312988 0.7746541500091553 0.4707927703857422
 675684 0.6946172714233398 0.7756884098052979 0.47402119636535645
 677329 0.6967039108276367 0.7781698703765869 0.47179579734802246
 678976 0.6985249519348145 0.7805359363555908 0.4739818572998047
 680625 0.699500560760498 0.7820956707000732 0.47507333755493164
 682276 0.7017924785614014 0.7816214561462402 0.4750802516937256
 683929 0.7038145065307617 0.787489652633667 0.4776418209075928
 685584 0.7054722309112549 0.7892179489135742 0.4785795211791992
 687241 0.706972599029541 0.7911489009857178 0.4797017574310303
 688900 0.7083652019500732 0.7954206466674805 0.4808375835418701
 690561 0.7107634544372559 0.7948939800262451 0.48209309577941895
 692224 0.7130966186523438 0.7968220710754395 0.48188281059265137
 693889 0.7133674621582031 0.7998902797698975 0.4841651916503906
 695556 0.7157964706420898 0.7992458343505859 0.4851830005645752
 697225 0.7177765369415283 0.805091381072998 0.4861454963684082
 698896 0.7191274166107178 0.8053896427154541 0.4874560832977295
 700569 0.721132755279541 0.8059284687042236 0.4887251853942871
 702244 0.7234184741973877 0.8072364330291748 0.48880553245544434
 703921 0.723637580871582 0.8115999698638916 0.48943138122558594
 705600 0.7259578704833984 0.8135414123535156 0.4922003746032715
 707281 0.7290339469909668 0.8118014335632324 0.49463367462158203
 708964 0.7291786670684814 0.818645715713501 0.4972038269042969
 710649 0.7307517528533936 0.8211627006530762 0.4948148727416992
 712336 0.732935905456543 0.8221731185913086 0.496201753616333
 714025 0.7349834442138672 0.8241837024688721 0.49742722511291504
 715716 0.7350859642028809 0.8251872062683105 0.5018177032470703
 717409 0.7403030395507812 0.8280737400054932 0.5030395984649658
 719104 0.739760160446167 0.8287296295166016 0.5015573501586914
 720801 0.7412045001983643 0.8326075077056885 0.5031147003173828
 722500 0.7432408332824707 0.8334519863128662 0.5033376216888428
 724201 0.745983362197876 0.8383708000183105 0.5070369243621826
 725904 0.7467622756958008 0.8374948501586914 0.5089185237884521
 727609 0.7486937046051025 0.8433041572570801 0.5076429843902588
 729316 0.7505440711975098 0.8424844741821289 0.5081779956817627
 731025 0.7536628246307373 0.8441245555877686 0.5100390911102295
 732736 0.7555551528930664 0.8471560478210449 0.513718843460083
 734449 0.7568652629852295 0.8487136363983154 0.5151329040527344
 736164 0.7576441764831543 0.8516731262207031 0.5121896266937256
 737881 0.7588565349578857 0.8512194156646729 0.5148539543151855
 739600 0.7617967128753662 0.855928897857666 0.5159957408905029
 741321 0.7630465030670166 0.8597023487091064 0.5177252292633057
 743044 0.7661123275756836 0.8602380752563477 0.5200369358062744
 744769 0.7661688327789307 0.8620102405548096 0.519432544708252
 746496 0.768038272857666 0.865673303604126 0.5195059776306152
 748225 0.7698984146118164 0.8642807006835938 0.5209445953369141
 749956 0.7730286121368408 0.8687906265258789 0.5251977443695068
 751689 0.7741599082946777 0.8719024658203125 0.5255997180938721
 753424 0.7749052047729492 0.8733513355255127 0.5237724781036377
 755161 0.7772829532623291 0.8738865852355957 0.5251436233520508
 756900 0.7788329124450684 0.8794043064117432 0.526829719543457
 758641 0.7803077697753906 0.8798689842224121 0.53182053565979
 760384 0.7827081680297852 0.8847167491912842 0.5329105854034424
 762129 0.7844913005828857 0.8811213970184326 0.5301902294158936
 763876 0.7856595516204834 0.886486291885376 0.5326259136199951
 765625 0.787867546081543 0.8881349563598633 0.5340826511383057
 767376 0.7897441387176514 0.889986515045166 0.5331649780273438
 769129 0.7916491031646729 0.8938615322113037 0.5362129211425781
 770884 0.792733907699585 0.8953032493591309 0.5365390777587891
 772641 0.7947988510131836 0.8974008560180664 0.538994550704956
 774400 0.7979230880737305 0.896859884262085 0.5402073860168457
 776161 0.8001313209533691 0.9015219211578369 0.539680004119873
 777924 0.8007161617279053 0.9038879871368408 0.5421590805053711
 779689 0.8025918006896973 0.9075610637664795 0.5438990592956543
 781456 0.804537296295166 0.9096353054046631 0.5452656745910645
 783225 0.8055472373962402 0.9104769229888916 0.5450267791748047
 784996 0.8081731796264648 0.9127371311187744 0.5492784976959229
 786769 0.8103244304656982 0.916318416595459 0.5514352321624756
 788544 0.8112783432006836 0.9180095195770264 0.5496616363525391
 790321 0.8130261898040771 0.9197995662689209 0.5497779846191406
 792100 0.8455367088317871 0.922349214553833 0.5510516166687012
 793881 0.8167762756347656 0.9225883483886719 0.5538437366485596
 795664 0.8203220367431641 0.9256348609924316 0.5536201000213623
 797449 0.820120096206665 0.9285225868225098 0.55594801902771
 799236 0.8200037479400635 0.9307608604431152 0.5559792518615723
 801025 0.8238167762756348 0.9334514141082764 0.5586528778076172
 802816 0.8271324634552002 0.9347720146179199 0.558525800704956
 804609 0.8276755809783936 0.9388127326965332 0.5595252513885498
 806404 0.830369234085083 0.9392406940460205 0.5607869625091553
 808201 0.8324792385101318 0.9399569034576416 0.561469554901123
 810000 0.8337342739105225 0.9425413608551025 0.5633623600006104
 811801 0.8373253345489502 0.946967601776123 0.5641765594482422
 813604 0.8381288051605225 0.9497036933898926 0.5663917064666748
 815409 0.839381217956543 0.9513239860534668 0.5687508583068848
 817216 0.8411669731140137 0.9497125148773193 0.5686564445495605
 819025 0.8428142070770264 0.9536561965942383 0.5710608959197998
 820836 0.8458116054534912 0.9553003311157227 0.5721554756164551
 822649 0.8477232456207275 0.9593963623046875 0.5733218193054199
 824464 0.8484716415405273 0.9602091312408447 0.5735950469970703
 826281 0.8517484664916992 0.9629223346710205 0.5743474960327148
 828100 0.8530819416046143 0.9665534496307373 0.576366662979126
 829921 0.8546957969665527 0.9670314788818359 0.5768401622772217
 831744 0.8572096824645996 0.9711000919342041 0.5779745578765869
 833569 0.8572535514831543 0.9723324775695801 0.5798525810241699
 835396 0.8593988418579102 0.9750344753265381 0.5812077522277832
 837225 0.8613431453704834 0.9776804447174072 0.5819697380065918
 839056 0.8644669055938721 0.978787899017334 0.5836939811706543
 840889 0.8669717311859131 0.981687068939209 0.5848798751831055
 842724 0.8668522834777832 0.9782238006591797 0.5861415863037109
 844561 0.8696503639221191 0.9899594783782959 0.5889105796813965
 846400 0.8709836006164551 0.9908852577209473 0.5893442630767822
 848241 0.8738887310028076 0.9925615787506104 0.589857816696167
 850084 0.8752415180206299 0.992140531539917 0.59122633934021
 851929 0.8767180442810059 0.99698805809021 0.5935795307159424
 853776 0.8798644542694092 0.9975626468658447 0.5934996604919434
 855625 0.8819501399993896 1.0001225471496582 0.596315860748291
 857476 0.8851053714752197 1.0019547939300537 0.5964419841766357
 859329 0.8843381404876709 1.0038089752197266 0.5966827869415283
 861184 0.8864295482635498 1.0078811645507812 0.5989198684692383
 863041 0.8890502452850342 1.0105280876159668 0.6000587940216064
 864900 0.8909049034118652 1.0126218795776367 0.6022164821624756
 866761 0.891460657119751 1.0077331066131592 0.6015222072601318
 868624 0.8929669857025146 1.0170848369598389 0.6035008430480957
 870489 0.8961751461029053 1.0192434787750244 0.6050498485565186
 872356 0.8988800048828125 1.0220739841461182 0.6059529781341553
 874225 0.9007437229156494 1.0205926895141602 0.6077678203582764
 876096 0.9029824733734131 1.0252251625061035 0.6116015911102295
 877969 0.9026224613189697 1.0251541137695312 0.6124918460845947
 879844 0.9057798385620117 1.030529499053955 0.6108531951904297
 881721 0.9085052013397217 1.034571647644043 0.6124906539916992
 883600 0.94156813621521 1.0355792045593262 0.6136634349822998
 885481 0.9118878841400146 1.038358211517334 0.6193597316741943
 887364 0.9137611389160156 1.0382027626037598 0.6193852424621582
 889249 0.9164083003997803 1.0441339015960693 0.6178667545318604
 891136 0.9184057712554932 1.0423784255981445 0.621284008026123
 893025 0.9186837673187256 1.0472424030303955 0.6202397346496582
 894916 0.9216299057006836 1.051746129989624 0.6245625019073486
 896809 0.924994707107544 1.0503053665161133 0.626107931137085
 898704 0.9261894226074219 1.057276964187622 0.6235644817352295
 900601 0.9274427890777588 1.055938959121704 0.6258838176727295
 902500 0.9295680522918701 1.0575783252716064 0.6267528533935547
 904401 0.9330763816833496 1.0604784488677979 0.6314911842346191
 906304 0.9359996318817139 1.0640177726745605 0.6345484256744385
 908209 0.9366610050201416 1.068237543106079 0.6319549083709717
 910116 0.93695068359375 1.0710749626159668 0.6323757171630859
 912025 0.9400055408477783 1.0706000328063965 0.6347842216491699
 913936 0.9425950050354004 1.0691237449645996 0.6360492706298828
 915849 0.9433498382568359 1.0783605575561523 0.6368536949157715
 917764 0.9450898170471191 1.0791974067687988 0.6372404098510742
 919681 0.9468691349029541 1.081526279449463 0.6397502422332764
 921600 0.9495031833648682 1.081160306930542 0.64068603515625
 923521 0.953582763671875 1.0851929187774658 0.6429786682128906
 925444 0.953608512878418 1.0873162746429443 0.6425521373748779
 927369 0.9547231197357178 1.0904510021209717 0.6439762115478516
 929296 0.9543356895446777 1.092238426208496 0.645451545715332
 931225 0.9913051128387451 1.0949366092681885 0.6472692489624023
 933156 0.9614861011505127 1.0981194972991943 0.6476573944091797
 935089 0.963834285736084 1.1008219718933105 0.6495270729064941
 937024 0.9647703170776367 1.1031365394592285 0.6509580612182617
 938961 0.9678356647491455 1.1079676151275635 0.6526663303375244
 940900 0.9690632820129395 1.1080362796783447 0.6534996032714844
 942841 0.9713029861450195 1.11234450340271 0.6580219268798828
 944784 0.9734036922454834 1.1125311851501465 0.659914493560791
 946729 0.9749324321746826 1.1101231575012207 0.6573200225830078
 948676 0.9780242443084717 1.1166470050811768 0.6606655120849609
 950625 0.9786355495452881 1.120314598083496 0.6617329120635986
 952576 0.9829628467559814 1.1232163906097412 0.6670539379119873
 954529 0.9840245246887207 1.1246204376220703 0.6659946441650391
 956484 0.984921932220459 1.1279704570770264 0.6641199588775635
 958441 0.9868648052215576 1.1306278705596924 0.6655652523040771
 960400 0.9892623424530029 1.131180763244629 0.6670033931732178
 962361 0.9922654628753662 1.1341822147369385 0.6707143783569336
 964324 0.9925920963287354 1.1384592056274414 0.6726396083831787
 966289 0.9953546524047852 1.1395149230957031 0.6715962886810303
 968256 0.9983887672424316 1.1426236629486084 0.67234206199646
 970225 0.9991376399993896 1.1456005573272705 0.6741280555725098
 972196 1.0020954608917236 1.142082691192627 0.6788599491119385
 974169 1.0037918090820312 1.1507925987243652 0.6809008121490479
 976144 1.006091833114624 1.1514291763305664 0.679818868637085
 978121 1.0430841445922852 1.1549015045166016 0.6783750057220459
 980100 1.0101993083953857 1.1593985557556152 0.6804618835449219
 982081 1.0110318660736084 1.159221887588501 0.6863045692443848
 984064 1.0167596340179443 1.163558006286621 0.6873030662536621
 986049 1.0153496265411377 1.1655550003051758 0.6854813098907471
 988036 1.0185372829437256 1.166370153427124 0.6863272190093994
 990025 1.0184226036071777 1.1707344055175781 0.6872167587280273
 992016 1.0217137336730957 1.1743474006652832 0.6922786235809326
 994009 1.024834156036377 1.1752996444702148 0.693636417388916
 996004 1.025130033493042 1.1786634922027588 0.6914691925048828
 998001 1.0262103080749512 1.1812591552734375 0.6934425830841064