
 9 1.8358230590820312e-05 3.457069396972656e-05 1.1920928955078125e-05
 16 1.7404556274414062e-05 1.2636184692382812e-05 1.4066696166992188e-05
 25 2.3603439331054688e-05 2.09808349609375e-05 2.0503997802734375e-05
 36 3.24249267578125e-05 2.4080276489257812e-05 2.7418136596679688e-05
 49 4.1484832763671875e-05 3.4809112548828125e-05 3.600120544433594e-05
 64 5.173683166503906e-05 3.981590270996094e-05 4.57763671875e-05
 81 6.365776062011719e-05 4.553794860839844e-05 5.626678466796875e-05
 100 7.796287536621094e-05 5.173683166503906e-05 6.723403930664062e-05
 121 9.322166442871094e-05 6.699562072753906e-05 8.082389831542969e-05
 144 0.00011181831359863281 7.43865966796875e-05 9.393692016601562e-05
 169 0.00012922286987304688 9.34600830078125e-05 0.00010943412780761719
 196 0.00014710426330566406 0.00010418891906738281 0.00012540817260742188
 225 0.00016736984252929688 0.00011444091796875 0.00014257431030273438
 256 0.00018906593322753906 0.00012731552124023438 0.00016069412231445312
 289 0.0002186298370361328 0.0001552104949951172 0.00018668174743652344
 324 0.0002498626708984375 0.00017309188842773438 0.00021004676818847656
 361 0.00027942657470703125 0.0002052783966064453 0.00023674964904785156
 400 0.00031638145446777344 0.00022745132446289062 0.00026345252990722656
 441 0.0003509521484375 0.00024962425231933594 0.0002925395965576172
 484 0.0003876686096191406 0.0002727508544921875 0.000324249267578125
 529 0.00043964385986328125 0.0003135204315185547 0.000354766845703125
 576 0.00046324729919433594 0.0003464221954345703 0.0003859996795654297
 625 0.0005030632019042969 0.00035643577575683594 0.00042176246643066406
 676 0.0005445480346679688 0.0003876686096191406 0.000457763671875
 729 0.0005910396575927734 0.00041174888610839844 0.0004947185516357422
 784 0.0006504058837890625 0.0004436969757080078 0.0005338191986083984
 841 0.0006849765777587891 0.0004956722259521484 0.0005724430084228516
 900 0.0007352828979492188 0.0005271434783935547 0.000614166259765625
 961 0.0007870197296142578 0.0005805492401123047 0.0006694793701171875
 1024 0.0008385181427001953 0.0006182193756103516 0.0006995201110839844
 1089 0.0008931159973144531 0.0006582736968994141 0.0007443428039550781
 1156 0.0009524822235107422 0.0006973743438720703 0.0007908344268798828
 1225 0.0010099411010742188 0.0007364749908447266 0.0008387565612792969
 1296 0.0010693073272705078 0.0007810592651367188 0.0008995532989501953
 1369 0.001132965087890625 0.0008473396301269531 0.0009388923645019531
 1444 0.0011959075927734375 0.0008904933929443359 0.0010230541229248047
 1521 0.0012612342834472656 0.0009391307830810547 0.0010476112365722656
 1600 0.0013275146484375 0.0009877681732177734 0.0011169910430908203
 1681 0.0013959407806396484 0.0010623931884765625 0.0011568069458007812
 1764 0.0014643669128417969 0.0011107921600341797 0.0012176036834716797
 1849 0.0015380382537841797 0.0011920928955078125 0.0012726783752441406
 1936 0.00160980224609375 0.0012674331665039062 0.0013384819030761719
 2025 0.001689910888671875 0.0013055801391601562 0.0013990402221679688
 2116 0.0017621517181396484 0.0013666152954101562 0.0014717578887939453
 2209 0.0018401145935058594 0.0014557838439941406 0.001527547836303711
 2304 0.0019202232360839844 0.001514434814453125 0.0015900135040283203
 2401 0.0019986629486083984 0.00159454345703125 0.0016641616821289062
 2500 0.002093076705932617 0.0016489028930664062 0.0017266273498535156
 2601 0.002173185348510742 0.0017142295837402344 0.0018010139465332031
 2704 0.0022585391998291016 0.0017778873443603516 0.00186920166015625
 2809 0.002353668212890625 0.0019042491912841797 0.0019488334655761719
 2916 0.002439737319946289 0.0019469261169433594 0.0020208358764648438
 3025 0.0025289058685302734 0.002023935317993164 0.002096414566040039
 3136 0.0026209354400634766 0.0020983219146728516 0.0021882057189941406
 3249 0.002721548080444336 0.0021882057189941406 0.00225067138671875
 3364 0.002816438674926758 0.00225067138671875 0.0023467540740966797
 3481 0.002917766571044922 0.002363443374633789 0.0024261474609375
 3600 0.0030150413513183594 0.0024611949920654297 0.002496957778930664
 3721 0.0031218528747558594 0.0025589466094970703 0.0025789737701416016
 3844 0.0032415390014648438 0.002649068832397461 0.002684354782104492
 3969 0.0033416748046875 0.002731800079345703 0.0027532577514648438
 4096 0.003439188003540039 0.002819538116455078 0.0028557777404785156
 4225 0.003559112548828125 0.002902984619140625 0.002928495407104492
 4356 0.003654003143310547 0.002999544143676758 0.0030198097229003906
 4489 0.0037560462951660156 0.00315093994140625 0.0031249523162841797
 4624 0.0038831233978271484 0.003223419189453125 0.003202199935913086
 4761 0.004007816314697266 0.0033147335052490234 0.0032987594604492188
 4900 0.004118204116821289 0.0034182071685791016 0.0034329891204833984
 5041 0.0042459964752197266 0.0035631656646728516 0.003494739532470703
 5184 0.004374265670776367 0.003658771514892578 0.0035872459411621094
 5329 0.004483461380004883 0.003807544708251953 0.00370025634765625
 5476 0.004614830017089844 0.00391387939453125 0.0038013458251953125
 5625 0.0047304630279541016 0.0040361881256103516 0.0038907527923583984
 5776 0.004870176315307617 0.004148006439208984 0.0040130615234375
 5929 0.004992008209228516 0.004241466522216797 0.004155874252319336
 6084 0.005121707916259766 0.0043523311614990234 0.004218101501464844
 6241 0.005220890045166016 0.004520893096923828 0.0043182373046875
 6400 0.00535273551940918 0.004630088806152344 0.004426240921020508
 6561 0.005517721176147461 0.004757404327392578 0.0045337677001953125
 6724 0.005661487579345703 0.004859447479248047 0.004667520523071289
 6889 0.005804538726806641 0.005014896392822266 0.0047817230224609375
 7056 0.005926609039306641 0.005151987075805664 0.004887819290161133
 7225 0.006095170974731445 0.005278110504150391 0.0049936771392822266
 7396 0.00622105598449707 0.005414247512817383 0.0051174163818359375
 7569 0.006378173828125 0.005540132522583008 0.0052242279052734375
 7744 0.006516456604003906 0.0056645870208740234 0.0053637027740478516
 7921 0.006674051284790039 0.005823612213134766 0.005574941635131836
 8100 0.006832122802734375 0.005995273590087891 0.0056035518646240234
 8281 0.0069599151611328125 0.0060999393463134766 0.005729198455810547
 8464 0.007130861282348633 0.006240367889404297 0.005850553512573242
 8649 0.007261753082275391 0.006392717361450195 0.0059854984283447266
 8836 0.007439136505126953 0.0065076351165771484 0.006105184555053711
 9025 0.007600545883178711 0.0066471099853515625 0.006239891052246094
 9216 0.007748603820800781 0.006802558898925781 0.006370067596435547
 9409 0.007911920547485352 0.007025718688964844 0.006502628326416016
 9604 0.008050203323364258 0.007144451141357422 0.00661921501159668
 9801 0.008222341537475586 0.007288694381713867 0.006768465042114258
 10000 0.008431196212768555 0.00742793083190918 0.006905555725097656
 10201 0.008589982986450195 0.0076329708099365234 0.007050514221191406
 10404 0.008763313293457031 0.007790327072143555 0.007190704345703125
 10609 0.008917808532714844 0.008022785186767578 0.007323503494262695
 10816 0.009114503860473633 0.008159160614013672 0.0074596405029296875
 11025 0.009285211563110352 0.00837254524230957 0.007605075836181641
 11236 0.009444952011108398 0.008486032485961914 0.007745504379272461
 11449 0.009645223617553711 0.00869131088256836 0.007890701293945312
 11664 0.009791374206542969 0.008913278579711914 0.008040428161621094
 11881 0.01014566421508789 0.009105443954467773 0.008184194564819336
 12100 0.010216236114501953 0.009262323379516602 0.008356809616088867
 12321 0.010367393493652344 0.009442806243896484 0.008486032485961914
 12544 0.010569095611572266 0.009613752365112305 0.008646011352539062
 12769 0.010763883590698242 0.00985574722290039 0.008803367614746094
 12996 0.010934829711914062 0.010015726089477539 0.008954286575317383
 13225 0.011176109313964844 0.010199785232543945 0.009105920791625977
 13456 0.011342287063598633 0.010369062423706055 0.009267330169677734
 13689 0.011506319046020508 0.010560035705566406 0.009415864944458008
 13924 0.011699199676513672 0.010739803314208984 0.00960683822631836
 14161 0.011902093887329102 0.010931253433227539 0.009738445281982422
 14400 0.01216578483581543 0.011149168014526367 0.009903907775878906
 14641 0.012340307235717773 0.011306047439575195 0.010071516036987305
 14884 0.012712717056274414 0.011521100997924805 0.01024484634399414
 15129 0.012272357940673828 0.011655807495117188 0.01040506362915039
 15376 0.012912988662719727 0.011889934539794922 0.010581493377685547
 15625 0.013139963150024414 0.012136697769165039 0.010794401168823242
 15876 0.013448238372802734 0.01227116584777832 0.010919809341430664
 16129 0.01398158073425293 0.013165950775146484 0.011090517044067383
 16384 0.013865947723388672 0.01271200180053711 0.01127171516418457
 16641 0.013993024826049805 0.012955188751220703 0.011437177658081055
 16900 0.014211893081665039 0.013144493103027344 0.011606931686401367
 17161 0.014499902725219727 0.013438224792480469 0.011824369430541992
 17424 0.014755010604858398 0.01361536979675293 0.011971473693847656
 17689 0.014909744262695312 0.013902425765991211 0.012172460556030273
 17956 0.015168428421020508 0.014060258865356445 0.012345552444458008
 18225 0.01535344123840332 0.014294147491455078 0.012537240982055664
 18496 0.015585184097290039 0.014449119567871094 0.012724637985229492
 18769 0.01579451560974121 0.01480555534362793 0.012881994247436523
 19044 0.016037940979003906 0.01496744155883789 0.013059139251708984
 19321 0.01626443862915039 0.015315055847167969 0.01325225830078125
 19600 0.016510963439941406 0.015497684478759766 0.013446807861328125
 19881 0.0167233943939209 0.01573944091796875 0.013670921325683594
 20164 0.016960620880126953 0.01592731475830078 0.013849735260009766
 20449 0.017259597778320312 0.016199827194213867 0.01403355598449707
 20736 0.01744246482849121 0.016422510147094727 0.014239311218261719
 21025 0.01772785186767578 0.01674795150756836 0.014457941055297852
 21316 0.01799631118774414 0.016980648040771484 0.014643192291259766
 21609 0.01817178726196289 0.01716446876525879 0.014807939529418945
 21904 0.01852583885192871 0.017330169677734375 0.015030622482299805
 22201 0.018729209899902344 0.017729759216308594 0.015220165252685547
 22500 0.018987178802490234 0.018029212951660156 0.01548147201538086
 22801 0.01917886734008789 0.018407344818115234 0.015609979629516602
 23104 0.01942729949951172 0.018582582473754883 0.015838623046875
 23409 0.01967144012451172 0.01874709129333496 0.01603984832763672
 23716 0.019933462142944336 0.01893925666809082 0.01627373695373535
 24025 0.020197391510009766 0.019223928451538086 0.01645970344543457
 24336 0.02046036720275879 0.01943039894104004 0.01666426658630371
 24649 0.020814895629882812 0.019855737686157227 0.016895771026611328
 24964 0.021178483963012695 0.020026445388793945 0.017084360122680664
 25281 0.02124810218811035 0.02032470703125 0.017358779907226562
 25600 0.021617889404296875 0.020668983459472656 0.017553329467773438
 25921 0.021852731704711914 0.020889997482299805 0.01773858070373535
 26244 0.022160053253173828 0.02106642723083496 0.017968416213989258
 26569 0.022472143173217773 0.02147507667541504 0.01818394660949707
 26896 0.022713661193847656 0.021860122680664062 0.01854538917541504
 27225 0.022888898849487305 0.022040843963623047 0.018630266189575195
 27556 0.02319955825805664 0.022215843200683594 0.018871307373046875
 27889 0.023464441299438477 0.022609949111938477 0.01909470558166504
 28224 0.023797273635864258 0.022859811782836914 0.01943349838256836
 28561 0.024030208587646484 0.023198843002319336 0.019576311111450195
 28900 0.024344682693481445 0.02341914176940918 0.019820451736450195
 29241 0.024596452713012695 0.023761749267578125 0.02005481719970703
 29584 0.024898290634155273 0.023987531661987305 0.0202939510345459
 29929 0.025239229202270508 0.024410724639892578 0.020517587661743164
 30276 0.025507211685180664 0.02460932731628418 0.02079153060913086
 30625 0.025782346725463867 0.025272607803344727 0.020997047424316406
 30976 0.026195764541625977 0.025222301483154297 0.0212857723236084
 31329 0.026317596435546875 0.02558112144470215 0.021499156951904297
 31684 0.026736974716186523 0.025772809982299805 0.02173900604248047
 32041 0.027155399322509766 0.02622675895690918 0.0219423770904541
 32400 0.0272982120513916 0.02649092674255371 0.022165536880493164
 32761 0.02763533592224121 0.026972293853759766 0.02242302894592285
 33124 0.028049468994140625 0.027209043502807617 0.022678136825561523
 33489 0.02855372428894043 0.027658462524414062 0.022952556610107422
 33856 0.028864622116088867 0.027807950973510742 0.023194074630737305
 34225 0.029291868209838867 0.028259992599487305 0.023449420928955078
 34596 0.029775142669677734 0.028501510620117188 0.023736238479614258
 34969 0.030171632766723633 0.028870105743408203 0.023896455764770508
 35344 0.030594348907470703 0.029419422149658203 0.024250030517578125
 35721 0.031072616577148438 0.029510974884033203 0.02451014518737793
 36100 0.031467437744140625 0.029799461364746094 0.02479839324951172
 36481 0.03192472457885742 0.030325651168823242 0.025041580200195312
 36864 0.03233981132507324 0.03055882453918457 0.025354623794555664
 37249 0.03278970718383789 0.031072139739990234 0.02562403678894043
 37636 0.03330063819885254 0.03135228157043457 0.025884628295898438
 38025 0.03373003005981445 0.03182339668273926 0.02615976333618164
 38416 0.034149885177612305 0.03209280967712402 0.02645421028137207
 38809 0.03463339805603027 0.03261256217956543 0.026678085327148438
 39204 0.035102128982543945 0.03287529945373535 0.02697014808654785
 39601 0.03548574447631836 0.03336977958679199 0.02727222442626953
 40000 0.036134958267211914 0.03385663032531738 0.027565956115722656
 40401 0.03648567199707031 0.03410148620605469 0.027837276458740234
 40804 0.03696322441101074 0.034331560134887695 0.0281522274017334
 41209 0.037415266036987305 0.03487420082092285 0.028444528579711914
 41616 0.03783392906188965 0.03510093688964844 0.02872467041015625
 42025 0.038355112075805664 0.03555011749267578 0.028996706008911133
 42436 0.03885793685913086 0.03584623336791992 0.02930283546447754
 42849 0.03933835029602051 0.03625941276550293 0.0295870304107666
 43264 0.03975200653076172 0.03655600547790527 0.02980947494506836
 43681 0.04025387763977051 0.03709149360656738 0.030216217041015625
 44100 0.04071450233459473 0.037276268005371094 0.03052234649658203
 44521 0.04118037223815918 0.03786325454711914 0.030742168426513672
 44944 0.04169297218322754 0.03855466842651367 0.031090974807739258
 45369 0.042073965072631836 0.03860926628112793 0.03140902519226074
 45796 0.04275083541870117 0.038890838623046875 0.03167915344238281
 46225 0.04321408271789551 0.039398193359375 0.03200864791870117
 46656 0.04362773895263672 0.0396418571472168 0.03231096267700195
 47089 0.044246673583984375 0.04016590118408203 0.032553911209106445
 47524 0.044654130935668945 0.04041147232055664 0.032911062240600586
 47961 0.04525566101074219 0.04087638854980469 0.03316378593444824
 48400 0.0457463264465332 0.041260719299316406 0.033479928970336914
 48841 0.04617595672607422 0.04210352897644043 0.03379392623901367
 49284 0.04671168327331543 0.04198956489562988 0.03412318229675293
 49729 0.04715108871459961 0.04253506660461426 0.03438258171081543
 50176 0.04773235321044922 0.04291057586669922 0.034729719161987305
 50625 0.04819893836975098 0.04343152046203613 0.03509664535522461
 51076 0.04874897003173828 0.04407191276550293 0.03542137145996094
 51529 0.04937458038330078 0.04435276985168457 0.03576493263244629
 51984 0.04981350898742676 0.04466438293457031 0.03606557846069336
 52441 0.05036592483520508 0.045375823974609375 0.03637862205505371
 52900 0.050881147384643555 0.04563593864440918 0.03672432899475098
 53361 0.05138731002807617 0.046128034591674805 0.03708362579345703
 53824 0.05196833610534668 0.04640555381774902 0.037406206130981445
 54289 0.05221390724182129 0.04716181755065918 0.037668466567993164
 54756 0.05299520492553711 0.04742097854614258 0.03800058364868164
 55225 0.053527116775512695 0.0479578971862793 0.03837466239929199
 55696 0.05407357215881348 0.048300981521606445 0.03873014450073242
 56169 0.054739952087402344 0.04888296127319336 0.038991451263427734
 56644 0.055239200592041016 0.04919075965881348 0.039373159408569336
 57121 0.05546903610229492 0.049694061279296875 0.03966975212097168
 57600 0.05607104301452637 0.050046443939208984 0.04004049301147461
 58081 0.05686235427856445 0.05077219009399414 0.04037046432495117
 58564 0.05753302574157715 0.05119466781616211 0.040703535079956055
 59049 0.05793404579162598 0.051753997802734375 0.041014671325683594
 59536 0.0585329532623291 0.0520472526550293 0.04140520095825195
 60025 0.059075117111206055 0.05298256874084473 0.04157876968383789
 60516 0.05587315559387207 0.05357217788696289 0.04203200340270996
 61009 0.060333251953125 0.053330183029174805 0.04241037368774414
 61504 0.060984134674072266 0.0537867546081543 0.042746543884277344
 62001 0.06128215789794922 0.05447196960449219 0.04304361343383789
 62500 0.06316900253295898 0.056992292404174805 0.04352092742919922
 63001 0.06265044212341309 0.055335283279418945 0.04378080368041992
 63504 0.06296753883361816 0.05573439598083496 0.044150590896606445
 64009 0.0637056827545166 0.05626201629638672 0.04448080062866211
 64516 0.06433415412902832 0.05718636512756348 0.04501080513000488
 65025 0.0647118091583252 0.05709433555603027 0.04536294937133789
 65536 0.06561517715454102 0.057576894760131836 0.04573822021484375
 66049 0.06605648994445801 0.05821728706359863 0.04596352577209473
 66564 0.06662821769714355 0.05875682830810547 0.04627847671508789
 67081 0.06702566146850586 0.05968165397644043 0.04679155349731445
 67600 0.06773209571838379 0.05965065956115723 0.047151803970336914
 68121 0.06818866729736328 0.060240983963012695 0.04758858680725098
 68644 0.06902623176574707 0.0606541633605957 0.04795694351196289
 69169 0.06958985328674316 0.06126904487609863 0.048314809799194336
 69696 0.06999778747558594 0.0617680549621582 0.0486602783203125
 70225 0.07067155838012695 0.0628349781036377 0.04907631874084473
 70756 0.07140803337097168 0.06270265579223633 0.04943275451660156
 71289 0.07199501991271973 0.06318140029907227 0.04982757568359375
 71824 0.0725412368774414 0.0638577938079834 0.050223350524902344
 72361 0.07322835922241211 0.06445598602294922 0.05041861534118652
 72900 0.07374167442321777 0.06554985046386719 0.050843238830566406
 73441 0.07439470291137695 0.0655217170715332 0.05118227005004883
 73984 0.07510542869567871 0.06602621078491211 0.05157470703125
 74529 0.07570266723632812 0.06652140617370605 0.052065372467041016
 75076 0.0763547420501709 0.06699967384338379 0.05259442329406738
 75625 0.07702064514160156 0.06766247749328613 0.0529026985168457
 76176 0.07753992080688477 0.06812405586242676 0.05332636833190918
 76729 0.07826423645019531 0.06888341903686523 0.05350852012634277
 77284 0.07871389389038086 0.06987166404724121 0.05389881134033203
 77841 0.07941913604736328 0.06978821754455566 0.054489850997924805
 78400 0.08019566535949707 0.07031750679016113 0.05489921569824219
 78961 0.08068275451660156 0.07107281684875488 0.055278778076171875
 79524 0.08139204978942871 0.07161474227905273 0.0556941032409668
 80089 0.08202052116394043 0.07227349281311035 0.05611085891723633
 80656 0.08284902572631836 0.07284736633300781 0.05653953552246094
 81225 0.08343625068664551 0.07344794273376465 0.056841373443603516
 81796 0.08403253555297852 0.07413363456726074 0.05726766586303711
 82369 0.08471894264221191 0.07442426681518555 0.05749154090881348
 82944 0.08537030220031738 0.07490372657775879 0.05779623985290527
 83521 0.0852048397064209 0.07555890083312988 0.05827927589416504
 84100 0.08658194541931152 0.07616066932678223 0.05870461463928223
 84681 0.08750176429748535 0.07679986953735352 0.05929207801818848
 85264 0.0876927375793457 0.07777261734008789 0.059758663177490234
 85849 0.08846306800842285 0.07799458503723145 0.06014084815979004
 86436 0.08937621116638184 0.07858467102050781 0.0605623722076416
 87025 0.08988499641418457 0.07890796661376953 0.060778141021728516
 87616 0.09066510200500488 0.07967209815979004 0.0611574649810791
 88209 0.09132122993469238 0.08078670501708984 0.06150245666503906
 88804 0.09180641174316406 0.08081793785095215 0.06199240684509277
 89401 0.09232687950134277 0.08130741119384766 0.06270265579223633
 90000 0.09327912330627441 0.08213639259338379 0.06314945220947266
 90601 0.09390974044799805 0.0824437141418457 0.06362223625183105
 91204 0.09470343589782715 0.08309626579284668 0.06397724151611328
 91809 0.09627938270568848 0.08423638343811035 0.06421494483947754
 92416 0.09590601921081543 0.08408498764038086 0.06480121612548828
 93025 0.09665369987487793 0.08506608009338379 0.06495404243469238
 93636 0.0973978042602539 0.08543062210083008 0.06559538841247559
 94249 0.0979161262512207 0.0863962173461914 0.06612586975097656
 94864 0.0987708568572998 0.08660054206848145 0.0664207935333252
 95481 0.09982967376708984 0.08762192726135254 0.06668329238891602
 96100 0.09989023208618164 0.0880134105682373 0.06707549095153809
 96721 0.10079002380371094 0.08968973159790039 0.06790447235107422
 97344 0.10158801078796387 0.0891571044921875 0.06774592399597168
 97969 0.10264849662780762 0.09007978439331055 0.06870317459106445
 98596 0.10311174392700195 0.09153628349304199 0.0691077709197998
 99225 0.10375761985778809 0.0912165641784668 0.06960535049438477
 99856 0.10437941551208496 0.0919804573059082 0.06995391845703125
 100489 0.10492539405822754 0.09280133247375488 0.07021737098693848
 101124 0.10592222213745117 0.09385967254638672 0.0706644058227539
 101761 0.10657572746276855 0.0940704345703125 0.0714564323425293
 102400 0.1073598861694336 0.0947425365447998 0.07182860374450684
 103041 0.10822200775146484 0.09511947631835938 0.07204222679138184
 103684 0.10876607894897461 0.09583854675292969 0.07271718978881836
 104329 0.1094365119934082 0.09676957130432129 0.07299304008483887
 104976 0.11010527610778809 0.09791445732116699 0.07337760925292969
 105625 0.11091971397399902 0.09877157211303711 0.07407069206237793
 106276 0.11191105842590332 0.0994257926940918 0.07453155517578125
 106929 0.11243987083435059 0.10000061988830566 0.07470703125
 107584 0.11298680305480957 0.10080170631408691 0.0755147933959961
 108241 0.1138916015625 0.10104799270629883 0.0756826400756836
 108900 0.11440348625183105 0.10186362266540527 0.0761253833770752
 109561 0.11533212661743164 0.10199093818664551 0.0769033432006836
 110224 0.11604738235473633 0.1026923656463623 0.07732963562011719
 110889 0.11716651916503906 0.10364842414855957 0.07779335975646973
 111556 0.11767768859863281 0.10392117500305176 0.07831883430480957
 112225 0.11831474304199219 0.10525155067443848 0.07873320579528809
 112896 0.11931300163269043 0.10538744926452637 0.07924890518188477
 113569 0.12001800537109375 0.1061854362487793 0.07939791679382324
 114244 0.1206657886505127 0.10695695877075195 0.07991933822631836
 114921 0.12148118019104004 0.1087656021118164 0.0803232192993164
 115600 0.1222982406616211 0.10830116271972656 0.08087563514709473
 116281 0.1228642463684082 0.10859155654907227 0.08136677742004395
 116964 0.12317991256713867 0.11022448539733887 0.08181405067443848
 117649 0.12476301193237305 0.11021113395690918 0.08266067504882812
 118336 0.12504053115844727 0.11209464073181152 0.0827023983001709
 119025 0.125870943069458 0.11162137985229492 0.08355832099914551
 119716 0.12652134895324707 0.11333656311035156 0.08411502838134766
 120409 0.1277320384979248 0.1133432388305664 0.08449149131774902
 121104 0.12827563285827637 0.11490607261657715 0.08495807647705078
 121801 0.12905573844909668 0.11467623710632324 0.08521819114685059
 122500 0.12981438636779785 0.11568474769592285 0.08573102951049805
 123201 0.13061904907226562 0.11614465713500977 0.08620047569274902
 123904 0.131453275680542 0.1171879768371582 0.08674216270446777
 124609 0.1324748992919922 0.11790037155151367 0.0875709056854248
 125316 0.133101224899292 0.11965775489807129 0.08810567855834961
 126025 0.13385987281799316 0.12002825736999512 0.0881659984588623
 126736 0.1347799301147461 0.1204996109008789 0.08866715431213379
 127449 0.13619518280029297 0.12092232704162598 0.08954977989196777
 128164 0.13612031936645508 0.12149620056152344 0.09006428718566895
 128881 0.13690423965454102 0.12285542488098145 0.09024190902709961
 129600 0.13782501220703125 0.12446355819702148 0.09069061279296875
 130321 0.13842415809631348 0.12551093101501465 0.09123897552490234
 131044 0.1395580768585205 0.12642431259155273 0.09174966812133789
 131769 0.1403827667236328 0.12686371803283691 0.0926663875579834
 132496 0.14128518104553223 0.1263117790222168 0.0931694507598877
 133225 0.14201760292053223 0.1285231113433838 0.09328961372375488
 133956 0.14249753952026367 0.12904095649719238 0.09380435943603516
 134689 0.14363861083984375 0.1291506290435791 0.0947263240814209
 135424 0.14435982704162598 0.12991786003112793 0.09513568878173828
 136161 0.14527225494384766 0.13048076629638672 0.09523844718933105
 136900 0.13573670387268066 0.13094210624694824 0.09576845169067383
 137641 0.14682984352111816 0.13250517845153809 0.09633874893188477
 138384 0.14713120460510254 0.13440442085266113 0.09687042236328125
 139129 0.14875459671020508 0.13388466835021973 0.0977482795715332
 139876 0.15217995643615723 0.1402273178100586 0.09827589988708496
 140625 0.14986729621887207 0.13684606552124023 0.09882903099060059
 141376 0.151519775390625 0.13654708862304688 0.09940361976623535
 142129 0.15198206901550293 0.13773274421691895 0.09894704818725586
 142884 0.1526024341583252 0.13811564445495605 0.10003542900085449
 143641 0.1532886028289795 0.1390392780303955 0.10057592391967773
 144400 0.15430712699890137 0.1393125057220459 0.10111021995544434
 145161 0.15520381927490234 0.14063525199890137 0.10197925567626953
 145924 0.15628266334533691 0.14168930053710938 0.10204529762268066
 146689 0.1570289134979248 0.14315080642700195 0.10266780853271484
 147456 0.15784454345703125 0.1434040069580078 0.1032412052154541
 148225 0.1587998867034912 0.14427804946899414 0.10381007194519043
 148996 0.16037869453430176 0.14609956741333008 0.10436892509460449
 149769 0.16050505638122559 0.1457219123840332 0.10529136657714844
 150544 0.16164040565490723 0.14639854431152344 0.1058344841003418
 151321 0.16197991371154785 0.14747214317321777 0.10648202896118164
 152100 0.16300225257873535 0.14962124824523926 0.1069333553314209
 152881 0.1642165184020996 0.1492002010345459 0.10712742805480957
 153664 0.16499638557434082 0.1502056121826172 0.10773229598999023
 154449 0.16577839851379395 0.15043425559997559 0.10876703262329102
 155236 0.16677618026733398 0.15158629417419434 0.10910224914550781
 156025 0.16759848594665527 0.15209674835205078 0.10971713066101074
 156816 0.16840791702270508 0.15363383293151855 0.11033177375793457
 157609 0.16910600662231445 0.15435004234313965 0.11091279983520508
 158404 0.17021846771240234 0.15531492233276367 0.11152195930480957
 159201 0.17081522941589355 0.15567445755004883 0.11204171180725098
 160000 0.17266511917114258 0.15823817253112793 0.11254167556762695
 160801 0.1725783348083496 0.15914225578308105 0.11314892768859863
 161604 0.1735093593597412 0.15897178649902344 0.11358070373535156
 162409 0.17449641227722168 0.15953850746154785 0.11410760879516602
 163216 0.17552804946899414 0.16115641593933105 0.11484193801879883
 164025 0.17684602737426758 0.16112995147705078 0.11527252197265625
 164836 0.17759442329406738 0.1625218391418457 0.1158759593963623
 165649 0.1786670684814453 0.16269278526306152 0.1159217357635498
 166464 0.1792294979095459 0.1642918586730957 0.11653327941894531
 167281 0.18098092079162598 0.16449189186096191 0.11709475517272949
 168100 0.1820363998413086 0.1673877239227295 0.11757802963256836
 168921 0.1827859878540039 0.16659140586853027 0.11863064765930176
 169744 0.18376922607421875 0.16961288452148438 0.11931157112121582
 170569 0.1838061809539795 0.16797542572021484 0.11936354637145996
 171396 0.18555140495300293 0.16994047164916992 0.11997056007385254
 172225 0.18608403205871582 0.17017841339111328 0.12094497680664062
 173056 0.1872706413269043 0.17145180702209473 0.12165093421936035
 173889 0.18842697143554688 0.17179203033447266 0.12222075462341309
 174724 0.1893014907836914 0.17403006553649902 0.12279844284057617
 175561 0.19052577018737793 0.17368412017822266 0.12294220924377441
 176400 0.19105815887451172 0.17539310455322266 0.12397336959838867
 177241 0.19169402122497559 0.17598962783813477 0.12406158447265625
 178084 0.19225192070007324 0.17733407020568848 0.1245884895324707
 178929 0.19359898567199707 0.17940807342529297 0.12582159042358398
 179776 0.19497466087341309 0.18054699897766113 0.1263277530670166
 180625 0.19535088539123535 0.18104290962219238 0.12702536582946777
 181476 0.19652652740478516 0.18200469017028809 0.12758517265319824
 182329 0.1976151466369629 0.18318963050842285 0.12819504737854004
 183184 0.19844317436218262 0.18466949462890625 0.12876582145690918
 184041 0.19949722290039062 0.1831667423248291 0.12926888465881348
 184900 0.20089960098266602 0.18643474578857422 0.12996673583984375
 185761 0.2010500431060791 0.1854391098022461 0.13040995597839355
 186624 0.20199060440063477 0.1868588924407959 0.13138151168823242
 187489 0.20356988906860352 0.18835139274597168 0.13190078735351562
 188356 0.2040538787841797 0.18905043601989746 0.13251447677612305
 189225 0.20560431480407715 0.18905043601989746 0.13251709938049316
 190096 0.20627045631408691 0.19109797477722168 0.13308119773864746
 190969 0.2072608470916748 0.19134259223937988 0.13373827934265137
 191844 0.20828652381896973 0.19271230697631836 0.13435006141662598
 192721 0.20948052406311035 0.19508099555969238 0.13489222526550293
 193600 0.21077203750610352 0.19481992721557617 0.13562607765197754
 194481 0.21113061904907227 0.19685006141662598 0.13613653182983398
 195364 0.21170496940612793 0.1971573829650879 0.1368553638458252
 196249 0.2130436897277832 0.19832968711853027 0.13741302490234375
 197136 0.21404647827148438 0.20020079612731934 0.1380465030670166
 198025 0.21506929397583008 0.19941020011901855 0.13856935501098633
 198916 0.2157440185546875 0.20275282859802246 0.13931536674499512
 199809 0.2172989845275879 0.20145010948181152 0.13988351821899414
 200704 0.21765828132629395 0.2039809226989746 0.1405026912689209
 201601 0.2191014289855957 0.20356011390686035 0.1410675048828125
 202500 0.2205045223236084 0.2052617073059082 0.14177536964416504
 203401 0.22078943252563477 0.20551776885986328 0.1428980827331543
 204304 0.22220253944396973 0.20730805397033691 0.14371085166931152
 205209 0.22365188598632812 0.20758748054504395 0.1443188190460205
 206116 0.2244274616241455 0.20891737937927246 0.14477849006652832
 207025 0.2251904010772705 0.20915508270263672 0.14564085006713867
 207936 0.22616219520568848 0.21207261085510254 0.14599132537841797
 208849 0.2270822525024414 0.21160125732421875 0.14696764945983887
 209764 0.22865629196166992 0.21309804916381836 0.14757490158081055
 210681 0.2292788028717041 0.2139754295349121 0.14818882942199707
 211600 0.23068594932556152 0.2168715000152588 0.14882254600524902
 212521 0.23141908645629883 0.2164289951324463 0.14948081970214844
 213444 0.23248577117919922 0.21770524978637695 0.15027117729187012
 214369 0.23347926139831543 0.21918964385986328 0.15078330039978027
 215296 0.23413968086242676 0.21988296508789062 0.15148615837097168
 216225 0.2349841594696045 0.22024130821228027 0.1520838737487793
 217156 0.23671197891235352 0.22359275817871094 0.15260529518127441
 218089 0.2375316619873047 0.22230958938598633 0.153242826461792
 219024 0.23833084106445312 0.2263636589050293 0.1540355682373047
 219961 0.23961544036865234 0.2248668670654297 0.15464544296264648
 220900 0.2406764030456543 0.22609758377075195 0.1552903652191162
 221841 0.24213004112243652 0.22783374786376953 0.15595507621765137
 222784 0.24242806434631348 0.228468656539917 0.1567838191986084
 223729 0.24394583702087402 0.2289268970489502 0.15727996826171875
 224676 0.24524927139282227 0.23261094093322754 0.15789437294006348
 225625 0.24739408493041992 0.23223185539245605 0.15871500968933105
 226576 0.24731731414794922 0.23283839225769043 0.1592252254486084
 227529 0.24799513816833496 0.23283982276916504 0.16019964218139648
 228484 0.24944257736206055 0.23442316055297852 0.16060733795166016
 229441 0.2502937316894531 0.23539018630981445 0.16135311126708984
 230400 0.2516059875488281 0.23700976371765137 0.16194987297058105
 231361 0.2526271343231201 0.23748564720153809 0.16274619102478027
 232324 0.2536661624908447 0.2381877899169922 0.16359686851501465
 233289 0.25433802604675293 0.2398819923400879 0.16411375999450684
 234256 0.2557337284088135 0.2411975860595703 0.16477036476135254
 235225 0.257185697555542 0.24324536323547363 0.16520905494689941
 236196 0.25911498069763184 0.2458043098449707 0.1660616397857666
 237169 0.2593231201171875 0.24390339851379395 0.16672611236572266
 238144 0.2602198123931885 0.24631500244140625 0.16735506057739258
 239121 0.2621040344238281 0.24822783470153809 0.16794705390930176
 240100 0.261974573135376 0.2479844093322754 0.16892695426940918
 241081 0.26320624351501465 0.25011134147644043 0.16957354545593262
 242064 0.26634716987609863 0.2501351833343506 0.17037677764892578
 243049 0.26601266860961914 0.25240468978881836 0.17081475257873535
 244036 0.26685452461242676 0.2520751953125 0.17081165313720703
 245025 0.24817800521850586 0.25598740577697754 0.1714191436767578
 246016 0.2694253921508789 0.25394129753112793 0.17197942733764648
 247009 0.269589900970459 0.2552776336669922 0.17261433601379395
 248004 0.27220582962036133 0.2581064701080322 0.1743936538696289
 249001 0.2786719799041748 0.27179765701293945 0.175032377243042
 250000 0.2730064392089844 0.25846242904663086 0.17574620246887207
 251001 0.274890661239624 0.2597835063934326 0.17658710479736328
 252004 0.27583909034729004 0.26085805892944336 0.17717528343200684
 253009 0.27699851989746094 0.26466965675354004 0.17795825004577637
 254016 0.27788829803466797 0.2659142017364502 0.17872023582458496
 255025 0.27941393852233887 0.26730847358703613 0.17932701110839844
 256036 0.28000569343566895 0.26590418815612793 0.18022513389587402
 257049 0.2821323871612549 0.26699233055114746 0.18082046508789062
 258064 0.28226780891418457 0.2678368091583252 0.1816401481628418
 259081 0.284421443939209 0.2692437171936035 0.18217062950134277
 260100 0.28502464294433594 0.27075695991516113 0.18289852142333984
 261121 0.28710198402404785 0.2735745906829834 0.18315863609313965
 262144 0.28801560401916504 0.2722969055175781 0.18441200256347656
 263169 0.2883327007293701 0.27294230461120605 0.18514156341552734
 264196 0.28888893127441406 0.2767982482910156 0.18570637702941895
 265225 0.29087281227111816 0.2761189937591553 0.18659424781799316
 266256 0.2917618751525879 0.2787361145019531 0.18723797798156738
 267289 0.29306912422180176 0.279282808303833 0.18787813186645508
 268324 0.2945101261138916 0.28118467330932617 0.18833088874816895
 269361 0.29565000534057617 0.2809937000274658 0.18928766250610352
 270400 0.2969629764556885 0.2846379280090332 0.18927717208862305
 271441 0.298046350479126 0.2843501567840576 0.19002079963684082
 272484 0.29874753952026367 0.28412461280822754 0.1907215118408203
 273529 0.3006925582885742 0.28595709800720215 0.19126605987548828
 274576 0.30082178115844727 0.28987932205200195 0.19211030006408691
 275625 0.30246686935424805 0.2902867794036865 0.19285273551940918
 276676 0.3030567169189453 0.2903296947479248 0.19364643096923828
 277729 0.30400967597961426 0.2914102077484131 0.19539475440979004
 278784 0.30520081520080566 0.2918264865875244 0.19620895385742188
 279841 0.3071248531341553 0.29347753524780273 0.19678640365600586
 280900 0.30786919593811035 0.29484009742736816 0.1972212791442871
 281961 0.30965113639831543 0.2968909740447998 0.1984882354736328
 283024 0.3114593029022217 0.29880475997924805 0.19903039932250977
 284089 0.31220483779907227 0.29790234565734863 0.19956040382385254
 285156 0.31284189224243164 0.29897141456604004 0.2005023956298828
 286225 0.31406497955322266 0.300384521484375 0.20122981071472168
 287296 0.31521105766296387 0.30402183532714844 0.20182442665100098
 288369 0.31623244285583496 0.30205440521240234 0.20287418365478516
 289444 0.3175036907196045 0.30484819412231445 0.20353102684020996
 290521 0.3191976547241211 0.3070218563079834 0.20424389839172363
 291600 0.32004809379577637 0.3071763515472412 0.20504069328308105
 292681 0.32207512855529785 0.3102099895477295 0.20567750930786133
 293764 0.32203054428100586 0.310122013092041 0.20659875869750977
 294849 0.3242611885070801 0.31065845489501953 0.20646381378173828
 295936 0.3260526657104492 0.3115391731262207 0.20695877075195312
 297025 0.3278670310974121 0.31418275833129883 0.20785164833068848
 298116 0.3280627727508545 0.31412363052368164 0.20858383178710938
 299209 0.3304109573364258 0.3153095245361328 0.20943927764892578
 300304 0.3310356140136719 0.3164370059967041 0.210113525390625
 301401 0.333873987197876 0.31749725341796875 0.21100521087646484
 302500 0.3334808349609375 0.31893348693847656 0.2116687297821045
 303601 0.3341941833496094 0.3195972442626953 0.2123861312866211
 304704 0.3362245559692383 0.32122111320495605 0.21329545974731445
 305809 0.33701562881469727 0.3227548599243164 0.21399545669555664
 306916 0.337937593460083 0.32361388206481934 0.21478748321533203
 308025 0.33954620361328125 0.32543230056762695 0.2153911590576172
 309136 0.34063029289245605 0.32797718048095703 0.21625375747680664
 310249 0.34192395210266113 0.3301682472229004 0.21694612503051758
 311364 0.34271931648254395 0.32915210723876953 0.21891236305236816
 312481 0.3442378044128418 0.3313133716583252 0.21988654136657715
 313600 0.3452932834625244 0.33142685890197754 0.2204885482788086
 314721 0.34649109840393066 0.33364152908325195 0.22144126892089844
 315844 0.34877848625183105 0.33666253089904785 0.22156667709350586
 316969 0.3504486083984375 0.3374197483062744 0.22276759147644043
 318096 0.3496406078338623 0.3366060256958008 0.22368550300598145
 319225 0.35231995582580566 0.3407871723175049 0.22448301315307617
 320356 0.35369396209716797 0.3390522003173828 0.22508764266967773
 321489 0.35428857803344727 0.3428611755371094 0.2259833812713623
 322624 0.3559131622314453 0.3444864749908447 0.22699379920959473
 323761 0.3572390079498291 0.3463315963745117 0.2276310920715332
 324900 0.35827183723449707 0.34758901596069336 0.22849369049072266
 326041 0.35970568656921387 0.34811949729919434 0.22911667823791504
 327184 0.3609941005706787 0.3494997024536133 0.23013806343078613
 328329 0.36096811294555664 0.35045790672302246 0.2308645248413086
 329476 0.36314821243286133 0.3525209426879883 0.23154878616333008
 330625 0.36548590660095215 0.3535447120666504 0.23237848281860352
 331776 0.3663482666015625 0.3529202938079834 0.23328256607055664
 332929 0.3671419620513916 0.3568398952484131 0.23417067527770996
 334084 0.36920166015625 0.35677123069763184 0.234846830368042
 335241 0.3709123134613037 0.359607458114624 0.2357325553894043
 336400 0.3709681034088135 0.36057376861572266 0.2365589141845703
 337561 0.372722864151001 0.36075735092163086 0.23694062232971191
 338724 0.37442636489868164 0.3638885021209717 0.2379443645477295
 339889 0.3774394989013672 0.3630836009979248 0.2386467456817627
 341056 0.3762812614440918 0.36597442626953125 0.23980093002319336
 342225 0.37825798988342285 0.36627674102783203 0.24051308631896973
 343396 0.3797929286956787 0.3689236640930176 0.2413029670715332
 344569 0.3805110454559326 0.36998748779296875 0.24218034744262695
 345744 0.3825714588165283 0.3711538314819336 0.24316811561584473
 346921 0.3828907012939453 0.3702430725097656 0.2437729835510254
 348100 0.3839845657348633 0.37476348876953125 0.24467825889587402
 349281 0.3856475353240967 0.3763418197631836 0.24558115005493164
 350464 0.3866438865661621 0.37736034393310547 0.24658203125
 351649 0.38832545280456543 0.3782005310058594 0.24692392349243164
 352836 0.38962411880493164 0.3774292469024658 0.24831652641296387
 354025 0.3907759189605713 0.37811899185180664 0.24880766868591309
 355216 0.3925437927246094 0.3815329074859619 0.24979877471923828
 356409 0.3936948776245117 0.38158750534057617 0.24984216690063477
 357604 0.3944816589355469 0.38527917861938477 0.2511434555053711
 358801 0.39596056938171387 0.3872528076171875 0.25234150886535645
 360000 0.39888930320739746 0.3859076499938965 0.2529582977294922
 361201 0.39923787117004395 0.39049220085144043 0.2538106441497803
 362404 0.3995680809020996 0.39125657081604004 0.2548635005950928
 363609 0.401486873626709 0.3922123908996582 0.25533437728881836
 364816 0.40294790267944336 0.3909645080566406 0.2564890384674072
 366025 0.40500402450561523 0.3950686454772949 0.25685882568359375
 367236 0.40511322021484375 0.3969755172729492 0.25814104080200195
 368449 0.4077026844024658 0.39960169792175293 0.25874996185302734
 369664 0.4073493480682373 0.4001486301422119 0.25949525833129883
 370881 0.41062259674072266 0.40016818046569824 0.26082754135131836
 372100 0.4110095500946045 0.3996152877807617 0.2616727352142334
 373321 0.4132363796234131 0.402191162109375 0.26247477531433105
 374544 0.4137914180755615 0.4059715270996094 0.26303648948669434
 375769 0.4164249897003174 0.4070596694946289 0.2643280029296875
 376996 0.4169597625732422 0.406644344329834 0.26474833488464355
 378225 0.4191417694091797 0.4104585647583008 0.26598691940307617
 379456 0.4201493263244629 0.40778088569641113 0.266632080078125
 380689 0.42049717903137207 0.41068077087402344 0.26767730712890625
 381924 0.42233943939208984 0.41377830505371094 0.26840972900390625
 383161 0.42389345169067383 0.41732239723205566 0.2689974308013916
 384400 0.42523956298828125 0.41486454010009766 0.2685086727142334
 385641 0.39474058151245117 0.41795778274536133 0.27056384086608887
 386884 0.4282078742980957 0.4217865467071533 0.2719736099243164
 388129 0.42899537086486816 0.4199354648590088 0.2727034091949463
 389376 0.43070363998413086 0.42469239234924316 0.2737307548522949
 390625 0.44319653511047363 0.44892334938049316 0.27449512481689453
 391876 0.4335765838623047 0.42784643173217773 0.27484941482543945
 393129 0.436676025390625 0.42859578132629395 0.27533745765686035
 394384 0.43575358390808105 0.42610645294189453 0.27712416648864746
 395641 0.437788724899292 0.428333044052124 0.27790212631225586
 396900 0.43805766105651855 0.4303402900695801 0.27856898307800293
 398161 0.44049811363220215 0.43499255180358887 0.2792844772338867
 399424 0.4416780471801758 0.43624138832092285 0.28063273429870605
 400689 0.44311976432800293 0.4338953495025635 0.2815690040588379
 401956 0.4442617893218994 0.43672895431518555 0.2825605869293213
 403225 0.4466543197631836 0.44025707244873047 0.283217191696167
 404496 0.4478483200073242 0.4443352222442627 0.28382253646850586
 405769 0.44870781898498535 0.44281435012817383 0.2847898006439209
 407044 0.4503340721130371 0.4426877498626709 0.285916805267334
 408321 0.4526402950286865 0.4470996856689453 0.2868173122406006
 409600 0.4537818431854248 0.4486508369445801 0.28778719902038574
 410881 0.4549698829650879 0.44649767875671387 0.28879523277282715
 412164 0.455920934677124 0.45149779319763184 0.28974080085754395
 413449 0.45761775970458984 0.4497041702270508 0.2906019687652588
 414736 0.4591639041900635 0.45614004135131836 0.29146361351013184
 416025 0.46193528175354004 0.45371103286743164 0.2922194004058838
 417316 0.46107935905456543 0.45835304260253906 0.29123377799987793
 418609 0.4637148380279541 0.4593639373779297 0.29282236099243164
 419904 0.4645047187805176 0.46158814430236816 0.2931246757507324
 421201 0.4656648635864258 0.46205949783325195 0.2944934368133545
 422500 0.4691770076751709 0.4624605178833008 0.2948133945465088
 423801 0.4693124294281006 0.4627223014831543 0.2957642078399658
 425104 0.4696934223175049 0.4660303592681885 0.29700517654418945
 426409 0.4724540710449219 0.46777963638305664 0.29964327812194824
 427716 0.4739692211151123 0.47049641609191895 0.3004117012023926
 429025 0.47541356086730957 0.47182559967041016 0.3012404441833496
 430336 0.4765322208404541 0.47069549560546875 0.3017096519470215
 431649 0.4780857563018799 0.47179079055786133 0.3033914566040039
 432964 0.4794490337371826 0.47756075859069824 0.30370187759399414
 434281 0.4807760715484619 0.4778437614440918 0.30505919456481934
 435600 0.4827849864959717 0.4801926612854004 0.30644702911376953
 436921 0.4836146831512451 0.47752857208251953 0.3067042827606201
 438244 0.4853227138519287 0.48455286026000977 0.30761265754699707
 439569 0.48729467391967773 0.4816930294036865 0.3089315891265869
 440896 0.4880506992340088 0.4837532043457031 0.3091738224029541
 442225 0.48940443992614746 0.4874105453491211 0.31081652641296387
 443556 0.49179983139038086 0.4899263381958008 0.31079626083374023
 444889 0.49276089668273926 0.4889678955078125 0.31246280670166016
 446224 0.4953923225402832 0.4912443161010742 0.3131744861602783
 447561 0.4957728385925293 0.4912750720977783 0.31446218490600586
 448900 0.49814367294311523 0.4937262535095215 0.3147265911102295
 450241 0.4988861083984375 0.4943420886993408 0.31630778312683105
 451584 0.5003242492675781 0.4982929229736328 0.3169126510620117
 452929 0.5017869472503662 0.5007855892181396 0.31780314445495605
 454276 0.5031328201293945 0.49805188179016113 0.3188929557800293
 455625 0.5042200088500977 0.5029008388519287 0.3196549415588379
 456976 0.5072963237762451 0.5072031021118164 0.3211703300476074
 458329 0.5076825618743896 0.504749059677124 0.32184743881225586
 459684 0.5094051361083984 0.5087838172912598 0.32314181327819824
 461041 0.5124552249908447 0.5055108070373535 0.3237490653991699
 462400 0.5123770236968994 0.5126664638519287 0.3242020606994629
 463761 0.5148947238922119 0.5117912292480469 0.32533788681030273
 465124 0.5156760215759277 0.5143728256225586 0.3263366222381592
 466489 0.5176048278808594 0.5170600414276123 0.3261866569519043
 467856 0.5185506343841553 0.5181496143341064 0.3270895481109619
 469225 0.519181489944458 0.5183134078979492 0.32802391052246094
 470596 0.5210385322570801 0.5205285549163818 0.32790064811706543
 471969 0.52274489402771 0.5229301452636719 0.3292567729949951
 473344 0.5241568088531494 0.5237245559692383 0.3299074172973633
 474721 0.5272414684295654 0.5245833396911621 0.33196306228637695
 476100 0.5292637348175049 0.5277941226959229 0.332033634185791
 477481 0.5297508239746094 0.5238628387451172 0.3324863910675049
 478864 0.530482292175293 0.5318286418914795 0.33426332473754883
 480249 0.5325963497161865 0.5302784442901611 0.3353114128112793
 481636 0.5348293781280518 0.5362017154693604 0.3366272449493408
 483025 0.5357017517089844 0.5334429740905762 0.337756872177124
 484416 0.5361552238464355 0.5382792949676514 0.33861422538757324
 485809 0.5387027263641357 0.5372965335845947 0.33873486518859863
 487204 0.5414161682128906 0.5419819355010986 0.34050583839416504
 488601 0.5419774055480957 0.5412039756774902 0.34322404861450195
 490000 0.541243314743042 0.5427401065826416 0.34420204162597656
 491401 0.5450742244720459 0.5471069812774658 0.34508252143859863
 492804 0.5460093021392822 0.5475115776062012 0.34575390815734863
 494209 0.5479404926300049 0.5465786457061768 0.3470933437347412
 495616 0.5493021011352539 0.5526096820831299 0.34804463386535645
 497025 0.5509927272796631 0.5523762702941895 0.3486440181732178
 498436 0.5529544353485107 0.5550203323364258 0.3500223159790039
 499849 0.5536038875579834 0.5556085109710693 0.3508121967315674
 501264 0.5561256408691406 0.5565793514251709 0.35204291343688965
 502681 0.5572953224182129 0.5588974952697754 0.35286951065063477
 504100 0.5592737197875977 0.5588665008544922 0.3540816307067871
 505521 0.5604522228240967 0.5594029426574707 0.3550076484680176
 506944 0.5624933242797852 0.565377950668335 0.3560502529144287
 508369 0.563575267791748 0.5632288455963135 0.35682034492492676
 509796 0.566542387008667 0.569770097732544 0.358076810836792
 511225 0.5708262920379639 0.5671482086181641 0.35906100273132324
 512656 0.5691347122192383 0.5723984241485596 0.3599414825439453
 514089 0.5702834129333496 0.5718958377838135 0.36090755462646484
 515524 0.5719366073608398 0.5748581886291504 0.36120104789733887
 516961 0.5732250213623047 0.5751934051513672 0.36296558380126953
 518400 0.574791431427002 0.5801634788513184 0.36397409439086914
 519841 0.5768318176269531 0.5784029960632324 0.3643348217010498
 521284 0.5780186653137207 0.5828094482421875 0.36524415016174316
 522729 0.5798361301422119 0.5811154842376709 0.36693906784057617
 524176 0.5843663215637207 0.5856015682220459 0.3680405616760254
 525625 0.5839660167694092 0.5867292881011963 0.36928796768188477
 527076 0.5852327346801758 0.5885281562805176 0.3693983554840088
 528529 0.5860497951507568 0.5881309509277344 0.37069272994995117
 529984 0.5874583721160889 0.5903921127319336 0.3709385395050049
 531441 0.5899136066436768 0.5908303260803223 0.3730199337005615
 532900 0.591322660446167 0.5949673652648926 0.3744494915008545
 534361 0.5938920974731445 0.5946357250213623 0.3748953342437744
 535824 0.5951342582702637 0.598313570022583 0.3760719299316406
 537289 0.5957839488983154 0.5998737812042236 0.37740516662597656
 538756 0.598273515701294 0.5995578765869141 0.37807345390319824
 540225 0.5988607406616211 0.6035423278808594 0.37907862663269043
 541696 0.6004965305328369 0.6070129871368408 0.38005590438842773
 543169 0.6025948524475098 0.6076970100402832 0.3812832832336426
 544644 0.6044325828552246 0.6109902858734131 0.38255810737609863
 546121 0.6061065196990967 0.6115865707397461 0.3822672367095947
 547600 0.6075906753540039 0.6139154434204102 0.38449811935424805
 549081 0.6100590229034424 0.6143388748168945 0.38541126251220703
 550564 0.6106233596801758 0.6176528930664062 0.3857100009918213
 552049 0.6131300926208496 0.6194343566894531 0.38752055168151855
 553536 0.614387035369873 0.6218562126159668 0.38788318634033203
 555025 0.6160280704498291 0.6225640773773193 0.3875858783721924
 556516 0.6180849075317383 0.6253278255462646 0.38855481147766113
 558009 0.5735633373260498 0.6262826919555664 0.3897542953491211
 559504 0.6211769580841064 0.6280269622802734 0.3907814025878906
 561001 0.624459981918335 0.6293103694915771 0.39127683639526367
 562500 0.6243104934692383 0.6301162242889404 0.3919181823730469
 564001 0.6421463489532471 0.6720244884490967 0.39382266998291016
 565504 0.627418041229248 0.6348180770874023 0.39394068717956543
 567009 0.6311023235321045 0.6340281963348389 0.3960883617401123
 568516 0.6314787864685059 0.636430025100708 0.39716029167175293
 570025 0.633453369140625 0.6384992599487305 0.3981184959411621
 571536 0.6341776847839355 0.6395273208618164 0.3993065357208252
 573049 0.6360809803009033 0.644697904586792 0.3998105525970459
 574564 0.637833833694458 0.6449155807495117 0.4012718200683594
 576081 0.6397299766540527 0.6436924934387207 0.4024333953857422
 577600 0.6407561302185059 0.6482183933258057 0.40369248390197754
 579121 0.6430590152740479 0.652587890625 0.4043445587158203
 580644 0.644843578338623 0.6518683433532715 0.4052908420562744
 582169 0.6474788188934326 0.6542940139770508 0.40665340423583984
 583696 0.6482017040252686 0.6577396392822266 0.40769076347351074
 585225 0.6502814292907715 0.6570162773132324 0.4085805416107178
 586756 0.6518769264221191 0.6611285209655762 0.4086496829986572
 588289 0.6534373760223389 0.6601955890655518 0.40999865531921387
 589824 0.6549203395843506 0.6639916896820068 0.41198039054870605
 591361 0.6566200256347656 0.6677658557891846 0.4130380153656006
 592900 0.6578686237335205 0.669273853302002 0.4141204357147217
 594441 0.6624660491943359 0.6716806888580322 0.41440463066101074
 595984 0.662034273147583 0.6728403568267822 0.4163503646850586
 597529 0.6628308296203613 0.6717517375946045 0.41739797592163086
 599076 0.6648139953613281 0.6696410179138184 0.41759657859802246
 600625 0.6669530868530273 0.6768569946289062 0.41936707496643066
 602176 0.6684706211090088 0.6772940158843994 0.4203605651855469
 603729 0.6702826023101807 0.6809425354003906 0.42150115966796875
 605284 0.6727964878082275 0.6818637847900391 0.4221513271331787
 606841 0.67453932762146 0.6853368282318115 0.4235689640045166
 608400 0.6754302978515625 0.6864941120147705 0.4237971305847168
 609961 0.6779191493988037 0.6877357959747314 0.4259946346282959
 611524 0.679793119430542 0.6866333484649658 0.42718052864074707
 613089 0.681145429611206 0.6937830448150635 0.42758798599243164
 614656 0.6828708648681641 0.6910078525543213 0.4282863140106201
 616225 0.6850178241729736 0.6963446140289307 0.43035149574279785
 617796 0.6871907711029053 0.6979146003723145 0.4315364360809326
 619369 0.6876800060272217 0.6972606182098389 0.4324173927307129
 620944 0.6890385150909424 0.70001220703125 0.43363261222839355
 622521 0.6923377513885498 0.7041356563568115 0.43474650382995605
 624100 0.6941251754760742 0.705460786819458 0.4357490539550781
 625681 0.6945762634277344 0.7059755325317383 0.43691539764404297
 627264 0.6964874267578125 0.7092108726501465 0.4376075267791748
 628849 0.6994554996490479 0.7096590995788574 0.4403855800628662
 630436 0.6990315914154053 0.7129483222961426 0.44231486320495605
 632025 0.7022249698638916 0.713484525680542 0.44241976737976074
 633616 0.7040565013885498 0.7147257328033447 0.4439220428466797
 635209 0.705937385559082 0.7166621685028076 0.4457974433898926
 636804 0.707751989364624 0.7208242416381836 0.44684290885925293
 638401 0.7101483345031738 0.7212064266204834 0.44695401191711426
 640000 0.7121763229370117 0.7239434719085693 0.44916200637817383
 641601 0.7124524116516113 0.727647066116333 0.44966769218444824
 643204 0.7160928249359131 0.7221765518188477 0.45119190216064453
 644809 0.7171509265899658 0.7280101776123047 0.4518892765045166
 646416 0.7187044620513916 0.7262649536132812 0.45374321937561035
 648025 0.7202956676483154 0.7336070537567139 0.45357751846313477
 649636 0.7216742038726807 0.7349977493286133 0.45559144020080566
 651249 0.725132942199707 0.7364978790283203 0.4567070007324219
 652864 0.7256028652191162 0.7395148277282715 0.4568662643432617
 654481 0.7276449203491211 0.7423079013824463 0.458388090133667
 656100 0.7283527851104736 0.744110107421875 0.459519624710083
 657721 0.7311820983886719 0.7474391460418701 0.46154236793518066
 659344 0.7326481342315674 0.747920036315918 0.46273159980773926
 660969 0.7346324920654297 0.750260591506958 0.4636805057525635
 662596 0.73598313331604 0.7490417957305908 0.4643857479095459
 664225 0.7389543056488037 0.7541298866271973 0.4648447036743164
 665856 0.739555835723877 0.7566993236541748 0.46704602241516113
 667489 0.7423021793365479 0.7589166164398193 0.4681887626647949
 669124 0.742638111114502 0.7586884498596191 0.4687187671661377
 670761 0.7449989318847656 0.7616240978240967 0.4705839157104492
 672400 0.7474029064178467 0.7643189430236816 0.47150230407714844
 674041 0.74851393699646 0.7673830986022949 0.47170019149780273
 675684 0.751030445098877 0.7687458992004395 0.4726390838623047
 677329 0.7526521682739258 0.7701575756072998 0.4744443893432617
 678976 0.754584789276123 0.7726471424102783 0.47653675079345703
 680625 0.7582197189331055 0.7747223377227783 0.4768953323364258
 682276 0.759523868560791 0.7771198749542236 0.47850751876831055
 683929 0.7605080604553223 0.7790243625640869 0.47838258743286133
 685584 0.7620985507965088 0.7809288501739502 0.4808642864227295
 687241 0.7633841037750244 0.7840375900268555 0.482257604598999
 688900 0.7647411823272705 0.7836182117462158 0.48233723640441895
 690561 0.7675735950469971 0.786461591720581 0.4832172393798828
 692224 0.7700455188751221 0.7875118255615234 0.48528099060058594
 693889 0.7716419696807861 0.7881567478179932 0.4855685234069824
 695556 0.7726995944976807 0.7923634052276611 0.4869856834411621
 697225 0.7748105525970459 0.7964153289794922 0.48725199699401855
 698896 0.777064323425293 0.797166109085083 0.48979902267456055
 700569 0.7780423164367676 0.7989928722381592 0.49126696586608887
 702244 0.7823693752288818 0.8018496036529541 0.49251413345336914
 703921 0.781705379486084 0.8048908710479736 0.49338316917419434
 705600 0.7833261489868164 0.8045215606689453 0.4949309825897217
 707281 0.786419153213501 0.8087952136993408 0.49605631828308105
 708964 0.7897610664367676 0.8092167377471924 0.49683427810668945
 710649 0.7896502017974854 0.8112726211547852 0.4977152347564697
 712336 0.792405366897583 0.8131484985351562 0.4993257522583008
 714025 0.793358564376831 0.8153274059295654 0.49973511695861816
 715716 0.7969903945922852 0.817192792892456 0.5019981861114502
 717409 0.7983660697937012 0.8189001083374023 0.5031278133392334
 719104 0.799264669418335 0.8222842216491699 0.5032141208648682
 720801 0.8014481067657471 0.8248002529144287 0.5053987503051758
 722500 0.8038277626037598 0.8252480030059814 0.5064144134521484
 724201 0.8045234680175781 0.8284001350402832 0.5077786445617676
 725904 0.8072407245635986 0.8291685581207275 0.5092000961303711
 727609 0.8084394931793213 0.8331613540649414 0.5095407962799072
 729316 0.8129410743713379 0.8347163200378418 0.5098855495452881
 731025 0.8137383460998535 0.8392510414123535 0.5124096870422363
 732736 0.8145208358764648 0.8380544185638428 0.5127742290496826
 734449 0.8182950019836426 0.8387508392333984 0.5151393413543701
 736164 0.8192572593688965 0.8439562320709229 0.5162127017974854
 737881 0.8201611042022705 0.847097635269165 0.5174450874328613
 739600 0.8232903480529785 0.847876787185669 0.5192339420318604
 741321 0.8232417106628418 0.8508753776550293 0.5184979438781738
 743044 0.8267831802368164 0.8507623672485352 0.5199601650238037
 744769 0.8284156322479248 0.8544926643371582 0.5208909511566162
 746496 0.8307013511657715 0.8574223518371582 0.5231609344482422
 748225 0.8319077491760254 0.8556578159332275 0.5244460105895996
 749956 0.8342742919921875 0.8588762283325195 0.5243194103240967
 751689 0.835740327835083 0.8618853092193604 0.5266118049621582
 753424 0.8388087749481201 0.8637173175811768 0.5270261764526367
 755161 0.8398499488830566 0.8654062747955322 0.5291600227355957
 756900 0.8425910472869873 0.8662161827087402 0.5278315544128418
 758641 0.8436479568481445 0.8709931373596191 0.5289392471313477
 760384 0.8470535278320312 0.8683931827545166 0.5288901329040527
 762129 0.7855703830718994 0.8735206127166748 0.5301663875579834
 763876 0.8499598503112793 0.875314474105835 0.5331895351409912
 765625 0.8524613380432129 0.8773610591888428 0.533043622970581
 767376 0.8557624816894531 0.8815762996673584 0.535024881362915
 769129 0.8775269985198975 0.9382138252258301 0.5356941223144531
 770884 0.8571326732635498 0.886193037033081 0.5379257202148438
 772641 0.859954833984375 0.8866121768951416 0.5377695560455322
 774400 0.8616416454315186 0.8888723850250244 0.5400886535644531
 776161 0.8632903099060059 0.8942716121673584 0.5416378974914551
 777924 0.8647220134735107 0.8929483890533447 0.5405535697937012
 779689 0.8668117523193359 0.8965229988098145 0.5434935092926025
 781456 0.8684375286102295 0.8984766006469727 0.545137882232666
 783225 0.8719062805175781 0.8986485004425049 0.5455501079559326
 784996 0.873631477355957 0.9025416374206543 0.5485589504241943
 786769 0.8745396137237549 0.9057102203369141 0.5475625991821289
 788544 0.8772175312042236 0.9085710048675537 0.549771785736084
 790321 0.878715991973877 0.9090588092803955 0.5536270141601562
 792100 0.8828439712524414 0.9105179309844971 0.5549125671386719
 793881 0.8842220306396484 0.9144363403320312 0.555534839630127
 795664 0.8851613998413086 0.9161019325256348 0.55657958984375
 797449 0.8868331909179688 0.91929030418396 0.558962345123291
 799236 0.8909802436828613 0.9198393821716309 0.5587990283966064
 801025 0.8906524181365967 0.9221675395965576 0.559920072555542
 802816 0.893399715423584 0.9247920513153076 0.5611212253570557
 804609 0.8961036205291748 0.9240474700927734 0.563647985458374
 806404 0.897136926651001 0.9287881851196289 0.5627179145812988
 808201 0.8989944458007812 0.9307601451873779 0.5623147487640381
 810000 0.9007961750030518 0.9281265735626221 0.5636396408081055
 811801 0.9035384654998779 0.9351248741149902 0.566361665725708
 813604 0.9052085876464844 0.9341616630554199 0.566091775894165
 815409 0.907822847366333 0.9347648620605469 0.5673902034759521
 817216 0.9101083278656006 0.9405522346496582 0.5678431987762451
 819025 0.9109690189361572 0.9432251453399658 0.5719873905181885
 820836 0.9130051136016846 0.9465687274932861 0.5750854015350342
 822649 0.914832353591919 0.950934648513794 0.5761520862579346
 824464 0.918555736541748 0.9512698650360107 0.5765528678894043
 826281 0.919492244720459 0.953538179397583 0.5765998363494873
 828100 0.9214036464691162 0.9556336402893066 0.5790145397186279
 829921 0.9255268573760986 0.9594206809997559 0.581751823425293
 831744 0.9246351718902588 0.9607315063476562 0.5805096626281738
 833569 0.9288983345031738 0.9641730785369873 0.5836143493652344
 835396 0.9310040473937988 0.961632490158081 0.5834062099456787
 837225 0.9330437183380127 0.9683585166931152 0.5855965614318848
 839056 0.9345388412475586 0.9706854820251465 0.588125467300415
 840889 0.9348862171173096 0.9740018844604492 0.587979793548584
 842724 0.9384663105010986 0.9728851318359375 0.588700532913208
 844561 0.9406673908233643 0.9758870601654053 0.5903053283691406
 846400 0.9426429271697998 0.9782652854919434 0.5928070545196533
 848241 0.9437878131866455 0.9760825634002686 0.5913920402526855
 850084 0.9456882476806641 0.9810836315155029 0.5916213989257812
 851929 0.9490029811859131 0.9866268634796143 0.5937397480010986
 853776 0.9500396251678467 0.9846932888031006 0.5943305492401123
 855625 0.952833890914917 0.9904580116271973 0.5954914093017578
 857476 0.9542086124420166 0.9919555187225342 0.5967295169830322
 859329 0.9565327167510986 0.9939212799072266 0.5975186824798584
 861184 0.9586958885192871 0.9956440925598145 0.5995302200317383
 863041 0.9620156288146973 0.9990260601043701 0.5996363162994385
 864900 0.9638707637786865 1.0035243034362793 0.6008892059326172
 866761 0.9663360118865967 1.0039689540863037 0.6031703948974609
 868624 0.9668059349060059 1.0050897598266602 0.6041281223297119
 870489 0.9687709808349609 1.007725715637207 0.6054925918579102
 872356 0.9707932472229004 1.0101580619812012 0.6073663234710693
 874225 0.97263503074646 1.01395583152771 0.6079504489898682
 876096 0.9759941101074219 1.009739637374878 0.6094684600830078
 877969 0.9778428077697754 1.0169198513031006 0.6127135753631592
 879844 0.9804375171661377 1.0134427547454834 0.614077091217041
 881721 0.9807906150817871 1.021869421005249 0.6157174110412598
 883600 0.9835231304168701 1.017979383468628 0.6169393062591553
 885481 0.9853363037109375 1.0282208919525146 0.6186327934265137
 887364 0.9874892234802246 1.0275764465332031 0.6213276386260986
 889249 0.9922854900360107 1.0316014289855957 0.6230974197387695
 891136 0.9920892715454102 1.0333988666534424 0.62312912940979
 893025 0.9956984519958496 1.0291528701782227 0.6239001750946045
 894916 0.9949600696563721 1.0381593704223633 0.625593900680542
 896809 1.0017778873443604 1.0399346351623535 0.6281850337982178
 898704 1.002044439315796 1.0418012142181396 0.6275322437286377
 900601 1.0038137435913086 1.0415253639221191 0.6289401054382324
 902500 1.0047640800476074 1.0463392734527588 0.6301605701446533
 904401 1.0068261623382568 1.0490515232086182 0.6336691379547119
 906304 1.0086216926574707 1.0541870594024658 0.6325187683105469
 908209 1.011073350906372 1.0552968978881836 0.6314246654510498
 910116 1.0126631259918213 1.0572137832641602 0.6337227821350098
 912025 1.0165965557098389 1.0599279403686523 0.634458065032959
 913936 1.0183360576629639 1.0619099140167236 0.6362085342407227
 915849 1.0193710327148438 1.0627892017364502 0.636894941329956
 917764 1.0223243236541748 1.0647757053375244 0.6386284828186035
 919681 1.0232412815093994 1.0679903030395508 0.6390995979309082
 921600 1.0259201526641846 1.0703885555267334 0.6422843933105469
 923521 1.02813720703125 1.0750133991241455 0.6417882442474365
 925444 1.0307843685150146 1.0773282051086426 0.6432528495788574
 927369 1.0337450504302979 1.0762183666229248 0.6454465389251709
 929296 1.0353260040283203 1.0801491737365723 0.6458861827850342
 931225 1.037503719329834 1.082218885421753 0.6473970413208008
 933156 1.0389683246612549 1.0851621627807617 0.6503376960754395
 935089 1.0431180000305176 1.0878753662109375 0.6504602432250977
 937024 1.0448079109191895 1.0903549194335938 0.6512198448181152
 938961 1.047663927078247 1.0919930934906006 0.652885913848877
 940900 1.047583818435669 1.0961518287658691 0.6559455394744873
 942841 1.0494918823242188 1.097398042678833 0.6553785800933838
 944784 1.0525329113006592 1.0907187461853027 0.6566896438598633
 946729 1.0543770790100098 1.10097336769104 0.6581850051879883
 948676 1.0576415061950684 1.1015815734863281 0.6600265502929688
 950625 1.0601913928985596 1.1060659885406494 0.661024808883667
 952576 1.0598058700561523 1.1090338230133057 0.6615211963653564
 954529 1.0631458759307861 1.110816478729248 0.6630549430847168
 956484 1.0665473937988281 1.1142044067382812 0.6643025875091553
 958441 1.0667386054992676 1.1146016120910645 0.6652994155883789
 960400 1.0721566677093506 1.1195590496063232 0.6674129962921143
 962361 1.0709738731384277 1.1211621761322021 0.668642520904541
 964324 1.0740888118743896 1.1237702369689941 0.6698124408721924
 966289 1.0763890743255615 1.126631259918213 0.6712512969970703
 968256 1.0789005756378174 1.1227531433105469 0.672661304473877
 970225 1.0813992023468018 1.131037712097168 0.6737821102142334
 972196 1.0841014385223389 1.1318693161010742 0.6756372451782227
 974169 1.0849604606628418 1.1365461349487305 0.6762800216674805
 976144 1.0878503322601318 1.137603998184204 0.6803417205810547
 978121 1.0902819633483887 1.1398727893829346 0.6793639659881592
 980100 1.0923552513122559 1.144885540008545 0.6833083629608154
 982081 1.0935499668121338 1.1465966701507568 0.6823616027832031
 984064 1.0967519283294678 1.1488585472106934 0.6832137107849121
 986049 1.0977873802185059 1.1496436595916748 0.6855852603912354
 988036 1.1016759872436523 1.154709815979004 0.6861250400543213
 990025 1.1009161472320557 1.1554720401763916 0.6879889965057373
 992016 1.1056029796600342 1.1569068431854248 0.6908042430877686
 994009 1.1077756881713867 1.157047986984253 0.691265344619751
 996004 1.1088066101074219 1.158334493637085 0.6942152976989746
 998001 1.1118218898773193 1.1651041507720947 0.6981980800628662