
 9 1.3113021850585938e-05 1.239776611328125e-05 8.344650268554688e-06
 16 1.0251998901367188e-05 1.2159347534179688e-05 1.0728836059570312e-05
 25 1.1682510375976562e-05 1.7404556274414062e-05 1.4781951904296875e-05
 36 1.33514404296875e-05 2.4080276489257812e-05 1.8358230590820312e-05
 49 1.52587890625e-05 3.266334533691406e-05 2.3126602172851562e-05
 64 1.6689300537109375e-05 4.315376281738281e-05 2.86102294921875e-05
 81 1.9073486328125e-05 5.793571472167969e-05 3.3855438232421875e-05
 100 2.2172927856445312e-05 7.152557373046875e-05 3.8623809814453125e-05
 121 2.4557113647460938e-05 9.036064147949219e-05 4.6253204345703125e-05
 144 2.7179718017578125e-05 0.00010776519775390625 5.269050598144531e-05
 169 3.075599670410156e-05 0.0001327991485595703 6.103515625e-05
 196 3.4332275390625e-05 0.00015926361083984375 6.961822509765625e-05
 225 3.743171691894531e-05 0.00018930435180664062 7.62939453125e-05
 256 4.315376281738281e-05 0.00021886825561523438 8.535385131835938e-05
 289 4.696846008300781e-05 0.0002522468566894531 9.775161743164062e-05
 324 5.1975250244140625e-05 0.00028777122497558594 0.00010704994201660156
 361 5.793571472167969e-05 0.00032782554626464844 0.00011849403381347656
 400 6.175041198730469e-05 0.00037288665771484375 0.00012993812561035156
 441 6.67572021484375e-05 0.0004241466522216797 0.00014328956604003906
 484 7.271766662597656e-05 0.0004744529724121094 0.000156402587890625
 529 7.939338684082031e-05 0.0005304813385009766 0.00017070770263671875
 576 8.726119995117188e-05 0.0005941390991210938 0.00018668174743652344
 625 9.584426879882812e-05 0.0006651878356933594 0.0002052783966064453
 676 0.00010538101196289062 0.0007450580596923828 0.00022268295288085938
 729 0.00011181831359863281 0.000820159912109375 0.0002422332763671875
 784 0.0001232624053955078 0.0009095668792724609 0.0002598762512207031
 841 0.00013113021850585938 0.0009968280792236328 0.00027942657470703125
 900 0.00014162063598632812 0.0010914802551269531 0.0002999305725097656
 961 0.0001518726348876953 0.0011899471282958984 0.0003218650817871094
 1024 0.00016498565673828125 0.0013113021850585938 0.0003445148468017578
 1089 0.00017380714416503906 0.001415252685546875 0.00036525726318359375
 1156 0.00018739700317382812 0.00153350830078125 0.0003886222839355469
 1225 0.00019598007202148438 0.001634836196899414 0.00041031837463378906
 1296 0.00021076202392578125 0.0017566680908203125 0.0004343986511230469
 1369 0.00022101402282714844 0.0018897056579589844 0.00045990943908691406
 1444 0.00023603439331054688 0.002016782760620117 0.0005218982696533203
 1521 0.00024628639221191406 0.0021491050720214844 0.0005102157592773438
 1600 0.0002617835998535156 0.0022912025451660156 0.0005550384521484375
 1681 0.00027489662170410156 0.0024344921112060547 0.0005700588226318359
 1764 0.0002918243408203125 0.0025873184204101562 0.0005984306335449219
 1849 0.0003020763397216797 0.002750396728515625 0.0006258487701416016
 1936 0.00031948089599609375 0.002943277359008789 0.0006587505340576172
 2025 0.0003314018249511719 0.003095388412475586 0.0006887912750244141
 2116 0.0003497600555419922 0.0032567977905273438 0.0007221698760986328
 2209 0.0003628730773925781 0.003443002700805664 0.0007505416870117188
 2304 0.0003826618194580078 0.0036263465881347656 0.0007810592651367188
 2401 0.00039386749267578125 0.0038213729858398438 0.0008192062377929688
 2500 0.0004143714904785156 0.004015207290649414 0.0008525848388671875
 2601 0.00043082237243652344 0.004202604293823242 0.0009000301361083984
 2704 0.0004475116729736328 0.00442814826965332 0.0009222030639648438
 2809 0.00046563148498535156 0.0046236515045166016 0.0009608268737792969
 2916 0.0004858970642089844 0.00488734245300293 0.0009963512420654297
 3025 0.0005018711090087891 0.005084514617919922 0.0010373592376708984
 3136 0.0005216598510742188 0.0053141117095947266 0.0010662078857421875
 3249 0.0005404949188232422 0.00553441047668457 0.0011026859283447266
 3364 0.0005614757537841797 0.005777597427368164 0.0011436939239501953
 3481 0.0005764961242675781 0.0060274600982666016 0.0011832714080810547
 3600 0.0006012916564941406 0.006263256072998047 0.0012230873107910156
 3721 0.0006265640258789062 0.006520748138427734 0.0012698173522949219
 3844 0.000640869140625 0.006791591644287109 0.0013089179992675781
 3969 0.0006616115570068359 0.007058382034301758 0.0013508796691894531
 4096 0.0006859302520751953 0.0073282718658447266 0.0013916492462158203
 4225 0.0007071495056152344 0.007622957229614258 0.001430511474609375
 4356 0.0007269382476806641 0.007894754409790039 0.0014851093292236328
 4489 0.0007464885711669922 0.008186817169189453 0.0015256404876708984
 4624 0.0007765293121337891 0.008488893508911133 0.0015659332275390625
 4761 0.0007953643798828125 0.008784294128417969 0.0016143321990966797
 4900 0.0008206367492675781 0.00910496711730957 0.001653432846069336
 5041 0.0008409023284912109 0.0094146728515625 0.0017123222351074219
 5184 0.0008652210235595703 0.00972127914428711 0.001756906509399414
 5329 0.0008895397186279297 0.010083913803100586 0.0018017292022705078
 5476 0.0009226799011230469 0.010410070419311523 0.0018627643585205078
 5625 0.0009438991546630859 0.010728836059570312 0.0019276142120361328
 5776 0.0009663105010986328 0.011073589324951172 0.0019435882568359375
 5929 0.0009918212890625 0.011433601379394531 0.0020012855529785156
 6084 0.0010251998901367188 0.011769533157348633 0.0020453929901123047
 6241 0.0010471343994140625 0.012146949768066406 0.002115964889526367
 6400 0.0010764598846435547 0.012498855590820312 0.0021729469299316406
 6561 0.0010986328125 0.01291036605834961 0.0022220611572265625
 6724 0.0011301040649414062 0.013278484344482422 0.0022826194763183594
 6889 0.0011582374572753906 0.013662099838256836 0.002321004867553711
 7056 0.0011987686157226562 0.014045476913452148 0.002376079559326172
 7225 0.00121307373046875 0.014453411102294922 0.0024285316467285156
 7396 0.0012481212615966797 0.014863014221191406 0.002482891082763672
 7569 0.0012695789337158203 0.015275716781616211 0.0025343894958496094
 7744 0.0013158321380615234 0.015672683715820312 0.002599954605102539
 7921 0.0013310909271240234 0.016116619110107422 0.002648591995239258
 8100 0.0013573169708251953 0.016572237014770508 0.0027179718017578125
 8281 0.001390695571899414 0.017019033432006836 0.0027942657470703125
 8464 0.0014252662658691406 0.017421960830688477 0.002847433090209961
 8649 0.0014591217041015625 0.017874479293823242 0.0029032230377197266
 8836 0.0014848709106445312 0.018352985382080078 0.0029702186584472656
 9025 0.0015261173248291016 0.018784761428833008 0.0030260086059570312
 9216 0.0015516281127929688 0.019298791885375977 0.0030984878540039062
 9409 0.001585245132446289 0.0197756290435791 0.003145456314086914
 9604 0.001615762710571289 0.020223617553710938 0.003198862075805664
 9801 0.0016529560089111328 0.020712614059448242 0.0032706260681152344
 10000 0.0016870498657226562 0.021227598190307617 0.003331422805786133
 10201 0.0017163753509521484 0.021737337112426758 0.003392457962036133
 10404 0.0017511844635009766 0.022257089614868164 0.003458261489868164
 10609 0.0017843246459960938 0.02275991439819336 0.0035200119018554688
 10816 0.0018227100372314453 0.023250341415405273 0.0036110877990722656
 11025 0.0018610954284667969 0.023860692977905273 0.0036835670471191406
 11236 0.0018913745880126953 0.024306774139404297 0.003768444061279297
 11449 0.0019233226776123047 0.024840593338012695 0.003843545913696289
 11664 0.001974344253540039 0.025528907775878906 0.003900289535522461
 11881 0.0020029544830322266 0.0259552001953125 0.003966331481933594
 12100 0.0020422935485839844 0.026502132415771484 0.0040090084075927734
 12321 0.002074718475341797 0.027085542678833008 0.0041103363037109375
 12544 0.0021131038665771484 0.027724742889404297 0.00418400764465332
 12769 0.002150297164916992 0.028238534927368164 0.004271507263183594
 12996 0.0021882057189941406 0.028841733932495117 0.004343986511230469
 13225 0.0022220611572265625 0.02942633628845215 0.004409074783325195
 13456 0.0022678375244140625 0.0300447940826416 0.004480600357055664
 13689 0.0023055076599121094 0.030652284622192383 0.0045185089111328125
 13924 0.0023431777954101562 0.031234025955200195 0.004648685455322266
 14161 0.002387523651123047 0.03190922737121582 0.0046656131744384766
 14400 0.002428293228149414 0.03249669075012207 0.0047872066497802734
 14641 0.0024666786193847656 0.03314495086669922 0.0048656463623046875
 14884 0.0025184154510498047 0.03374910354614258 0.004961967468261719
 15129 0.0025491714477539062 0.03439140319824219 0.0050089359283447266
 15376 0.0025959014892578125 0.035156965255737305 0.005115509033203125
 15625 0.002660036087036133 0.0358128547668457 0.005185365676879883
 15876 0.0026679039001464844 0.03636622428894043 0.0052776336669921875
 16129 0.0027658939361572266 0.0370943546295166 0.005361318588256836
 16384 0.0027611255645751953 0.037749290466308594 0.005452871322631836
 16641 0.0028047561645507812 0.03847026824951172 0.005509853363037109
 16900 0.0028533935546875 0.03917813301086426 0.0056056976318359375
 17161 0.0029070377349853516 0.03990030288696289 0.005661725997924805
 17424 0.0029387474060058594 0.04053831100463867 0.005736112594604492
 17689 0.0029981136322021484 0.04124188423156738 0.005831718444824219
 17956 0.0030281543731689453 0.042020559310913086 0.0059452056884765625
 18225 0.0030753612518310547 0.04273343086242676 0.0060083866119384766
 18496 0.0031185150146484375 0.04349231719970703 0.0061070919036865234
 18769 0.0031630992889404297 0.04421257972717285 0.006127357482910156
 19044 0.0032105445861816406 0.04493880271911621 0.0062694549560546875
 19321 0.0032601356506347656 0.04575967788696289 0.006356954574584961
 19600 0.0033075809478759766 0.04646468162536621 0.006391286849975586
 19881 0.003344297409057617 0.047286272048950195 0.0065500736236572266
 20164 0.0033926963806152344 0.04803156852722168 0.0066492557525634766
 20449 0.0034477710723876953 0.04900407791137695 0.006748199462890625
 20736 0.0035123825073242188 0.04961824417114258 0.006731271743774414
 21025 0.0035545825958251953 0.0504150390625 0.006845951080322266
 21316 0.0036041736602783203 0.05124378204345703 0.006942272186279297
 21609 0.003665447235107422 0.052056074142456055 0.007075071334838867
 21904 0.003696918487548828 0.05286240577697754 0.00721287727355957
 22201 0.003743410110473633 0.053679466247558594 0.007214784622192383
 22500 0.003805398941040039 0.0546109676361084 0.0073719024658203125
 22801 0.003851652145385742 0.055588483810424805 0.007489681243896484
 23104 0.0038912296295166016 0.056189537048339844 0.007500648498535156
 23409 0.003962516784667969 0.057088613510131836 0.0075817108154296875
 23716 0.00398707389831543 0.05797910690307617 0.007770538330078125
 24025 0.004069805145263672 0.058802127838134766 0.007877826690673828
 24336 0.0041086673736572266 0.059711456298828125 0.007991552352905273
 24649 0.004167079925537109 0.06063389778137207 0.008103609085083008
 24964 0.004215717315673828 0.06150174140930176 0.008163690567016602
 25281 0.004266977310180664 0.06242012977600098 0.008262157440185547
 25600 0.004314422607421875 0.06329226493835449 0.00839090347290039
 25921 0.004389524459838867 0.06421113014221191 0.008392333984375
 26244 0.004430055618286133 0.0651853084564209 0.008567094802856445
 26569 0.004495382308959961 0.06604671478271484 0.008643627166748047
 26896 0.004540205001831055 0.06693387031555176 0.008782386779785156
 27225 0.0046024322509765625 0.06798219680786133 0.008832931518554688
 27556 0.004644870758056641 0.06884551048278809 0.008982658386230469
 27889 0.004700660705566406 0.06980323791503906 0.009101629257202148
 28224 0.004777193069458008 0.07087349891662598 0.00919651985168457
 28561 0.004830121994018555 0.07172608375549316 0.009199857711791992
 28900 0.0048980712890625 0.0726618766784668 0.009411811828613281
 29241 0.004947185516357422 0.07386398315429688 0.009495019912719727
 29584 0.005017518997192383 0.07468962669372559 0.009538650512695312
 29929 0.0050830841064453125 0.07575869560241699 0.009738922119140625
 30276 0.005144834518432617 0.07674002647399902 0.009800910949707031
 30625 0.0051860809326171875 0.07782149314880371 0.009894847869873047
 30976 0.005226612091064453 0.07880091667175293 0.009961128234863281
 31329 0.005306243896484375 0.07988977432250977 0.01021122932434082
 31684 0.005336284637451172 0.08087730407714844 0.010298490524291992
 32041 0.005426883697509766 0.08201241493225098 0.01042032241821289
 32400 0.0055065155029296875 0.08296561241149902 0.010419130325317383
 32761 0.005515575408935547 0.08428096771240234 0.010679960250854492
 33124 0.005574941635131836 0.08507418632507324 0.010759592056274414
 33489 0.00565338134765625 0.08608031272888184 0.010746479034423828
 33856 0.005703449249267578 0.0871584415435791 0.010877609252929688
 34225 0.00579833984375 0.0883030891418457 0.01098012924194336
 34596 0.005851030349731445 0.0895383358001709 0.011229276657104492
 34969 0.005896568298339844 0.09050345420837402 0.011337041854858398
 35344 0.005975246429443359 0.09173941612243652 0.011491060256958008
 35721 0.006053924560546875 0.09285759925842285 0.011478662490844727
 36100 0.006125688552856445 0.09394216537475586 0.011593103408813477
 36481 0.0061376094818115234 0.0950632095336914 0.011707067489624023
 36864 0.006260871887207031 0.09624958038330078 0.011973381042480469
 37249 0.006307125091552734 0.09724855422973633 0.012090444564819336
 37636 0.00635218620300293 0.09855341911315918 0.012091398239135742
 38025 0.006437540054321289 0.09971475601196289 0.012198209762573242
 38416 0.006493806838989258 0.10076642036437988 0.012388467788696289
 38809 0.006572246551513672 0.10216522216796875 0.012601613998413086
 39204 0.0066416263580322266 0.10328173637390137 0.012614965438842773
 39601 0.006699562072753906 0.10477948188781738 0.012873649597167969
 40000 0.006783246994018555 0.10557961463928223 0.01295614242553711
 40401 0.006848573684692383 0.10677099227905273 0.012949943542480469
 40804 0.006888389587402344 0.10797786712646484 0.013067960739135742
 41209 0.007005453109741211 0.10918450355529785 0.013390064239501953
 41616 0.0070302486419677734 0.11063003540039062 0.013466119766235352
 42025 0.00712132453918457 0.11168646812438965 0.013570308685302734
 42436 0.007182598114013672 0.11296653747558594 0.01374197006225586
 42849 0.007282733917236328 0.11428713798522949 0.013814449310302734
 43264 0.00728297233581543 0.1154627799987793 0.013854742050170898
 43681 0.0073816776275634766 0.11683154106140137 0.014018535614013672
 44100 0.007483482360839844 0.11793994903564453 0.014132022857666016
 44521 0.0075626373291015625 0.11939239501953125 0.014477729797363281
 44944 0.007603883743286133 0.12058901786804199 0.01447439193725586
 45369 0.007699489593505859 0.12197256088256836 0.014534711837768555
 45796 0.007735729217529297 0.12323760986328125 0.014744281768798828
 46225 0.007824420928955078 0.12448453903198242 0.014787673950195312
 46656 0.00791311264038086 0.12590432167053223 0.015106439590454102
 47089 0.007949352264404297 0.12729620933532715 0.015240192413330078
 47524 0.008068084716796875 0.12859177589416504 0.01518869400024414
 47961 0.008121967315673828 0.12991857528686523 0.015507936477661133
 48400 0.008198738098144531 0.13152742385864258 0.0156705379486084
 48841 0.008268356323242188 0.13264131546020508 0.015738964080810547
 49284 0.008345842361450195 0.13397812843322754 0.01580500602722168
 49729 0.008429765701293945 0.13535451889038086 0.016074180603027344
 50176 0.008490800857543945 0.13745927810668945 0.01632237434387207
 50625 0.008580207824707031 0.13823676109313965 0.016175270080566406
 51076 0.008660554885864258 0.13964152336120605 0.016321897506713867
 51529 0.008742570877075195 0.1409614086151123 0.016599416732788086
 51984 0.008823871612548828 0.14260149002075195 0.016744613647460938
 52441 0.008903264999389648 0.14380478858947754 0.016905546188354492
 52900 0.008982658386230469 0.1452023983001709 0.016884565353393555
 53361 0.009054899215698242 0.14752507209777832 0.017086505889892578
 53824 0.009126663208007812 0.1488933563232422 0.017379045486450195
 54289 0.009207963943481445 0.15006327629089355 0.01755523681640625
 54756 0.009238004684448242 0.1513526439666748 0.017624616622924805
 55225 0.009357690811157227 0.15284085273742676 0.01786947250366211
 55696 0.009439945220947266 0.1542682647705078 0.018049955368041992
 56169 0.009520292282104492 0.15589165687561035 0.017997026443481445
 56644 0.009594202041625977 0.15748238563537598 0.01838374137878418
 57121 0.009708404541015625 0.15925908088684082 0.01845383644104004
 57600 0.009777069091796875 0.1598048210144043 0.01836991310119629
 58081 0.009857654571533203 0.16145753860473633 0.018541574478149414
 58564 0.009915590286254883 0.1631331443786621 0.018749713897705078
 59049 0.010012626647949219 0.16474580764770508 0.019033432006835938
 59536 0.010094881057739258 0.16622304916381836 0.0191500186920166
 60025 0.010167837142944336 0.16781973838806152 0.019156694412231445
 60516 0.010260820388793945 0.1696007251739502 0.01957392692565918
 61009 0.010350465774536133 0.17061662673950195 0.019522428512573242
 61504 0.010443925857543945 0.1722724437713623 0.019609689712524414
 62001 0.010508537292480469 0.17403364181518555 0.019768714904785156
 62500 0.010582447052001953 0.17581844329833984 0.020122528076171875
 63001 0.010709047317504883 0.17729878425598145 0.020051240921020508
 63504 0.010777473449707031 0.17880582809448242 0.020213603973388672
 64009 0.010883092880249023 0.1802661418914795 0.02042078971862793
 64516 0.010964393615722656 0.1821589469909668 0.02075934410095215
 65025 0.01103520393371582 0.18396282196044922 0.020699262619018555
 65536 0.011111736297607422 0.1855792999267578 0.02112603187561035
 66049 0.0111846923828125 0.1864771842956543 0.02117180824279785
 66564 0.011304140090942383 0.18796873092651367 0.021423816680908203
 67081 0.011371612548828125 0.1894521713256836 0.02161884307861328
 67600 0.011487483978271484 0.19143891334533691 0.02185988426208496
 68121 0.011651039123535156 0.1941514015197754 0.021921396255493164
 68644 0.011668205261230469 0.19481801986694336 0.022118091583251953
 69169 0.011727571487426758 0.19668364524841309 0.02208685874938965
 69696 0.011814355850219727 0.19819974899291992 0.022356748580932617
 70225 0.011984586715698242 0.20013189315795898 0.022534608840942383
 70756 0.012017250061035156 0.20205068588256836 0.022940874099731445
 71289 0.012105226516723633 0.20366191864013672 0.022998571395874023
 71824 0.012195348739624023 0.20661664009094238 0.02333211898803711
 72361 0.012320280075073242 0.2074720859527588 0.023142099380493164
 72900 0.012374639511108398 0.2094576358795166 0.023561954498291016
 73441 0.012494802474975586 0.21199727058410645 0.023838281631469727
 73984 0.012624979019165039 0.21300268173217773 0.023750782012939453
 74529 0.012667417526245117 0.21513938903808594 0.02401137351989746
 75076 0.012818098068237305 0.21691083908081055 0.02415323257446289
 75625 0.01285243034362793 0.21999001502990723 0.0245511531829834
 76176 0.012969732284545898 0.220808744430542 0.024811267852783203
 76729 0.013057231903076172 0.22252821922302246 0.024620532989501953
 77284 0.013191461563110352 0.2243363857269287 0.024933338165283203
 77841 0.013228416442871094 0.2263650894165039 0.025002479553222656
 78400 0.013279438018798828 0.22846674919128418 0.025186538696289062
 78961 0.01344919204711914 0.23037981986999512 0.025631427764892578
 79524 0.013494491577148438 0.23311471939086914 0.025887250900268555
 80089 0.013630867004394531 0.23407626152038574 0.02603912353515625
 80656 0.01370096206665039 0.2360825538635254 0.02621173858642578
 81225 0.013779401779174805 0.23923850059509277 0.026504993438720703
 81796 0.013977289199829102 0.2411949634552002 0.02657771110534668
 82369 0.014045476913452148 0.24258947372436523 0.02674698829650879
 82944 0.01410055160522461 0.2441706657409668 0.026976823806762695
 83521 0.014225482940673828 0.24616050720214844 0.027153730392456055
 84100 0.014317512512207031 0.24811983108520508 0.027058839797973633
 84681 0.014404535293579102 0.25042247772216797 0.027530193328857422
 85264 0.014536142349243164 0.2517976760864258 0.0274813175201416
 85849 0.014621734619140625 0.25454187393188477 0.02765178680419922
 86436 0.014696836471557617 0.25758814811706543 0.02797532081604004
 87025 0.014822244644165039 0.2585759162902832 0.028229713439941406
 87616 0.014925241470336914 0.2610318660736084 0.028285741806030273
 88209 0.014991998672485352 0.26330995559692383 0.028913021087646484
 88804 0.015124320983886719 0.26605653762817383 0.028809070587158203
 89401 0.015285968780517578 0.2668778896331787 0.028846025466918945
 90000 0.015310049057006836 0.2695043087005615 0.02932119369506836
 90601 0.015407800674438477 0.27097058296203613 0.02936577796936035
 91204 0.015541553497314453 0.27343273162841797 0.029588937759399414
 91809 0.015632152557373047 0.2761855125427246 0.030004262924194336
 92416 0.015758037567138672 0.2774956226348877 0.03011488914489746
 93025 0.01579141616821289 0.28040504455566406 0.030286073684692383
 93636 0.015898942947387695 0.2825596332550049 0.03031301498413086
 94249 0.016043901443481445 0.28531742095947266 0.030595779418945312
 94864 0.016165494918823242 0.2863278388977051 0.030953407287597656
 95481 0.016244173049926758 0.28949904441833496 0.03133225440979004
 96100 0.016384601593017578 0.29050731658935547 0.031456708908081055
 96721 0.016506671905517578 0.2925136089324951 0.03142380714416504
 97344 0.01662421226501465 0.2957332134246826 0.03190255165100098
 97969 0.016748428344726562 0.29755592346191406 0.032126665115356445
 98596 0.016768693923950195 0.29978013038635254 0.0318753719329834
 99225 0.016933917999267578 0.3031470775604248 0.03225064277648926
 99856 0.017009735107421875 0.30382871627807617 0.032521963119506836
 100489 0.01709747314453125 0.306593656539917 0.0327303409576416
 101124 0.017224550247192383 0.30847787857055664 0.033152103424072266
 101761 0.017330169677734375 0.3123798370361328 0.033481597900390625
 102400 0.017466068267822266 0.3142881393432617 0.03375434875488281
 103041 0.01755523681640625 0.31618309020996094 0.033882856369018555
 103684 0.017673254013061523 0.3181295394897461 0.033857107162475586
 104329 0.017809629440307617 0.3196680545806885 0.033949851989746094
 104976 0.017907381057739258 0.32296180725097656 0.03442525863647461
 105625 0.01804351806640625 0.32515406608581543 0.034264326095581055
 106276 0.01808786392211914 0.32828521728515625 0.03475356101989746
 106929 0.01819777488708496 0.3301820755004883 0.034984588623046875
 107584 0.0183408260345459 0.33231449127197266 0.03499150276184082
 108241 0.018440961837768555 0.33472490310668945 0.03566694259643555
 108900 0.01858830451965332 0.33725881576538086 0.03590822219848633
 109561 0.018672943115234375 0.340442419052124 0.03581881523132324
 110224 0.01875925064086914 0.34310388565063477 0.036188602447509766
 110889 0.018923521041870117 0.34447193145751953 0.036264657974243164
 111556 0.019018888473510742 0.35025668144226074 0.03684854507446289
 112225 0.019138097763061523 0.3494448661804199 0.03658771514892578
 112896 0.019283294677734375 0.35236239433288574 0.03712916374206543
 113569 0.019359111785888672 0.3543860912322998 0.0370173454284668
 114244 0.019451141357421875 0.35605478286743164 0.03761744499206543
 114921 0.019611597061157227 0.36025023460388184 0.03786778450012207
 115600 0.019743919372558594 0.3607749938964844 0.03802084922790527
 116281 0.019835710525512695 0.3642275333404541 0.03791308403015137
 116964 0.02001190185546875 0.367922306060791 0.03841352462768555
 117649 0.02009749412536621 0.36930131912231445 0.038758277893066406
 118336 0.02019500732421875 0.3729560375213623 0.03886747360229492
 119025 0.02028965950012207 0.3737664222717285 0.038971662521362305
 119716 0.020501375198364258 0.3784139156341553 0.039469003677368164
 120409 0.02052021026611328 0.37951135635375977 0.039977073669433594
 121104 0.02066516876220703 0.3817939758300781 0.03988242149353027
 121801 0.02084207534790039 0.3858473300933838 0.04003643989562988
 122500 0.020882844924926758 0.3859591484069824 0.04025530815124512
 123201 0.020987272262573242 0.3884701728820801 0.0404052734375
 123904 0.02114248275756836 0.3935549259185791 0.04103422164916992
 124609 0.021278858184814453 0.3945047855377197 0.04097104072570801
 125316 0.021347761154174805 0.397233247756958 0.0412135124206543
 126025 0.0214998722076416 0.40013909339904785 0.04116320610046387
 126736 0.02161121368408203 0.4057741165161133 0.041878700256347656
 127449 0.021754741668701172 0.40691590309143066 0.04201459884643555
 128164 0.021882295608520508 0.4088113307952881 0.04234027862548828
 128881 0.021960020065307617 0.4109537601470947 0.04266214370727539
 129600 0.022111892700195312 0.4128134250640869 0.04304337501525879
 130321 0.02227473258972168 0.4147684574127197 0.04295802116394043
 131044 0.022284507751464844 0.41840386390686035 0.04335284233093262
 131769 0.022568464279174805 0.4205780029296875 0.04380059242248535
 132496 0.0226290225982666 0.42256617546081543 0.04405784606933594
 133225 0.022709369659423828 0.4272928237915039 0.044061899185180664
 133956 0.02286076545715332 0.43062639236450195 0.04426407814025879
 134689 0.02294754981994629 0.43306589126586914 0.04486894607543945
 135424 0.023111581802368164 0.43314433097839355 0.04442095756530762
 136161 0.023218154907226562 0.4368281364440918 0.045165061950683594
 136900 0.023375272750854492 0.43982720375061035 0.0454561710357666
 137641 0.02348804473876953 0.44345664978027344 0.04538297653198242
 138384 0.02363419532775879 0.44414305686950684 0.045923709869384766
 139129 0.023731708526611328 0.447981595993042 0.04603409767150879
 139876 0.02383899688720703 0.4555656909942627 0.046468496322631836
 140625 0.024029016494750977 0.45334362983703613 0.046527862548828125
 141376 0.02415323257446289 0.458019495010376 0.046919822692871094
 142129 0.0242612361907959 0.4589264392852783 0.04674172401428223
 142884 0.024381160736083984 0.46220850944519043 0.04745888710021973
 143641 0.02451777458190918 0.4634120464324951 0.04720592498779297
 144400 0.024670839309692383 0.4692084789276123 0.048006296157836914
 145161 0.02478814125061035 0.4700918197631836 0.048175811767578125
 145924 0.024932384490966797 0.4748225212097168 0.04824376106262207
 146689 0.025051116943359375 0.4765911102294922 0.04820656776428223
 147456 0.02518320083618164 0.4789142608642578 0.048589229583740234
 148225 0.025295257568359375 0.4838409423828125 0.04903984069824219
 148996 0.025409936904907227 0.4861619472503662 0.04927659034729004
 149769 0.025618553161621094 0.48725152015686035 0.049678802490234375
 150544 0.02569413185119629 0.4908173084259033 0.04969167709350586
 151321 0.025817394256591797 0.4940311908721924 0.05020022392272949
 152100 0.025984764099121094 0.49828600883483887 0.05052828788757324
 152881 0.02611827850341797 0.5008811950683594 0.050664663314819336
 153664 0.026211023330688477 0.502277135848999 0.05085468292236328
 154449 0.026308536529541016 0.5058145523071289 0.05100083351135254
 155236 0.02654099464416504 0.5100748538970947 0.051694393157958984
 156025 0.026612281799316406 0.5133528709411621 0.05136442184448242
 156816 0.02673029899597168 0.5151922702789307 0.05199456214904785
 157609 0.026905298233032227 0.5166594982147217 0.05212759971618652
 158404 0.02709817886352539 0.5221037864685059 0.05233907699584961
 159201 0.02714991569519043 0.5241460800170898 0.0527498722076416
 160000 0.027298688888549805 0.5265359878540039 0.05295443534851074
 160801 0.02743673324584961 0.5300812721252441 0.053420066833496094
 161604 0.02754521369934082 0.5368499755859375 0.05340719223022461
 162409 0.02775740623474121 0.5383527278900146 0.0539703369140625
 163216 0.02790546417236328 0.538902997970581 0.05420064926147461
 164025 0.027979135513305664 0.543327808380127 0.05458712577819824
 164836 0.028147459030151367 0.5460057258605957 0.054875850677490234
 165649 0.028310775756835938 0.5501093864440918 0.05537986755371094
 166464 0.028466463088989258 0.5504226684570312 0.05531644821166992
 167281 0.02862715721130371 0.5546779632568359 0.055602312088012695
 168100 0.028765201568603516 0.5601515769958496 0.05600333213806152
 168921 0.028855323791503906 0.5598821640014648 0.056066036224365234
 169744 0.02897930145263672 0.567455530166626 0.05656099319458008
 170569 0.02922224998474121 0.5670349597930908 0.05695819854736328
 171396 0.029314279556274414 0.5723373889923096 0.05722308158874512
 172225 0.02944207191467285 0.5758142471313477 0.05747222900390625
 173056 0.029582500457763672 0.5751016139984131 0.05744123458862305
 173889 0.02966594696044922 0.57871413230896 0.057660579681396484
 174724 0.029833316802978516 0.5851123332977295 0.05844998359680176
 175561 0.030009984970092773 0.5883262157440186 0.058585405349731445
 176400 0.030141830444335938 0.5931165218353271 0.05850720405578613
 177241 0.030267953872680664 0.5936684608459473 0.05899405479431152
 178084 0.030344486236572266 0.597008466720581 0.05941891670227051
 178929 0.030550718307495117 0.5995151996612549 0.05976724624633789
 179776 0.0307314395904541 0.6026120185852051 0.059998512268066406
 180625 0.03090190887451172 0.6059138774871826 0.059668779373168945
 181476 0.031081676483154297 0.6106910705566406 0.06044459342956543
 182329 0.03113698959350586 0.6116981506347656 0.06076359748840332
 183184 0.03130459785461426 0.6180789470672607 0.060851097106933594
 184041 0.031508445739746094 0.6213328838348389 0.06138777732849121
 184900 0.031621456146240234 0.626854419708252 0.061721086502075195
 185761 0.0317540168762207 0.6269023418426514 0.06214451789855957
 186624 0.03183603286743164 0.6313283443450928 0.06241893768310547
 187489 0.03206920623779297 0.6364400386810303 0.06264328956604004
 188356 0.03217816352844238 0.6402695178985596 0.06303739547729492
 189225 0.032347917556762695 0.6409952640533447 0.06333351135253906
 190096 0.03252220153808594 0.6428823471069336 0.06343960762023926
 190969 0.03269648551940918 0.6473183631896973 0.06404972076416016
 191844 0.03274178504943848 0.6529223918914795 0.06404638290405273
 192721 0.03297710418701172 0.6540389060974121 0.06421351432800293
 193600 0.03308701515197754 0.6583776473999023 0.06464195251464844
 194481 0.03319859504699707 0.6613106727600098 0.06505012512207031
 195364 0.03344297409057617 0.667081356048584 0.06549620628356934
 196249 0.0336003303527832 0.667672872543335 0.0655069351196289
 197136 0.03374600410461426 0.6712081432342529 0.06604933738708496
 198025 0.033933401107788086 0.6758275032043457 0.06638479232788086
 198916 0.03402900695800781 0.6786618232727051 0.06662726402282715
 199809 0.034102439880371094 0.6831753253936768 0.06674528121948242
 200704 0.03437328338623047 0.684262752532959 0.06692194938659668
 201601 0.03446626663208008 0.6879408359527588 0.0672922134399414
 202500 0.034631967544555664 0.6927151679992676 0.06783699989318848
 203401 0.03476977348327637 0.6958954334259033 0.0677638053894043
 204304 0.03494381904602051 0.6986405849456787 0.06814265251159668
 205209 0.03507351875305176 0.7023177146911621 0.06864595413208008
 206116 0.03529620170593262 0.705012321472168 0.06909370422363281
 207025 0.0353550910949707 0.7098705768585205 0.06907820701599121
 207936 0.035559654235839844 0.714569091796875 0.06963205337524414
 208849 0.03570199012756348 0.7184731960296631 0.06957602500915527
 209764 0.035938262939453125 0.7218706607818604 0.07004904747009277
 210681 0.036003828048706055 0.7250866889953613 0.07070207595825195
 211600 0.036119699478149414 0.7283191680908203 0.07101035118103027
 212521 0.03628802299499512 0.7326290607452393 0.0704801082611084
 213444 0.03659248352050781 0.7368977069854736 0.071319580078125
 214369 0.03661084175109863 0.7394640445709229 0.07160544395446777
 215296 0.03677058219909668 0.7429654598236084 0.07209014892578125
 216225 0.03698325157165527 0.7453176975250244 0.07184219360351562
 217156 0.03715991973876953 0.7529025077819824 0.07227492332458496
 218089 0.037329912185668945 0.753124475479126 0.07197070121765137
 219024 0.03749990463256836 0.759958028793335 0.07304215431213379
 219961 0.03760409355163574 0.7640962600708008 0.0732879638671875
 220900 0.03772926330566406 0.7653193473815918 0.07348513603210449
 221841 0.03798985481262207 0.7703287601470947 0.07377743721008301
 222784 0.03810715675354004 0.7756264209747314 0.07375860214233398
 223729 0.03832292556762695 0.7771928310394287 0.07458043098449707
 224676 0.03841137886047363 0.7816789150238037 0.07404518127441406
 225625 0.03863668441772461 0.7843883037567139 0.07479524612426758
 226576 0.03877711296081543 0.7867310047149658 0.0751805305480957
 227529 0.03899550437927246 0.795790433883667 0.07562661170959473
 228484 0.039118051528930664 0.8001224994659424 0.07584762573242188
 229441 0.039339542388916016 0.8044438362121582 0.07614922523498535
 230400 0.03935074806213379 0.805670976638794 0.07630467414855957
 231361 0.03957772254943848 0.8101077079772949 0.07700395584106445
 232324 0.03970527648925781 0.8109819889068604 0.07759594917297363
 233289 0.040987491607666016 0.8155076503753662 0.0768730640411377
 234256 0.04099392890930176 0.8200139999389648 0.07758164405822754
 235225 0.04114413261413574 0.8260164260864258 0.0783851146697998
 236196 0.04138803482055664 0.8300182819366455 0.07827091217041016
 237169 0.041563987731933594 0.8316583633422852 0.07890534400939941
 238144 0.04181337356567383 0.8392927646636963 0.07851123809814453
 239121 0.0419156551361084 0.8416745662689209 0.07944846153259277
 240100 0.04205179214477539 0.8458907604217529 0.07924032211303711
 241081 0.04223990440368652 0.8501794338226318 0.07996916770935059
 242064 0.04247713088989258 0.857170581817627 0.08057999610900879
 243049 0.0426487922668457 0.8536479473114014 0.08051300048828125
 244036 0.04282879829406738 0.8626911640167236 0.08123278617858887
 245025 0.04290890693664551 0.8657689094543457 0.08153939247131348
 246016 0.04312419891357422 0.8670735359191895 0.0814368724822998
 247009 0.0431675910949707 0.8714284896850586 0.08191514015197754
 248004 0.04344344139099121 0.8794300556182861 0.08278107643127441
 249001 0.04359912872314453 0.8834199905395508 0.0826878547668457
 250000 0.04380011558532715 0.886786699295044 0.08347964286804199
 251001 0.04408597946166992 0.8932740688323975 0.0836641788482666
 252004 0.04412674903869629 0.8950982093811035 0.0845174789428711
 253009 0.044241905212402344 0.8993265628814697 0.0839686393737793
 254016 0.04450726509094238 0.9029667377471924 0.08477306365966797
 255025 0.04463028907775879 0.9066851139068604 0.08529925346374512
 256036 0.04486203193664551 0.9116711616516113 0.08519124984741211
 257049 0.04499197006225586 0.9172635078430176 0.08563470840454102
 258064 0.04524040222167969 0.918668270111084 0.08548784255981445
 259081 0.04540205001831055 0.9219245910644531 0.08598709106445312
 260100 0.04549598693847656 0.9283158779144287 0.08622431755065918
 261121 0.04573512077331543 0.935924768447876 0.08762931823730469
 262144 0.0459132194519043 0.9358127117156982 0.08798432350158691
 263169 0.0460963249206543 0.9436256885528564 0.08783745765686035
 264196 0.046262264251708984 0.9425942897796631 0.08811306953430176
 265225 0.0464174747467041 0.9485979080200195 0.08888435363769531
 266256 0.04660367965698242 0.9544315338134766 0.0890493392944336
 267289 0.04680967330932617 0.9605250358581543 0.0894021987915039
 268324 0.04699277877807617 0.9616203308105469 0.08944964408874512
 269361 0.04721546173095703 0.9665660858154297 0.09017801284790039
 270400 0.04730415344238281 0.9713320732116699 0.08989691734313965
 271441 0.0474238395690918 0.976158618927002 0.09094452857971191
 272484 0.047654151916503906 0.9801032543182373 0.09051513671875
 273529 0.04787802696228027 0.9826068878173828 0.09076738357543945
 274576 0.04811239242553711 0.9855105876922607 0.09166717529296875
 275625 0.04829573631286621 0.9895970821380615 0.09208798408508301
 276676 0.04828619956970215 0.998624324798584 0.09195256233215332
 277729 0.048775672912597656 1.0046133995056152 0.09211230278015137
 278784 0.04883861541748047 1.003967523574829 0.0927884578704834
 279841 0.04890155792236328 1.0101261138916016 0.0934748649597168
 280900 0.049123525619506836 1.0142467021942139 0.09368348121643066
 281961 0.04923105239868164 1.023590087890625 0.09437251091003418
 283024 0.049562692642211914 1.027815341949463 0.09432649612426758
 284089 0.04973173141479492 1.0286345481872559 0.09553313255310059
 285156 0.049933433532714844 1.0330538749694824 0.09491348266601562
 286225 0.05005669593811035 1.0388548374176025 0.0957176685333252
 287296 0.05032086372375488 1.0404553413391113 0.09552478790283203
 288369 0.05042767524719238 1.046595811843872 0.09620785713195801
 289444 0.05069375038146973 1.0484874248504639 0.09692120552062988
 290521 0.05078744888305664 1.056342601776123 0.09659051895141602
 291600 0.05097198486328125 1.0591881275177002 0.09696817398071289
 292681 0.05117082595825195 1.0663917064666748 0.09749627113342285
 293764 0.05135631561279297 1.0683975219726562 0.09710001945495605
 294849 0.05147910118103027 1.074446439743042 0.09745550155639648
 295936 0.0518651008605957 1.0822429656982422 0.09808015823364258
 297025 0.05198073387145996 1.0824923515319824 0.09835577011108398
 298116 0.05208396911621094 1.0919318199157715 0.09850811958312988
 299209 0.052366018295288086 1.093461275100708 0.0992431640625
 300304 0.052553415298461914 1.097630262374878 0.09944891929626465
 301401 0.052727460861206055 1.1018474102020264 0.09984946250915527
 302500 0.05294680595397949 1.1076877117156982 0.10031628608703613
 303601 0.053117990493774414 1.1077995300292969 0.1010594367980957
 304704 0.05331921577453613 1.117628574371338 0.10028529167175293
 305809 0.05344533920288086 1.1228246688842773 0.10139894485473633
 306916 0.05366086959838867 1.1244230270385742 0.10080504417419434
 308025 0.0538783073425293 1.1321637630462646 0.10174822807312012
 309136 0.054114341735839844 1.132004976272583 0.10152316093444824
 310249 0.05422544479370117 1.1386098861694336 0.10268354415893555
 311364 0.05455160140991211 1.1430058479309082 0.10456299781799316
 312481 0.054739952087402344 1.1526758670806885 0.10393643379211426
 313600 0.054857730865478516 1.1546425819396973 0.1041557788848877
 314721 0.055092573165893555 1.155961036682129 0.10429835319519043
 315844 0.05529189109802246 1.1633751392364502 0.10598087310791016
 316969 0.05544567108154297 1.1686804294586182 0.10586738586425781
 318096 0.05563759803771973 1.1742618083953857 0.10661888122558594
 319225 0.05580902099609375 1.1797642707824707 0.10654592514038086
 320356 0.05598139762878418 1.1863787174224854 0.10642075538635254
 321489 0.05628204345703125 1.1855790615081787 0.10717964172363281
 322624 0.05634021759033203 1.190650224685669 0.10747361183166504
 323761 0.05660533905029297 1.194324016571045 0.10722231864929199
 324900 0.05670666694641113 1.200627088546753 0.10884594917297363
 326041 0.057028770446777344 1.2042622566223145 0.10863661766052246
 327184 0.057175397872924805 1.207385540008545 0.10933804512023926
 328329 0.0574488639831543 1.2150089740753174 0.1091921329498291
 329476 0.05756878852844238 1.2216200828552246 0.10973501205444336
 330625 0.057801246643066406 1.2264173030853271 0.1097111701965332
 331776 0.0579984188079834 1.2308664321899414 0.110595703125
 332929 0.05820035934448242 1.232193946838379 0.11093854904174805
 334084 0.05840468406677246 1.2407643795013428 0.11198139190673828
 335241 0.05871987342834473 1.248703956604004 0.111419677734375
 336400 0.05878424644470215 1.2499802112579346 0.11237573623657227
 337561 0.059011220932006836 1.2593955993652344 0.11274957656860352
 338724 0.05920052528381348 1.2630410194396973 0.11251592636108398
 339889 0.05927848815917969 1.2637746334075928 0.11337161064147949
 341056 0.05946755409240723 1.272413969039917 0.1131136417388916
 342225 0.0597996711730957 1.2777602672576904 0.11437773704528809
 343396 0.060021400451660156 1.2815344333648682 0.11494135856628418
 344569 0.06020641326904297 1.282818078994751 0.11459231376647949
 345744 0.06039595603942871 1.2923073768615723 0.1150059700012207
 346921 0.060663700103759766 1.2963478565216064 0.11542081832885742
 348100 0.06083345413208008 1.3003675937652588 0.1156320571899414
 349281 0.06103801727294922 1.306405782699585 0.1153109073638916
 350464 0.061372995376586914 1.3149974346160889 0.11638545989990234
 351649 0.061403751373291016 1.3130695819854736 0.11626982688903809
 352836 0.061670541763305664 1.322585105895996 0.1175987720489502
 354025 0.061850786209106445 1.3257362842559814 0.11731910705566406
 355216 0.06205558776855469 1.3302547931671143 0.11776280403137207
 356409 0.06232786178588867 1.3357748985290527 0.11841106414794922
 357604 0.062430620193481445 1.3429319858551025 0.11869955062866211
 358801 0.06282949447631836 1.346508264541626 0.11847043037414551
 360000 0.06288838386535645 1.352736473083496 0.11890697479248047
 361201 0.06298828125 1.3545942306518555 0.11939239501953125
 362404 0.06323957443237305 1.362541675567627 0.11998820304870605
 363609 0.06356430053710938 1.3686902523040771 0.12091588973999023
 364816 0.06368684768676758 1.376169204711914 0.12057018280029297
 366025 0.06386899948120117 1.3782589435577393 0.12105846405029297
 367236 0.06416749954223633 1.377300500869751 0.12151098251342773
 368449 0.06443262100219727 1.3888978958129883 0.1223137378692627
 369664 0.06458473205566406 1.3922772407531738 0.12155818939208984
 370881 0.06470894813537598 1.3965919017791748 0.12206602096557617
 372100 0.0650031566619873 1.4059536457061768 0.1221613883972168
 373321 0.0651857852935791 1.4103031158447266 0.12389469146728516
 374544 0.06544613838195801 1.4185764789581299 0.12382817268371582
 375769 0.06565380096435547 1.4217662811279297 0.12471318244934082
 376996 0.06589102745056152 1.4303545951843262 0.12533330917358398
 378225 0.06595134735107422 1.4339993000030518 0.12564396858215332
 379456 0.06626272201538086 1.4379005432128906 0.1246347427368164
 380689 0.06648588180541992 1.4394676685333252 0.12585735321044922
 381924 0.0667121410369873 1.4478600025177002 0.12627959251403809
 383161 0.06688261032104492 1.4527626037597656 0.12749743461608887
 384400 0.06711196899414062 1.4614207744598389 0.1284008026123047
 385641 0.06727051734924316 1.4597396850585938 0.1282501220703125
 386884 0.06751894950866699 1.4703900814056396 0.12944936752319336
 388129 0.06770586967468262 1.4747238159179688 0.12867474555969238
 389376 0.06798624992370605 1.478362798690796 0.1293790340423584
 390625 0.06817102432250977 1.489480972290039 0.12968826293945312
 391876 0.06836557388305664 1.4930191040039062 0.13041186332702637
 393129 0.06857991218566895 1.498103141784668 0.13109350204467773
 394384 0.06887149810791016 1.5021088123321533 0.13065338134765625
 395641 0.06901741027832031 1.5077400207519531 0.13093328475952148
 396900 0.06934094429016113 1.507594108581543 0.13202381134033203
 398161 0.06949186325073242 1.5163319110870361 0.13262176513671875
 399424 0.0697469711303711 1.5284876823425293 0.13274765014648438
 400689 0.06985878944396973 1.5264942646026611 0.13356995582580566
 401956 0.0701904296875 1.5381083488464355 0.13366127014160156
 403225 0.07032656669616699 1.5433096885681152 0.13441777229309082
 404496 0.07062864303588867 1.543705701828003 0.13483023643493652
 405769 0.07097649574279785 1.5507960319519043 0.13458728790283203
 407044 0.07102751731872559 1.5584778785705566 0.13512134552001953
 408321 0.07132267951965332 1.5652592182159424 0.13640713691711426
 409600 0.07147383689880371 1.5753729343414307 0.1363816261291504
 410881 0.07171750068664551 1.57643723487854 0.13576030731201172
 412164 0.07190251350402832 1.5787568092346191 0.1368875503540039
 413449 0.07217812538146973 1.5864129066467285 0.13801932334899902
 414736 0.07245087623596191 1.5920066833496094 0.1380758285522461
 416025 0.07254886627197266 1.5954670906066895 0.1386716365814209
 417316 0.07287096977233887 1.6050984859466553 0.13950347900390625
 418609 0.07319068908691406 1.6110613346099854 0.13861608505249023
 419904 0.07345867156982422 1.6172592639923096 0.13916516304016113
 421201 0.07358479499816895 1.6190283298492432 0.1401059627532959
 422500 0.07382345199584961 1.6268534660339355 0.14040064811706543
 423801 0.0740513801574707 1.6277868747711182 0.14073824882507324
 425104 0.07420778274536133 1.63669753074646 0.14168238639831543
 426409 0.07442903518676758 1.6420817375183105 0.14072632789611816
 427716 0.07465553283691406 1.6513175964355469 0.14293336868286133
 429025 0.07495379447937012 1.6538517475128174 0.14249181747436523
 430336 0.07507562637329102 1.6573617458343506 0.14329123497009277
 431649 0.07544136047363281 1.6669394969940186 0.14261770248413086
 432964 0.07554197311401367 1.6737775802612305 0.14349961280822754
 434281 0.07579827308654785 1.679248571395874 0.14516997337341309
 435600 0.07613468170166016 1.686466932296753 0.14529824256896973
 436921 0.07626509666442871 1.687305212020874 0.14541006088256836
 438244 0.07647490501403809 1.6992933750152588 0.1458570957183838
 439569 0.07672262191772461 1.6979107856750488 0.14630818367004395
 440896 0.07693886756896973 1.706120252609253 0.1465446949005127
 442225 0.0771934986114502 1.7079854011535645 0.1473848819732666
 443556 0.07749080657958984 1.7179524898529053 0.14809465408325195
 444889 0.07766580581665039 1.7251245975494385 0.14832377433776855
 446224 0.07788944244384766 1.7335796356201172 0.1468815803527832
 447561 0.07816576957702637 1.7349319458007812 0.1476578712463379
 448900 0.07841300964355469 1.738393783569336 0.14783382415771484
 450241 0.07852935791015625 1.7467372417449951 0.14966487884521484
 451584 0.07880616188049316 1.7564888000488281 0.14881491661071777
 452929 0.07900381088256836 1.7575023174285889 0.1499319076538086
 454276 0.07926297187805176 1.7671809196472168 0.15060639381408691
 455625 0.07946491241455078 1.7725934982299805 0.15132784843444824
 456976 0.07979679107666016 1.7762858867645264 0.15072226524353027
 458329 0.07999587059020996 1.7840988636016846 0.15101265907287598
 459684 0.08010530471801758 1.7895243167877197 0.15177702903747559
 461041 0.08046174049377441 1.7928154468536377 0.1526477336883545
 462400 0.08078932762145996 1.8019545078277588 0.15216302871704102
 463761 0.08099031448364258 1.8119571208953857 0.15354490280151367
 465124 0.08105349540710449 1.8140769004821777 0.1537184715270996
 466489 0.08153867721557617 1.8172733783721924 0.15485405921936035
 467856 0.08168864250183105 1.8227286338806152 0.15595030784606934
 469225 0.0818328857421875 1.8307781219482422 0.1564481258392334
 470596 0.08215546607971191 1.8369777202606201 0.1570138931274414
 471969 0.08227324485778809 1.8434789180755615 0.15671420097351074
 473344 0.08258318901062012 1.8534574508666992 0.15712213516235352
 474721 0.08291745185852051 1.8530762195587158 0.1575307846069336
 476100 0.08302807807922363 1.8619239330291748 0.1581096649169922
 477481 0.08332085609436035 1.8702161312103271 0.15854215621948242
 478864 0.0835728645324707 1.8761718273162842 0.15915346145629883
 480249 0.08383560180664062 1.8834221363067627 0.16011857986450195
 481636 0.08397269248962402 1.883868932723999 0.1602611541748047
 483025 0.08425474166870117 1.8935527801513672 0.16083836555480957
 484416 0.08448076248168945 1.8972020149230957 0.16056585311889648
 485809 0.08441281318664551 1.9112327098846436 0.16113758087158203
 487204 0.08507394790649414 1.909602403640747 0.1618509292602539
 488601 0.0853109359741211 1.9149744510650635 0.16179990768432617
 490000 0.08554768562316895 1.9245374202728271 0.16391634941101074
 491401 0.08579754829406738 1.9295783042907715 0.16280674934387207
 492804 0.08602595329284668 1.937803030014038 0.16401457786560059
 494209 0.08621931076049805 1.9433884620666504 0.16318678855895996
 495616 0.08644413948059082 1.9521222114562988 0.16422700881958008
 497025 0.08696341514587402 1.959455966949463 0.1655893325805664
 498436 0.08696770668029785 1.9646484851837158 0.16556334495544434
 499849 0.08716797828674316 1.9655473232269287 0.16498804092407227
 501264 0.08735418319702148 1.979292392730713 0.16581010818481445
 502681 0.08777546882629395 1.9878664016723633 0.16640949249267578
 504100 0.0879218578338623 1.989283800125122 0.16799449920654297
 505521 0.08824372291564941 1.9964799880981445 0.1679847240447998
 506944 0.08851337432861328 2.003894805908203 0.16806912422180176
 508369 0.08861255645751953 2.0054209232330322 0.16899609565734863
 509796 0.08884119987487793 2.0160629749298096 0.16858196258544922
 511225 0.0891563892364502 2.0210070610046387 0.1681675910949707
 512656 0.0893700122833252 2.0299017429351807 0.16878318786621094
 514089 0.08962202072143555 2.0359046459198 0.16985559463500977
 515524 0.08985352516174316 2.0392143726348877 0.16938328742980957
 516961 0.09018111228942871 2.04892635345459 0.17026972770690918
 518400 0.09039020538330078 2.054157018661499 0.17144298553466797
 519841 0.09078764915466309 2.061338424682617 0.1713573932647705
 521284 0.09086275100708008 2.069739580154419 0.17153096199035645
 522729 0.09120011329650879 2.0753800868988037 0.1725606918334961
 524176 0.09141111373901367 2.078881025314331 0.17316007614135742
 525625 0.09165453910827637 2.0882768630981445 0.1726527214050293
 527076 0.09190535545349121 2.092050790786743 0.17401909828186035
 528529 0.09221386909484863 2.094373941421509 0.17435288429260254
 529984 0.09240102767944336 2.1029598712921143 0.17475581169128418
 531441 0.09257054328918457 2.113334894180298 0.17449355125427246
 532900 0.09302759170532227 2.1152591705322266 0.17506027221679688
 534361 0.09317779541015625 2.1137077808380127 0.17675161361694336
 535824 0.09349513053894043 2.132443904876709 0.17679858207702637
 537289 0.09365344047546387 2.136237859725952 0.17638087272644043
 538756 0.09400653839111328 2.144277334213257 0.1769099235534668
 540225 0.09427928924560547 2.1516497135162354 0.1781904697418213
 541696 0.09444332122802734 2.161491632461548 0.17830228805541992
 543169 0.09465813636779785 2.1591615676879883 0.17871737480163574
 544644 0.09499931335449219 2.171030044555664 0.17887139320373535
 546121 0.09525012969970703 2.1782174110412598 0.17985248565673828
 547600 0.0955359935760498 2.186631679534912 0.17914438247680664
 549081 0.09574365615844727 2.1955642700195312 0.1807844638824463
 550564 0.0960237979888916 2.2000608444213867 0.18193435668945312
 552049 0.09619879722595215 2.2042882442474365 0.18127226829528809
 553536 0.09648990631103516 2.2106199264526367 0.18184709548950195
 555025 0.09703779220581055 2.217453718185425 0.18236279487609863
 556516 0.09707188606262207 2.22804856300354 0.18376421928405762
 558009 0.09728169441223145 2.226351737976074 0.18282294273376465
 559504 0.09755158424377441 2.2363839149475098 0.18401265144348145
 561001 0.09775114059448242 2.2399344444274902 0.18680882453918457
 562500 0.09819388389587402 2.254359006881714 0.18536043167114258
 564001 0.09817719459533691 2.262021780014038 0.18516063690185547
 565504 0.09860014915466309 2.271646499633789 0.18590354919433594
 567009 0.09888243675231934 2.274900436401367 0.1871814727783203
 568516 0.09906625747680664 2.274590015411377 0.18681025505065918
 570025 0.09937429428100586 2.2835333347320557 0.18764019012451172
 571536 0.09976387023925781 2.2951440811157227 0.1877436637878418
 573049 0.1002054214477539 2.3040428161621094 0.1891186237335205
 574564 0.10017824172973633 2.3083298206329346 0.18931126594543457
 576081 0.1005408763885498 2.318368434906006 0.19040584564208984
 577600 0.10068154335021973 2.319365978240967 0.19020915031433105
 579121 0.10103487968444824 2.32806658744812 0.19005250930786133
 580644 0.1012125015258789 2.334949493408203 0.19311738014221191
 582169 0.10168790817260742 2.3427114486694336 0.1930093765258789
 583696 0.10170197486877441 2.347871780395508 0.19396662712097168
 585225 0.1020050048828125 2.3566133975982666 0.1956779956817627
 586756 0.10222411155700684 2.357830762863159 0.19439458847045898
 588289 0.1025390625 2.3708064556121826 0.1956775188446045
 589824 0.10282039642333984 2.3737499713897705 0.1960141658782959
 591361 0.10306406021118164 2.3832380771636963 0.19592905044555664
 592900 0.10335993766784668 2.39003849029541 0.19556474685668945
 594441 0.10368466377258301 2.400893449783325 0.19688749313354492
 595984 0.10390615463256836 2.4044721126556396 0.19715523719787598
 597529 0.10417604446411133 2.417405843734741 0.19789552688598633
 599076 0.10437917709350586 2.4178926944732666 0.19905447959899902
 600625 0.10480809211730957 2.423189640045166 0.19855880737304688
 602176 0.10501909255981445 2.4311153888702393 0.20014619827270508
 603729 0.10523080825805664 2.447840690612793 0.19982695579528809
 605284 0.10555100440979004 2.4501118659973145 0.20052123069763184
 606841 0.10578417778015137 2.4485156536102295 0.20115947723388672
 608400 0.10596871376037598 2.460928201675415 0.2014942169189453
 609961 0.10631132125854492 2.4632883071899414 0.20243263244628906
 611524 0.10655331611633301 2.4742937088012695 0.20304298400878906
 613089 0.10684490203857422 2.484421968460083 0.20343565940856934
 614656 0.1071009635925293 2.489398717880249 0.2032763957977295
 616225 0.10735177993774414 2.500502347946167 0.20488929748535156
 617796 0.1078801155090332 2.505593776702881 0.20371198654174805
 619369 0.10794544219970703 2.5109968185424805 0.20572423934936523
 620944 0.1083371639251709 2.5261049270629883 0.20597124099731445
 622521 0.10845065116882324 2.531050443649292 0.2065882682800293
 624100 0.10869336128234863 2.532848358154297 0.2063157558441162
 625681 0.10909509658813477 2.539607524871826 0.2070786952972412
 627264 0.10930562019348145 2.552588701248169 0.20788192749023438
 628849 0.10962224006652832 2.558986186981201 0.20668625831604004
 630436 0.1097726821899414 2.563530445098877 0.2069864273071289
 632025 0.11014437675476074 2.567800998687744 0.2077805995941162
 633616 0.11040568351745605 2.577390432357788 0.2076888084411621
 635209 0.11065912246704102 2.581690549850464 0.20935845375061035
 636804 0.11104249954223633 2.595447063446045 0.20846176147460938
 638401 0.1111454963684082 2.6021411418914795 0.20971083641052246
 640000 0.11150407791137695 2.608271360397339 0.2102346420288086
 641601 0.11180448532104492 2.617628574371338 0.20914769172668457
 643204 0.11200690269470215 2.6214497089385986 0.21035432815551758
 644809 0.11234021186828613 2.6309633255004883 0.21291851997375488
 646416 0.11274957656860352 2.638690233230591 0.21223998069763184
 648025 0.11289143562316895 2.641890525817871 0.21270537376403809
 649636 0.11325359344482422 2.64774751663208 0.21485519409179688
 651249 0.11347246170043945 2.6596338748931885 0.2141430377960205
 652864 0.11373472213745117 2.6661407947540283 0.21381521224975586
 654481 0.11399984359741211 2.675039052963257 0.21438288688659668
 656100 0.11422061920166016 2.6820876598358154 0.21618223190307617
 657721 0.11465311050415039 2.680802583694458 0.2148878574371338
 659344 0.1148676872253418 2.6945555210113525 0.21701407432556152
 660969 0.11516308784484863 2.702022075653076 0.21702790260314941
 662596 0.11544489860534668 2.7125017642974854 0.2182013988494873
 664225 0.11570930480957031 2.7193663120269775 0.21827340126037598
 665856 0.11589717864990234 2.7303333282470703 0.2189931869506836
 667489 0.1162722110748291 2.729778528213501 0.21883893013000488
 669124 0.11661100387573242 2.742964744567871 0.21949386596679688
 670761 0.11691927909851074 2.75288724899292 0.2208085060119629
 672400 0.11714482307434082 2.7558162212371826 0.2204878330230713
 674041 0.11755037307739258 2.763061285018921 0.22088909149169922
 675684 0.1177372932434082 2.775902509689331 0.22221088409423828
 677329 0.11790347099304199 2.7773022651672363 0.22221064567565918
 678976 0.11835551261901855 2.7877819538116455 0.22415447235107422
 680625 0.11845111846923828 2.7914395332336426 0.22478008270263672
 682276 0.11888241767883301 2.8029582500457764 0.2262439727783203
 683929 0.11897754669189453 2.8110034465789795 0.22644782066345215
 685584 0.11953258514404297 2.8132071495056152 0.2269902229309082
 687241 0.11965537071228027 2.827843427658081 0.22736215591430664
 688900 0.12003755569458008 2.8325397968292236 0.22795701026916504
 690561 0.12026643753051758 2.8411638736724854 0.22929835319519043
 692224 0.12061691284179688 2.8586106300354004 0.22885918617248535
 693889 0.1209266185760498 2.853719472885132 0.229386568069458
 695556 0.12115859985351562 2.8653228282928467 0.23038482666015625
 697225 0.1214437484741211 2.8731770515441895 0.22991633415222168
 698896 0.12170815467834473 2.8798940181732178 0.23088765144348145
 700569 0.12206649780273438 2.88698673248291 0.23247289657592773
 702244 0.12230706214904785 2.899824857711792 0.2323436737060547
 703921 0.1225135326385498 2.9087095260620117 0.23259782791137695
 705600 0.12319111824035645 2.90679669380188 0.23172688484191895
 707281 0.12308096885681152 2.91961669921875 0.23172283172607422
 708964 0.12348008155822754 2.9236233234405518 0.23352408409118652
 710649 0.12381720542907715 2.938209295272827 0.23253917694091797
 712336 0.12401747703552246 2.9381442070007324 0.2326340675354004
 714025 0.12444424629211426 2.955536127090454 0.23403716087341309
 715716 0.1246335506439209 2.959536552429199 0.2342836856842041
 717409 0.12494540214538574 2.9681220054626465 0.2362966537475586
 719104 0.12529540061950684 2.979837417602539 0.23544812202453613
 720801 0.1257190704345703 2.9848239421844482 0.2380661964416504
 722500 0.1260511875152588 2.986363410949707 0.23713278770446777
 724201 0.12608742713928223 3.0017240047454834 0.23768830299377441
 725904 0.12644529342651367 3.005183696746826 0.23969602584838867
 727609 0.12680864334106445 3.009734630584717 0.23827910423278809
 729316 0.12753081321716309 3.017812728881836 0.23942875862121582
 731025 0.12723183631896973 3.0274786949157715 0.23941373825073242
 732736 0.1276845932006836 3.0279791355133057 0.23912525177001953
 734449 0.12791943550109863 3.0415596961975098 0.2405688762664795
 736164 0.12818527221679688 3.050548791885376 0.24134325981140137
 737881 0.1284787654876709 3.0576040744781494 0.24174237251281738
 739600 0.12859511375427246 3.0731513500213623 0.24588871002197266
 741321 0.12908720970153809 3.066631317138672 0.24702119827270508
 743044 0.129225492477417 3.0772504806518555 0.24773168563842773
 744769 0.12986350059509277 3.0929880142211914 0.2467038631439209
 746496 0.1297914981842041 3.1056580543518066 0.2491002082824707
 748225 0.13023781776428223 3.1053218841552734 0.24979567527770996
 749956 0.13035297393798828 3.1209795475006104 0.2502877712249756
 751689 0.13089895248413086 3.1331074237823486 0.25026965141296387
 753424 0.13111138343811035 3.138824701309204 0.250659704208374
 755161 0.13168692588806152 3.13987135887146 0.2512824535369873
 756900 0.13158130645751953 3.1540720462799072 0.2511167526245117
 758641 0.13225126266479492 3.1652915477752686 0.2474217414855957
 760384 0.13240766525268555 3.1691057682037354 0.24975919723510742
 762129 0.13296151161193848 3.1687145233154297 0.2504429817199707
 763876 0.132979154586792 3.1784465312957764 0.24960923194885254
 765625 0.13330292701721191 3.1901159286499023 0.2515397071838379
 767376 0.13359975814819336 3.2086198329925537 0.2520890235900879
 769129 0.133988618850708 3.2031500339508057 0.25132155418395996
 770884 0.13419127464294434 3.2090024948120117 0.251373291015625
 772641 0.13452506065368652 3.2238810062408447 0.2532939910888672
 774400 0.13462328910827637 3.225741386413574 0.2539961338043213
 776161 0.13520336151123047 3.24275803565979 0.254044771194458
 777924 0.1355447769165039 3.255852460861206 0.25476765632629395
 779689 0.1358339786529541 3.257234811782837 0.25560903549194336
 781456 0.13598084449768066 3.2638800144195557 0.2561023235321045
 783225 0.13640189170837402 3.2768876552581787 0.2563197612762451
 784996 0.13671278953552246 3.2821567058563232 0.25639796257019043
 786769 0.13692355155944824 3.2866318225860596 0.25931501388549805
 788544 0.13724398612976074 3.301841974258423 0.2605302333831787
 790321 0.1376192569732666 3.3062610626220703 0.26066112518310547
 792100 0.13790297508239746 3.3157999515533447 0.2617318630218506
 793881 0.1382150650024414 3.320991277694702 0.2616438865661621
 795664 0.13852596282958984 3.3312814235687256 0.2615048885345459
 797449 0.13885831832885742 3.3479394912719727 0.2635798454284668
 799236 0.13916420936584473 3.346022129058838 0.26340770721435547
 801025 0.13942241668701172 3.353841543197632 0.2648746967315674
 802816 0.13975214958190918 3.362874746322632 0.2649071216583252
 804609 0.1400744915008545 3.370675802230835 0.2651076316833496
 806404 0.1403353214263916 3.3782033920288086 0.26542186737060547
 808201 0.14070796966552734 3.3965587615966797 0.2657783031463623
 810000 0.14096760749816895 3.395925283432007 0.26641392707824707
 811801 0.14139819145202637 3.4100682735443115 0.26780176162719727
 813604 0.14148879051208496 3.41916561126709 0.26964426040649414
 815409 0.14189386367797852 3.4255211353302 0.26932477951049805
 817216 0.14209270477294922 3.438220262527466 0.26907920837402344
 819025 0.14250469207763672 3.437732696533203 0.2696077823638916
 820836 0.14321303367614746 3.4527225494384766 0.2705223560333252
 822649 0.14307260513305664 3.461294174194336 0.27193331718444824
 824464 0.14358758926391602 3.468413829803467 0.2717738151550293
 826281 0.143965482711792 3.4712154865264893 0.273928165435791
 828100 0.14414119720458984 3.4820685386657715 0.2738208770751953
 829921 0.1444246768951416 3.4887561798095703 0.27509379386901855
 831744 0.14489054679870605 3.5040056705474854 0.2731630802154541
 833569 0.14501261711120605 3.5028812885284424 0.2753732204437256
 835396 0.1453557014465332 3.522861957550049 0.2756645679473877
 837225 0.14577150344848633 3.5231597423553467 0.2772834300994873
 839056 0.14604687690734863 3.5400476455688477 0.27680516242980957
 840889 0.14630389213562012 3.547971248626709 0.2772953510284424
 842724 0.14682698249816895 3.553487777709961 0.2765665054321289
 844561 0.1470508575439453 3.563560962677002 0.27825260162353516
 846400 0.1473236083984375 3.568941354751587 0.27996158599853516
 848241 0.14784860610961914 3.584429979324341 0.2790031433105469
 850084 0.1481916904449463 3.592313766479492 0.2802600860595703
 851929 0.1484391689300537 3.5978832244873047 0.28081583976745605
 853776 0.14874815940856934 3.601717233657837 0.2814006805419922
 855625 0.14910459518432617 3.617048501968384 0.28211522102355957
 857476 0.14934563636779785 3.6209890842437744 0.28260111808776855
 859329 0.14969682693481445 3.63553786277771 0.28331613540649414
 861184 0.1499192714691162 3.6395509243011475 0.2841761112213135
 863041 0.15075302124023438 3.6540560722351074 0.28442931175231934
 864900 0.15055131912231445 3.6634936332702637 0.2859838008880615
 866761 0.15111708641052246 3.6683688163757324 0.2859790325164795
 868624 0.15118789672851562 3.669813632965088 0.2858750820159912
 870489 0.1515789031982422 3.6868653297424316 0.28878283500671387
 872356 0.1518850326538086 3.697850227355957 0.2884101867675781
 874225 0.15221214294433594 3.700404644012451 0.2878093719482422
 876096 0.15248632431030273 3.716611385345459 0.2867302894592285
 877969 0.1531062126159668 3.7251367568969727 0.2871541976928711
 879844 0.15322089195251465 3.733119010925293 0.2895040512084961
 881721 0.15355467796325684 3.7488529682159424 0.2898082733154297
 883600 0.1540379524230957 3.7547061443328857 0.2911336421966553
 885481 0.1542649269104004 3.764265775680542 0.29218626022338867
 887364 0.15450644493103027 3.770848035812378 0.2918055057525635
 889249 0.15472126007080078 3.772542715072632 0.29251956939697266
 891136 0.15511870384216309 3.78363299369812 0.2940700054168701
 893025 0.15552115440368652 3.7910473346710205 0.2937180995941162
 894916 0.15584754943847656 3.806917905807495 0.2949221134185791
 896809 0.15615177154541016 3.807898759841919 0.2957789897918701
 898704 0.15648508071899414 3.8199052810668945 0.29543018341064453
 900601 0.15684747695922852 3.823821783065796 0.2962503433227539
 902500 0.15736699104309082 3.845150947570801 0.2977626323699951
 904401 0.1574254035949707 3.857375383377075 0.2971961498260498
 906304 0.1577012538909912 3.8605403900146484 0.2981905937194824
 908209 0.15842366218566895 3.8734629154205322 0.2986183166503906
 910116 0.15851378440856934 3.8778369426727295 0.299422025680542
 912025 0.15885233879089355 3.8895576000213623 0.30080461502075195
 913936 0.15913057327270508 3.8975512981414795 0.3000056743621826
 915849 0.15952157974243164 3.9062013626098633 0.30063915252685547
 917764 0.15978574752807617 3.9150853157043457 0.30235767364501953
 919681 0.1601407527923584 3.919921875 0.30252623558044434
 921600 0.16029000282287598 3.9338104724884033 0.3025684356689453
 923521 0.16085290908813477 3.9460606575012207 0.3037872314453125
 925444 0.16139435768127441 3.9466493129730225 0.3038291931152344
 927369 0.161423921585083 3.9587795734405518 0.30544161796569824
 929296 0.16194629669189453 3.9612531661987305 0.3059048652648926
 931225 0.16217565536499023 3.975074529647827 0.30707430839538574
 933156 0.16250991821289062 3.9768104553222656 0.3050704002380371
 935089 0.16280174255371094 3.9938206672668457 0.3054828643798828
 937024 0.16324663162231445 4.001424074172974 0.3058328628540039
 938961 0.1634373664855957 4.010934591293335 0.30598926544189453
 940900 0.1638627052307129 4.026247978210449 0.3069453239440918
 942841 0.16417431831359863 4.022394895553589 0.30829715728759766
 944784 0.16449952125549316 4.044701337814331 0.30872035026550293
 946729 0.16549348831176758 4.049747705459595 0.3078038692474365
 948676 0.16528105735778809 4.061257839202881 0.310161828994751
 950625 0.16553378105163574 4.068809509277344 0.30948519706726074
 952576 0.1658790111541748 4.07707667350769 0.31131839752197266
 954529 0.16642332077026367 4.0867600440979 0.31239748001098633
 956484 0.16659784317016602 4.104746341705322 0.3120615482330322
 958441 0.1669461727142334 4.108086347579956 0.3124721050262451
 960400 0.16720080375671387 4.104193687438965 0.31334805488586426
 962361 0.1677708625793457 4.11241340637207 0.31963396072387695
 964324 0.16808295249938965 4.130645513534546 0.31913018226623535
 966289 0.16799187660217285 4.135876893997192 0.3204081058502197
 968256 0.16851067543029785 4.144140005111694 0.3205709457397461
 970225 0.16858625411987305 4.153059959411621 0.32132482528686523
 972196 0.1696162223815918 4.166758298873901 0.32338857650756836
 974169 0.16982269287109375 4.177719831466675 0.317979097366333
 976144 0.1701488494873047 4.190831899642944 0.3192152976989746
 978121 0.17043232917785645 4.209433555603027 0.31947803497314453
 980100 0.17054247856140137 4.207197904586792 0.3201565742492676
 982081 0.1710350513458252 4.235663414001465 0.32030487060546875
 984064 0.17131829261779785 4.238815546035767 0.32075047492980957
 986049 0.17177319526672363 4.2459704875946045 0.321657657623291
 988036 0.1720447540283203 4.255004405975342 0.3219451904296875
 990025 0.17229127883911133 4.268536567687988 0.3223450183868408
 992016 0.17270779609680176 4.273890495300293 0.3234565258026123
 994009 0.17331361770629883 4.290257930755615 0.32466578483581543
 996004 0.17347192764282227 4.293934106826782 0.32767343521118164
 998001 0.17377853393554688 4.314897060394287 0.3283054828643799
 1000000 0.1741645336151123 4.307283401489258 0.3300180435180664