
 9 1.1205673217773438e-05 1.0967254638671875e-05 8.106231689453125e-06
 16 1.0013580322265625e-05 1.2159347534179688e-05 1.0728836059570312e-05
 25 1.1682510375976562e-05 1.7404556274414062e-05 1.4543533325195312e-05
 36 1.3113021850585938e-05 2.384185791015625e-05 1.7404556274414062e-05
 49 1.5020370483398438e-05 3.266334533691406e-05 2.2649765014648438e-05
 64 1.6927719116210938e-05 4.315376281738281e-05 2.7418136596679688e-05
 81 1.9073486328125e-05 5.745887756347656e-05 3.314018249511719e-05
 100 2.1696090698242188e-05 7.152557373046875e-05 3.790855407714844e-05
 121 2.4318695068359375e-05 8.940696716308594e-05 4.5299530029296875e-05
 144 2.6941299438476562e-05 0.00010704994201660156 5.173683166503906e-05
 169 2.9802322387695312e-05 0.0001308917999267578 6.127357482910156e-05
 196 3.361701965332031e-05 0.00015854835510253906 6.747245788574219e-05
 225 3.743171691894531e-05 0.00018787384033203125 7.557868957519531e-05
 256 4.1961669921875e-05 0.00021719932556152344 8.440017700195312e-05
 289 4.649162292480469e-05 0.0002510547637939453 9.72747802734375e-05
 324 5.1021575927734375e-05 0.0002856254577636719 0.00010657310485839844
 361 5.626678466796875e-05 0.0003261566162109375 0.00011730194091796875
 400 6.079673767089844e-05 0.00036978721618652344 0.0001308917999267578
 441 6.580352783203125e-05 0.00041866302490234375 0.00014162063598632812
 484 7.081031799316406e-05 0.0004684925079345703 0.00015497207641601562
 529 7.796287536621094e-05 0.0005245208740234375 0.0001697540283203125
 576 8.678436279296875e-05 0.0005877017974853516 0.00018453598022460938
 625 9.298324584960938e-05 0.0006592273712158203 0.0002048015594482422
 676 0.00010275840759277344 0.0007390975952148438 0.00022125244140625
 729 0.00011038780212402344 0.0008139610290527344 0.00024008750915527344
 784 0.00012087821960449219 0.0009019374847412109 0.0002586841583251953
 841 0.0001289844512939453 0.001003265380859375 0.0002791881561279297
 900 0.0001404285430908203 0.001100778579711914 0.0003001689910888672
 961 0.0001499652862548828 0.0011820793151855469 0.00032019615173339844
 1024 0.00016188621520996094 0.0012867450714111328 0.0003407001495361328
 1089 0.00017142295837402344 0.0014026165008544922 0.0003638267517089844
 1156 0.00018525123596191406 0.0015103816986083984 0.00038433074951171875
 1225 0.00019431114196777344 0.00164031982421875 0.00041031837463378906
 1296 0.00020813941955566406 0.0017592906951904297 0.00043392181396484375
 1369 0.0002186298370361328 0.0018854141235351562 0.0004601478576660156
 1444 0.00023317337036132812 0.002000093460083008 0.0004825592041015625
 1521 0.00024390220642089844 0.0021393299102783203 0.0005102157592773438
 1600 0.0002601146697998047 0.0022835731506347656 0.0005388259887695312
 1681 0.00027179718017578125 0.0024406909942626953 0.0005702972412109375
 1764 0.0002872943878173828 0.002591848373413086 0.0005996227264404297
 1849 0.0002994537353515625 0.0027523040771484375 0.0006258487701416016
 1936 0.00031685829162597656 0.002902984619140625 0.0006542205810546875
 2025 0.00032901763916015625 0.003138303756713867 0.0006921291351318359
 2116 0.00034809112548828125 0.003239870071411133 0.0007319450378417969
 2209 0.0003609657287597656 0.003421306610107422 0.0007615089416503906
 2304 0.0003790855407714844 0.0036242008209228516 0.0007827281951904297
 2401 0.00039505958557128906 0.003788471221923828 0.0008184909820556641
 2500 0.0004119873046875 0.00400543212890625 0.0008461475372314453
 2601 0.0004284381866455078 0.004204511642456055 0.0008835792541503906
 2704 0.0004467964172363281 0.004404544830322266 0.0009183883666992188
 2809 0.00046253204345703125 0.004601001739501953 0.0009551048278808594
 2916 0.0004978179931640625 0.004822492599487305 0.000990152359008789
 3025 0.0004985332489013672 0.00506281852722168 0.0010254383087158203
 3136 0.0005207061767578125 0.005282878875732422 0.0010600090026855469
 3249 0.0005359649658203125 0.005518913269042969 0.0010952949523925781
 3364 0.0005605220794677734 0.005731821060180664 0.0011403560638427734
 3481 0.0005762577056884766 0.0059833526611328125 0.0011756420135498047
 3600 0.0005972385406494141 0.0062408447265625 0.0012209415435791016
 3721 0.0006167888641357422 0.006499052047729492 0.0012624263763427734
 3844 0.0006399154663085938 0.0067615509033203125 0.0012981891632080078
 3969 0.0006587505340576172 0.0070269107818603516 0.0013451576232910156
 4096 0.0006806850433349609 0.0072956085205078125 0.0013992786407470703
 4225 0.000701904296875 0.007645845413208008 0.0014376640319824219
 4356 0.0007255077362060547 0.00786137580871582 0.0014755725860595703
 4489 0.0007431507110595703 0.008147001266479492 0.0015146732330322266
 4624 0.0007700920104980469 0.008445024490356445 0.001560211181640625
 4761 0.0007913112640380859 0.008754491806030273 0.0016219615936279297
 4900 0.0008170604705810547 0.009055852890014648 0.001651763916015625
 5041 0.0008382797241210938 0.009369373321533203 0.0017163753509521484
 5184 0.0008656978607177734 0.009682416915893555 0.0017557144165039062
 5329 0.0008881092071533203 0.01002049446105957 0.0017859935760498047
 5476 0.0009148120880126953 0.010346174240112305 0.0018396377563476562
 5625 0.0009393692016601562 0.010697603225708008 0.0018916130065917969
 5776 0.0009655952453613281 0.011033773422241211 0.0019414424896240234
 5929 0.0009925365447998047 0.011377573013305664 0.001990079879760742
 6084 0.0010182857513427734 0.01172637939453125 0.0020444393157958984
 6241 0.001039266586303711 0.012104034423828125 0.002102375030517578
 6400 0.0010716915130615234 0.01244044303894043 0.0021567344665527344
 6561 0.0010955333709716797 0.012837409973144531 0.002198457717895508
 6724 0.0011246204376220703 0.013192415237426758 0.002266407012939453
 6889 0.0011539459228515625 0.013572454452514648 0.002332448959350586
 7056 0.0011932849884033203 0.013984441757202148 0.002356290817260742
 7225 0.0012094974517822266 0.014379024505615234 0.0024144649505615234
 7396 0.001238107681274414 0.01484227180480957 0.002491474151611328
 7569 0.0012679100036621094 0.015187740325927734 0.0025310516357421875
 7744 0.0012962818145751953 0.015607595443725586 0.002592802047729492
 7921 0.001310110092163086 0.016042709350585938 0.002641916275024414
 8100 0.001354217529296875 0.01644754409790039 0.0027108192443847656
 8281 0.0013887882232666016 0.016921281814575195 0.0027589797973632812
 8464 0.0014181137084960938 0.017325401306152344 0.0028183460235595703
 8649 0.0014505386352539062 0.017808914184570312 0.002872943878173828
 8836 0.0014805793762207031 0.018231868743896484 0.002934694290161133
 9025 0.0015118122100830078 0.018711328506469727 0.002996683120727539
 9216 0.0015435218811035156 0.019170284271240234 0.003068208694458008
 9409 0.0015726089477539062 0.01965498924255371 0.0031197071075439453
 9604 0.0016219615936279297 0.02011585235595703 0.0031943321228027344
 9801 0.0016436576843261719 0.02060222625732422 0.003248929977416992
 10000 0.0016782283782958984 0.02107381820678711 0.003331899642944336
 10201 0.0017096996307373047 0.021586179733276367 0.003391265869140625
 10404 0.001743316650390625 0.022090673446655273 0.003443002700805664
 10609 0.001781463623046875 0.022593259811401367 0.0035076141357421875
 10816 0.0018124580383300781 0.023182153701782227 0.003580808639526367
 11025 0.0018532276153564453 0.02368903160095215 0.0036399364471435547
 11236 0.0018832683563232422 0.02418804168701172 0.003704547882080078
 11449 0.0019252300262451172 0.024741172790527344 0.003785848617553711
 11664 0.001955747604370117 0.025259017944335938 0.0038604736328125
 11881 0.0019922256469726562 0.0258023738861084 0.003918886184692383
 12100 0.0020258426666259766 0.026363372802734375 0.004007577896118164
 12321 0.0020706653594970703 0.026961565017700195 0.004058361053466797
 12544 0.0021049976348876953 0.0275113582611084 0.0041391849517822266
 12769 0.0021467208862304688 0.028106212615966797 0.0042133331298828125
 12996 0.002180337905883789 0.028652429580688477 0.0042841434478759766
 13225 0.002223968505859375 0.02925705909729004 0.004343509674072266
 13456 0.0022568702697753906 0.029842376708984375 0.004423618316650391
 13689 0.0023136138916015625 0.030476093292236328 0.004492282867431641
 13924 0.002336740493774414 0.031108379364013672 0.004568576812744141
 14161 0.0023887157440185547 0.03170943260192871 0.00464320182800293
 14400 0.0024161338806152344 0.03236722946166992 0.0047109127044677734
 14641 0.0024566650390625 0.03296351432800293 0.004801750183105469
 14884 0.0025093555450439453 0.03361034393310547 0.0048825740814208984
 15129 0.0025272369384765625 0.03422236442565918 0.004952669143676758
 15376 0.0025815963745117188 0.03492569923400879 0.0050699710845947266
 15625 0.002626180648803711 0.03552532196044922 0.00513148307800293
 15876 0.002666473388671875 0.03624463081359863 0.0052032470703125
 16129 0.0027053356170654297 0.03690338134765625 0.005286693572998047
 16384 0.0027611255645751953 0.03754615783691406 0.005380392074584961
 16641 0.002793550491333008 0.03847813606262207 0.005476236343383789
 16900 0.0028238296508789062 0.03894472122192383 0.0055425167083740234
 17161 0.0028824806213378906 0.03965115547180176 0.005589008331298828
 17424 0.002924680709838867 0.040315866470336914 0.005709648132324219
 17689 0.002974987030029297 0.04109668731689453 0.00577855110168457
 17956 0.0030145645141601562 0.041849374771118164 0.005904674530029297
 18225 0.0030603408813476562 0.042459726333618164 0.005963563919067383
 18496 0.003105640411376953 0.04324460029602051 0.006036520004272461
 18769 0.003152608871459961 0.044008731842041016 0.006108522415161133
 19044 0.003197908401489258 0.04473757743835449 0.006210803985595703
 19321 0.0032300949096679688 0.04546666145324707 0.0062694549560546875
 19600 0.00328826904296875 0.0461726188659668 0.006391048431396484
 19881 0.0033402442932128906 0.04695558547973633 0.00644993782043457
 20164 0.0033864974975585938 0.04778718948364258 0.0065648555755615234
 20449 0.0034394264221191406 0.0485687255859375 0.006654024124145508
 20736 0.0034837722778320312 0.04936981201171875 0.00675201416015625
 21025 0.003531932830810547 0.050144195556640625 0.0068187713623046875
 21316 0.003581523895263672 0.05102252960205078 0.006934404373168945
 21609 0.0036382675170898438 0.05172443389892578 0.007015228271484375
 21904 0.0036745071411132812 0.052568674087524414 0.0071315765380859375
 22201 0.0037326812744140625 0.05340218544006348 0.007193088531494141
 22500 0.0037822723388671875 0.054291486740112305 0.007312297821044922
 22801 0.003838777542114258 0.055036306381225586 0.007385969161987305
 23104 0.00388336181640625 0.05592155456542969 0.007473945617675781
 23409 0.003934383392333984 0.056705474853515625 0.007594585418701172
 23716 0.003966093063354492 0.05766606330871582 0.007695674896240234
 24025 0.004028797149658203 0.058409690856933594 0.0077626705169677734
 24336 0.0040662288665771484 0.05928778648376465 0.007894754409790039
 24649 0.0041582584381103516 0.060253143310546875 0.007967710494995117
 24964 0.004210948944091797 0.061167240142822266 0.008093833923339844
 25281 0.004261493682861328 0.06208682060241699 0.008196830749511719
 25600 0.00430607795715332 0.06295013427734375 0.008265972137451172
 25921 0.0043680667877197266 0.06382560729980469 0.008358001708984375
 26244 0.004411220550537109 0.06475353240966797 0.008449554443359375
 26569 0.004464864730834961 0.06572532653808594 0.008571624755859375
 26896 0.004524707794189453 0.0666358470916748 0.008694648742675781
 27225 0.0045757293701171875 0.06790971755981445 0.008825540542602539
 27556 0.004624605178833008 0.06854796409606934 0.008912801742553711
 27889 0.004690647125244141 0.06945061683654785 0.009012699127197266
 28224 0.004763126373291016 0.07043266296386719 0.00911402702331543
 28561 0.0048046112060546875 0.0712893009185791 0.009184122085571289
 28900 0.004859209060668945 0.07232308387756348 0.009297609329223633
 29241 0.0049190521240234375 0.0732731819152832 0.009470939636230469
 29584 0.004973411560058594 0.07439279556274414 0.00952458381652832
 29929 0.005025386810302734 0.07559633255004883 0.009699344635009766
 30276 0.00507044792175293 0.0761709213256836 0.009718656539916992
 30625 0.00516057014465332 0.07723832130432129 0.009830951690673828
 30976 0.005185365676879883 0.07830452919006348 0.009945154190063477
 31329 0.005248308181762695 0.07939887046813965 0.010049104690551758
 31684 0.005345344543457031 0.08044123649597168 0.010163545608520508
 32041 0.005387544631958008 0.08144092559814453 0.010252714157104492
 32400 0.0054683685302734375 0.08243632316589355 0.010425567626953125
 32761 0.00552058219909668 0.0835421085357666 0.01052093505859375
 33124 0.0055828094482421875 0.08462762832641602 0.010653257369995117
 33489 0.005651950836181641 0.08568358421325684 0.01072382926940918
 33856 0.0057184696197509766 0.0867912769317627 0.010850191116333008
 34225 0.005759000778198242 0.08782386779785156 0.010957956314086914
 34596 0.005822658538818359 0.08885765075683594 0.011080741882324219
 34969 0.0058863162994384766 0.08992195129394531 0.011186361312866211
 35344 0.005951404571533203 0.09103703498840332 0.01131749153137207
 35721 0.0060155391693115234 0.09212875366210938 0.011433839797973633
 36100 0.0060882568359375 0.09340739250183105 0.011559486389160156
 36481 0.006142139434814453 0.09449315071105957 0.011705398559570312
 36864 0.006174564361572266 0.09561872482299805 0.011819601058959961
 37249 0.006274700164794922 0.09668493270874023 0.01193547248840332
 37636 0.006330728530883789 0.09780716896057129 0.012059211730957031
 38025 0.006395578384399414 0.09900426864624023 0.012240886688232422
 38416 0.0064847469329833984 0.10023045539855957 0.012284517288208008
 38809 0.006525754928588867 0.10146427154541016 0.012495279312133789
 39204 0.006574153900146484 0.10246825218200684 0.012558460235595703
 39601 0.006686210632324219 0.10369658470153809 0.012677192687988281
 40000 0.006749868392944336 0.10492539405822754 0.012819766998291016
 40401 0.0067708492279052734 0.10607743263244629 0.012902498245239258
 40804 0.006876230239868164 0.10719752311706543 0.01305842399597168
 41209 0.006938457489013672 0.10849380493164062 0.013189077377319336
 41616 0.007015228271484375 0.10992217063903809 0.013357877731323242
 42025 0.007079124450683594 0.11119365692138672 0.013426542282104492
 42436 0.007174015045166016 0.11224246025085449 0.013576984405517578
 42849 0.007234811782836914 0.11342978477478027 0.013673067092895508
 43264 0.0073125362396240234 0.11510682106018066 0.013848543167114258
 43681 0.007380247116088867 0.11610889434814453 0.01399683952331543
 44100 0.007426261901855469 0.11768031120300293 0.014163970947265625
 44521 0.007505893707275391 0.11862730979919434 0.014225244522094727
 44944 0.007581233978271484 0.12008857727050781 0.014327287673950195
 45369 0.007637500762939453 0.1208641529083252 0.014527082443237305
 45796 0.007743120193481445 0.12252545356750488 0.014639616012573242
 46225 0.007833242416381836 0.12404918670654297 0.014805316925048828
 46656 0.007878780364990234 0.12508201599121094 0.014925003051757812
 47089 0.007929801940917969 0.1265552043914795 0.015024662017822266
 47524 0.008009195327758789 0.12781906127929688 0.015119314193725586
 47961 0.008066892623901367 0.12899017333984375 0.015274524688720703
 48400 0.00816488265991211 0.13031959533691406 0.015401601791381836
 48841 0.008236885070800781 0.13167905807495117 0.015709638595581055
 49284 0.008268117904663086 0.13339662551879883 0.015726566314697266
 49729 0.008383750915527344 0.13454818725585938 0.01582479476928711
 50176 0.00846719741821289 0.13592219352722168 0.016043424606323242
 50625 0.008544683456420898 0.13719677925109863 0.01618504524230957
 51076 0.008588314056396484 0.13892650604248047 0.016347646713256836
 51529 0.008676767349243164 0.14032769203186035 0.01654648780822754
 51984 0.008749246597290039 0.1413261890411377 0.016727209091186523
 52441 0.008833885192871094 0.14292263984680176 0.01678633689880371
 52900 0.008911848068237305 0.14451336860656738 0.01693439483642578
 53361 0.00902700424194336 0.1459054946899414 0.017088890075683594
 53824 0.009068727493286133 0.14705920219421387 0.017201662063598633
 54289 0.009171247482299805 0.14870309829711914 0.017293453216552734
 54756 0.009267330169677734 0.1499652862548828 0.01743626594543457
 55225 0.00929117202758789 0.15150165557861328 0.017755508422851562
 55696 0.0094146728515625 0.15307259559631348 0.017826318740844727
 56169 0.009466409683227539 0.1546022891998291 0.018071889877319336
 56644 0.009578227996826172 0.15588593482971191 0.018116235733032227
 57121 0.009617328643798828 0.15726900100708008 0.0182650089263916
 57600 0.009725093841552734 0.1593024730682373 0.018495798110961914
 58081 0.009813785552978516 0.1605367660522461 0.018555402755737305
 58564 0.009904623031616211 0.16199731826782227 0.018654823303222656
 59049 0.00993800163269043 0.16366362571716309 0.018819332122802734
 59536 0.010052919387817383 0.1653461456298828 0.01901078224182129
 60025 0.010154485702514648 0.1664600372314453 0.019198894500732422
 60516 0.010268688201904297 0.16815567016601562 0.019268274307250977
 61009 0.01030731201171875 0.16973066329956055 0.019411802291870117
 61504 0.010443687438964844 0.17136526107788086 0.019756793975830078
 62001 0.010453224182128906 0.17305922508239746 0.019781112670898438
 62500 0.010616540908813477 0.17455482482910156 0.019906997680664062
 63001 0.010627269744873047 0.17624592781066895 0.02003026008605957
 63504 0.010829448699951172 0.17758917808532715 0.020172119140625
 64009 0.010823249816894531 0.17993521690368652 0.020521879196166992
 64516 0.010957479476928711 0.18077898025512695 0.020581960678100586
 65025 0.010988235473632812 0.18232011795043945 0.020742416381835938
 65536 0.011158227920532227 0.18493080139160156 0.020972490310668945
 66049 0.011177539825439453 0.1850440502166748 0.020972728729248047
 66564 0.011332035064697266 0.18692827224731445 0.021321535110473633
 67081 0.011364459991455078 0.18846535682678223 0.02157115936279297
 67600 0.011515617370605469 0.19028282165527344 0.021636247634887695
 68121 0.011549949645996094 0.19241094589233398 0.021821022033691406
 68644 0.01170802116394043 0.1934657096862793 0.0219876766204834
 69169 0.011700630187988281 0.19537854194641113 0.022185087203979492
 69696 0.011866092681884766 0.19729232788085938 0.022370100021362305
 70225 0.011870384216308594 0.1990804672241211 0.022632122039794922
 70756 0.01205754280090332 0.20069408416748047 0.02280426025390625
 71289 0.01207113265991211 0.20277810096740723 0.022938966751098633
 71824 0.012210607528686523 0.20519208908081055 0.02313852310180664
 72361 0.012231588363647461 0.20616650581359863 0.02309584617614746
 72900 0.012441635131835938 0.20791888236999512 0.023285627365112305
 73441 0.012431144714355469 0.2102823257446289 0.023740768432617188
 73984 0.012610912322998047 0.21204900741577148 0.02365589141845703
 74529 0.012636661529541016 0.21387290954589844 0.024030208587646484
 75076 0.012827157974243164 0.21568012237548828 0.024150609970092773
 75625 0.012821435928344727 0.21748757362365723 0.024721622467041016
 76176 0.012948989868164062 0.21901631355285645 0.024540424346923828
 76729 0.013023138046264648 0.22106623649597168 0.02455925941467285
 77284 0.013196706771850586 0.22341585159301758 0.024773836135864258
 77841 0.01323246955871582 0.2253870964050293 0.02512335777282715
 78400 0.013384342193603516 0.22777605056762695 0.025360822677612305
 78961 0.013406515121459961 0.22931885719299316 0.02576732635498047
 79524 0.013587713241577148 0.23102021217346191 0.025974273681640625
 80089 0.013605594635009766 0.23343634605407715 0.026163578033447266
 80656 0.013770341873168945 0.23482513427734375 0.026227951049804688
 81225 0.01377558708190918 0.23668861389160156 0.026335954666137695
 81796 0.013972282409667969 0.23929238319396973 0.026556015014648438
 82369 0.013986825942993164 0.24072837829589844 0.026668548583984375
 82944 0.014146566390991211 0.24279499053955078 0.02681112289428711
 83521 0.014188289642333984 0.245314359664917 0.026947021484375
 84100 0.014375448226928711 0.24743890762329102 0.027053356170654297
 84681 0.014507055282592773 0.24999666213989258 0.027556180953979492
 85264 0.01456308364868164 0.2508118152618408 0.0275576114654541
 85849 0.014569997787475586 0.25319576263427734 0.027886629104614258
 86436 0.014805316925048828 0.2555849552154541 0.028011322021484375
 87025 0.014827489852905273 0.2570810317993164 0.028038978576660156
 87616 0.015014886856079102 0.26012420654296875 0.02822279930114746
 88209 0.015020370483398438 0.2606515884399414 0.028366565704345703
 88804 0.015215396881103516 0.2630331516265869 0.028529644012451172
 89401 0.01520085334777832 0.26563239097595215 0.029195547103881836
 90000 0.015385866165161133 0.2674117088317871 0.02930593490600586
 90601 0.015396833419799805 0.2699124813079834 0.02949213981628418
 91204 0.015612125396728516 0.27281832695007324 0.029714107513427734
 91809 0.01565265655517578 0.2741117477416992 0.029899120330810547
 92416 0.015890121459960938 0.2761874198913574 0.030778884887695312
 93025 0.01585078239440918 0.2786271572113037 0.030215978622436523
 93636 0.01602768898010254 0.2803189754486084 0.03057718276977539
 94249 0.016006946563720703 0.283294677734375 0.030523300170898438
 94864 0.016288042068481445 0.2843649387359619 0.030805110931396484
 95481 0.016254663467407227 0.2873876094818115 0.030835628509521484
 96100 0.016447782516479492 0.289597749710083 0.031218290328979492
 96721 0.01648998260498047 0.29154515266418457 0.03142976760864258
 97344 0.01667189598083496 0.295133113861084 0.03157663345336914
 97969 0.016658782958984375 0.2957897186279297 0.031911611557006836
 98596 0.01691126823425293 0.298358678817749 0.03204154968261719
 99225 0.01686882972717285 0.30199646949768066 0.032483816146850586
 99856 0.01714181900024414 0.3034627437591553 0.03268098831176758
 100489 0.017096757888793945 0.3049464225769043 0.03244423866271973
 101124 0.017359495162963867 0.3076815605163574 0.03260684013366699
 101761 0.017331838607788086 0.31121039390563965 0.03325843811035156
 102400 0.0175626277923584 0.3126637935638428 0.033310651779174805
 103041 0.017573118209838867 0.3147854804992676 0.03383135795593262
 103684 0.017777204513549805 0.3160383701324463 0.033893585205078125
 104329 0.017757415771484375 0.3192455768585205 0.033689022064208984
 104976 0.01796746253967285 0.3210616111755371 0.03387713432312012
 105625 0.018019914627075195 0.3234586715698242 0.03454709053039551
 106276 0.018257617950439453 0.32571935653686523 0.0346226692199707
 106929 0.018237590789794922 0.32836008071899414 0.0345158576965332
 107584 0.018480539321899414 0.33036351203918457 0.03515052795410156
 108241 0.0184478759765625 0.33297228813171387 0.03507351875305176
 108900 0.018725156784057617 0.3356742858886719 0.03525662422180176
 109561 0.01868128776550293 0.3377199172973633 0.0357968807220459
 110224 0.018902301788330078 0.3413662910461426 0.03601813316345215
 110889 0.01892852783203125 0.342998743057251 0.03635358810424805
 111556 0.01921701431274414 0.34595346450805664 0.03654789924621582
 112225 0.019129037857055664 0.34686803817749023 0.03669118881225586
 112896 0.019381284713745117 0.3492157459259033 0.036998748779296875
 113569 0.019333600997924805 0.35307788848876953 0.03681778907775879
 114244 0.019715070724487305 0.35636329650878906 0.03706526756286621
 114921 0.019597530364990234 0.3571014404296875 0.03731703758239746
 115600 0.019868135452270508 0.35918307304382324 0.03747296333312988
 116281 0.0198519229888916 0.36207032203674316 0.037611961364746094
 116964 0.020074129104614258 0.3653113842010498 0.037970542907714844
 117649 0.020093917846679688 0.3677792549133301 0.03838348388671875
 118336 0.020330190658569336 0.36924219131469727 0.038358211517333984
 119025 0.02032947540283203 0.3729872703552246 0.03944253921508789
 119716 0.0205533504486084 0.374478816986084 0.039166927337646484
 120409 0.020565509796142578 0.37836337089538574 0.03984880447387695
 121104 0.02088308334350586 0.3805229663848877 0.039937496185302734
 121801 0.020800113677978516 0.38231539726257324 0.03970146179199219
 122500 0.02106642723083496 0.3852221965789795 0.03990530967712402
 123201 0.021051645278930664 0.388225793838501 0.03993391990661621
 123904 0.02135157585144043 0.39284777641296387 0.04020977020263672
 124609 0.02129220962524414 0.39325928688049316 0.041110992431640625
 125316 0.021555662155151367 0.3953695297241211 0.04134964942932129
 126025 0.021505117416381836 0.3968162536621094 0.04101920127868652
 126736 0.02186441421508789 0.40226125717163086 0.041272878646850586
 127449 0.021779775619506836 0.40377092361450195 0.04183030128479004
 128164 0.022017240524291992 0.4056518077850342 0.04191994667053223
 128881 0.02205038070678711 0.4080822467803955 0.04216814041137695
 129600 0.022142648696899414 0.4100954532623291 0.042156219482421875
 130321 0.022302865982055664 0.41216540336608887 0.04264521598815918
 131044 0.022485017776489258 0.4146401882171631 0.0426936149597168
 131769 0.02256321907043457 0.41740989685058594 0.04332280158996582
 132496 0.022774457931518555 0.41994476318359375 0.04330301284790039
 133225 0.022767066955566406 0.4242267608642578 0.04375195503234863
 133956 0.02301168441772461 0.4271430969238281 0.04378962516784668
 134689 0.022992849349975586 0.4279975891113281 0.044144630432128906
 135424 0.023229122161865234 0.4331786632537842 0.04440784454345703
 136161 0.02326798439025879 0.43604087829589844 0.044528961181640625
 136900 0.02338695526123047 0.4381589889526367 0.044589996337890625
 137641 0.023477554321289062 0.4388549327850342 0.044846296310424805
 138384 0.023688554763793945 0.4419822692871094 0.045243024826049805
 139129 0.02376389503479004 0.44542837142944336 0.045655012130737305
 139876 0.023858070373535156 0.4480302333831787 0.04577326774597168
 140625 0.024165630340576172 0.4533264636993408 0.04621529579162598
 141376 0.024235248565673828 0.45571398735046387 0.046793222427368164
 142129 0.02432084083557129 0.45612668991088867 0.046344757080078125
 142884 0.024457693099975586 0.4595189094543457 0.04646754264831543
 143641 0.02460193634033203 0.46171140670776367 0.04684019088745117
 144400 0.024657487869262695 0.46622586250305176 0.0471959114074707
 145161 0.024810075759887695 0.4679074287414551 0.04742741584777832
 145924 0.024950265884399414 0.4726603031158447 0.04797863960266113
 146689 0.025224685668945312 0.47417473793029785 0.04815554618835449
 147456 0.025335073471069336 0.48026561737060547 0.048384904861450195
 148225 0.025361299514770508 0.4794595241546631 0.048294782638549805
 148996 0.0254976749420166 0.48212647438049316 0.04851365089416504
 149769 0.02559828758239746 0.4862332344055176 0.04911041259765625
 150544 0.025791168212890625 0.4913172721862793 0.04948258399963379
 151321 0.02598714828491211 0.49190378189086914 0.049695730209350586
 152100 0.026048660278320312 0.4955770969390869 0.05002021789550781
 152881 0.02614426612854004 0.49835205078125 0.05022072792053223
 153664 0.026315927505493164 0.5019969940185547 0.05062747001647949
 154449 0.02647686004638672 0.5011911392211914 0.05058169364929199
 155236 0.02665114402770996 0.5089724063873291 0.05091500282287598
 156025 0.026805400848388672 0.5126688480377197 0.051398277282714844
 156816 0.026945114135742188 0.5137403011322021 0.051543235778808594
 157609 0.02700018882751465 0.514847993850708 0.05207085609436035
 158404 0.027220487594604492 0.5165677070617676 0.052272796630859375
 159201 0.027248144149780273 0.5241191387176514 0.05228257179260254
 160000 0.027403593063354492 0.5218539237976074 0.05273938179016113
 160801 0.027568340301513672 0.5259325504302979 0.052880048751831055
 161604 0.027799129486083984 0.529883861541748 0.05318856239318848
 162409 0.027801513671875 0.5341958999633789 0.053465843200683594
 163216 0.02800583839416504 0.5371518135070801 0.05359053611755371
 164025 0.02791905403137207 0.5434298515319824 0.05402064323425293
 164836 0.02807307243347168 0.5420970916748047 0.05375099182128906
 165649 0.028123140335083008 0.5475339889526367 0.05420351028442383
 166464 0.028314590454101562 0.5490307807922363 0.05465579032897949
 167281 0.028368473052978516 0.5531091690063477 0.05462479591369629
 168100 0.028533935546875 0.5539486408233643 0.05468010902404785
 168921 0.028678417205810547 0.559406042098999 0.055374860763549805
 169744 0.02889275550842285 0.5617754459381104 0.05579519271850586
 170569 0.02903294563293457 0.5683298110961914 0.05572962760925293
 171396 0.029189348220825195 0.5695357322692871 0.05585026741027832
 172225 0.029208898544311523 0.5716173648834229 0.05655384063720703
 173056 0.029515981674194336 0.5761699676513672 0.05674409866333008
 173889 0.029508113861083984 0.5762059688568115 0.05711650848388672
 174724 0.02965569496154785 0.5814435482025146 0.05719757080078125
 175561 0.029857873916625977 0.5822505950927734 0.057495832443237305
 176400 0.029939889907836914 0.5881538391113281 0.057943105697631836
 177241 0.030118942260742188 0.5921189785003662 0.0580296516418457
 178084 0.030237197875976562 0.594365119934082 0.05823707580566406
 178929 0.030399560928344727 0.5957820415496826 0.05905413627624512
 179776 0.030536651611328125 0.5988864898681641 0.05901670455932617
 180625 0.030671119689941406 0.6032934188842773 0.05955147743225098
 181476 0.030855655670166016 0.6067368984222412 0.05953383445739746
 182329 0.03105902671813965 0.6100609302520752 0.06052660942077637
 183184 0.031117916107177734 0.6118700504302979 0.0601503849029541
 184041 0.03139352798461914 0.6164956092834473 0.06069827079772949
 184900 0.031386613845825195 0.6198716163635254 0.06110811233520508
 185761 0.03158116340637207 0.6266171932220459 0.061017751693725586
 186624 0.03164052963256836 0.6258447170257568 0.061516761779785156
 187489 0.03189396858215332 0.6301395893096924 0.06159520149230957
 188356 0.031966209411621094 0.634758472442627 0.0619654655456543
 189225 0.03216147422790527 0.6362740993499756 0.06181526184082031
 190096 0.032274723052978516 0.6382708549499512 0.06261348724365234
 190969 0.032637834548950195 0.6437909603118896 0.0625
 191844 0.03258347511291504 0.6453657150268555 0.06288862228393555
 192721 0.03280162811279297 0.651395320892334 0.06307244300842285
 193600 0.03289532661437988 0.6540725231170654 0.06372737884521484
 194481 0.03309822082519531 0.6574509143829346 0.06396675109863281
 195364 0.033156633377075195 0.6585891246795654 0.06417298316955566
 196249 0.03337669372558594 0.6635479927062988 0.06421637535095215
 197136 0.03349804878234863 0.6659069061279297 0.06479072570800781
 198025 0.03371620178222656 0.6718206405639648 0.06519961357116699
 198916 0.0337221622467041 0.6740388870239258 0.06549501419067383
 199809 0.03396773338317871 0.6769890785217285 0.06544375419616699
 200704 0.03408098220825195 0.6803398132324219 0.06573987007141113
 201601 0.03429102897644043 0.6802875995635986 0.06602287292480469
 202500 0.034425973892211914 0.6884198188781738 0.06642508506774902
 203401 0.034697532653808594 0.6911656856536865 0.06756758689880371
 204304 0.0347137451171875 0.6977107524871826 0.06724381446838379
 205209 0.034905433654785156 0.6976749897003174 0.06726264953613281
 206116 0.0350186824798584 0.7063417434692383 0.06802105903625488
 207025 0.035243988037109375 0.7099812030792236 0.06828427314758301
 207936 0.03528261184692383 0.7100026607513428 0.06815195083618164
 208849 0.03561091423034668 0.717451810836792 0.06882524490356445
 209764 0.03562521934509277 0.7170422077178955 0.0690011978149414
 210681 0.03584766387939453 0.7219693660736084 0.06955337524414062
 211600 0.035897016525268555 0.7239429950714111 0.06978273391723633
 212521 0.0361328125 0.7304601669311523 0.0702054500579834
 213444 0.03626108169555664 0.7318196296691895 0.07099699974060059
 214369 0.036379337310791016 0.7361011505126953 0.0704500675201416
 215296 0.03658485412597656 0.7442440986633301 0.07123875617980957
 216225 0.03669142723083496 0.743138313293457 0.07142043113708496
 217156 0.03700423240661621 0.749234676361084 0.07162094116210938
 218089 0.0370638370513916 0.749762773513794 0.07176828384399414
 219024 0.037225961685180664 0.7552595138549805 0.07224655151367188
 219961 0.03739142417907715 0.7589166164398193 0.07225418090820312
 220900 0.03753829002380371 0.7621304988861084 0.07277512550354004
 221841 0.03769707679748535 0.7672274112701416 0.0728297233581543
 222784 0.03787851333618164 0.7717161178588867 0.07357931137084961
 223729 0.03807497024536133 0.7733676433563232 0.07419466972351074
 224676 0.038187503814697266 0.7790353298187256 0.07396912574768066
 225625 0.03835797309875488 0.7823147773742676 0.07436275482177734
 226576 0.03863191604614258 0.786585807800293 0.07453107833862305
 227529 0.038717031478881836 0.7943387031555176 0.0752267837524414
 228484 0.038831472396850586 0.7938549518585205 0.07560157775878906
 229441 0.03900027275085449 0.7979271411895752 0.07572245597839355
 230400 0.03923845291137695 0.8047897815704346 0.07583260536193848
 231361 0.03930354118347168 0.8069272041320801 0.07623410224914551
 232324 0.039757490158081055 0.8084139823913574 0.07653045654296875
 233289 0.0396275520324707 0.8142976760864258 0.07687854766845703
 234256 0.04002952575683594 0.813901424407959 0.07692933082580566
 235225 0.04022717475891113 0.8204312324523926 0.07735657691955566
 236196 0.04012942314147949 0.8248546123504639 0.07798194885253906
 237169 0.04037070274353027 0.8304290771484375 0.0780947208404541
 238144 0.04054760932922363 0.8323831558227539 0.07895731925964355
 239121 0.04065728187561035 0.8378095626831055 0.07863354682922363
 240100 0.040848731994628906 0.8411064147949219 0.07914972305297852
 241081 0.04109549522399902 0.847792387008667 0.07952213287353516
 242064 0.04123735427856445 0.851222038269043 0.07962870597839355
 243049 0.04143643379211426 0.8506612777709961 0.08014035224914551
 244036 0.04147219657897949 0.8555848598480225 0.08019232749938965
 245025 0.041690826416015625 0.8640222549438477 0.07989144325256348
 246016 0.042255401611328125 0.8627910614013672 0.08002161979675293
 247009 0.04223060607910156 0.8665273189544678 0.08054208755493164
 248004 0.042421579360961914 0.8704178333282471 0.08276009559631348
 249001 0.04239344596862793 0.8803088665008545 0.08291983604431152
 250000 0.042908430099487305 0.8795428276062012 0.08325910568237305
 251001 0.04261136054992676 0.8834197521209717 0.08380556106567383
 252004 0.043140411376953125 0.8869526386260986 0.08387947082519531
 253009 0.04303288459777832 0.8957552909851074 0.08441472053527832
 254016 0.043454647064208984 0.8956241607666016 0.0853734016418457
 255025 0.04337644577026367 0.9070591926574707 0.08545112609863281
 256036 0.043973445892333984 0.9082498550415039 0.08540749549865723
 257049 0.04376721382141113 0.9135477542877197 0.0857844352722168
 258064 0.04418206214904785 0.9118261337280273 0.08581209182739258
 259081 0.04398083686828613 0.9187114238739014 0.08629870414733887
 260100 0.04457855224609375 0.9201228618621826 0.08583831787109375
 261121 0.04448747634887695 0.9265718460083008 0.08698129653930664
 262144 0.044875144958496094 0.932504415512085 0.08665609359741211
 263169 0.04484128952026367 0.9334824085235596 0.08651399612426758
 264196 0.045244455337524414 0.943824052810669 0.08702349662780762
 265225 0.04516005516052246 0.9381790161132812 0.08848881721496582
 266256 0.04563021659851074 0.9448926448822021 0.08754682540893555
 267289 0.04546785354614258 0.9527008533477783 0.08760762214660645
 268324 0.04604983329772949 0.9578335285186768 0.08934140205383301
 269361 0.045667409896850586 0.9614458084106445 0.08912229537963867
 270400 0.046259164810180664 0.964320182800293 0.08876729011535645
 271441 0.04626822471618652 0.969588041305542 0.0891110897064209
 272484 0.04663562774658203 0.9733614921569824 0.08925509452819824
 273529 0.04661393165588379 0.9794325828552246 0.09014558792114258
 274576 0.04712343215942383 0.9812126159667969 0.09032034873962402
 275625 0.047003984451293945 0.9861929416656494 0.0907130241394043
 276676 0.04733753204345703 0.9924626350402832 0.09073638916015625
 277729 0.04720735549926758 0.9940905570983887 0.09111857414245605
 278784 0.04770493507385254 1.0014007091522217 0.09183883666992188
 279841 0.047727346420288086 1.007143497467041 0.09259176254272461
 280900 0.048012733459472656 1.0063750743865967 0.09247016906738281
 281961 0.04797053337097168 1.0180809497833252 0.09327054023742676
 283024 0.04848051071166992 1.0156667232513428 0.09314966201782227
 284089 0.04835224151611328 1.0262093544006348 0.09371137619018555
 285156 0.04884076118469238 1.0246467590332031 0.09404492378234863
 286225 0.04881906509399414 1.0310957431793213 0.09428119659423828
 287296 0.049163103103637695 1.0341219902038574 0.09485816955566406
 288369 0.0490720272064209 1.0369412899017334 0.09483003616333008
 289444 0.04950714111328125 1.0412404537200928 0.09508419036865234
 290521 0.04946780204772949 1.0529804229736328 0.09534955024719238
 291600 0.04992961883544922 1.0521717071533203 0.09656524658203125
 292681 0.04973459243774414 1.055607795715332 0.09652328491210938
 293764 0.05034160614013672 1.0651302337646484 0.09551811218261719
 294849 0.05095314979553223 1.0669593811035156 0.09601759910583496
 295936 0.05145120620727539 1.0765314102172852 0.09676599502563477
 297025 0.0510106086730957 1.074371337890625 0.0972590446472168
 298116 0.051593780517578125 1.0846054553985596 0.09748005867004395
 299209 0.05142092704772949 1.0916454792022705 0.097564697265625
 300304 0.05204582214355469 1.0912070274353027 0.09809660911560059
 301401 0.051961421966552734 1.0962295532226562 0.09854388236999512
 302500 0.052422285079956055 1.0997040271759033 0.09884023666381836
 303601 0.05231308937072754 1.1058661937713623 0.09941220283508301
 304704 0.052748918533325195 1.1076533794403076 0.09949636459350586
 305809 0.05252814292907715 1.1181509494781494 0.09970378875732422
 306916 0.05344247817993164 1.1182258129119873 0.10029792785644531
 308025 0.05290985107421875 1.1259105205535889 0.10117340087890625
 309136 0.05350017547607422 1.1298632621765137 0.10089898109436035
 310249 0.05359148979187012 1.1356070041656494 0.10112428665161133
 311364 0.05381298065185547 1.1339600086212158 0.10405087471008301
 312481 0.05396246910095215 1.1409685611724854 0.10413575172424316
 313600 0.05437970161437988 1.1465387344360352 0.10474586486816406
 314721 0.054411888122558594 1.149303913116455 0.10550475120544434
 315844 0.054747819900512695 1.1512129306793213 0.10523867607116699
 316969 0.05471038818359375 1.1635677814483643 0.10651469230651855
 318096 0.05511045455932617 1.1643245220184326 0.10614371299743652
 319225 0.055072784423828125 1.1750473976135254 0.10624146461486816
 320356 0.055413246154785156 1.1794829368591309 0.1071462631225586
 321489 0.05548453330993652 1.1801426410675049 0.10739994049072266
 322624 0.055913686752319336 1.1811459064483643 0.10743188858032227
 323761 0.055651187896728516 1.1902215480804443 0.10955429077148438
 324900 0.056490421295166016 1.1885876655578613 0.10830807685852051
 326041 0.056017398834228516 1.1993370056152344 0.10878801345825195
 327184 0.05670881271362305 1.2076399326324463 0.10925579071044922
 328329 0.056398630142211914 1.212460994720459 0.10816383361816406
 329476 0.056938886642456055 1.2144877910614014 0.1089622974395752
 330625 0.056941986083984375 1.2171168327331543 0.1084432601928711
 331776 0.05737900733947754 1.2220449447631836 0.1091468334197998
 332929 0.05727219581604004 1.2275946140289307 0.10970282554626465
 334084 0.05786490440368652 1.2313127517700195 0.11007332801818848
 335241 0.057692527770996094 1.2405269145965576 0.11052870750427246
 336400 0.05831003189086914 1.2421350479125977 0.11097002029418945
 337561 0.058027029037475586 1.2497916221618652 0.1113893985748291
 338724 0.05860400199890137 1.2519471645355225 0.11168861389160156
 339889 0.05846452713012695 1.2556416988372803 0.11327672004699707
 341056 0.05931878089904785 1.2626588344573975 0.11248588562011719
 342225 0.05887317657470703 1.2690625190734863 0.11249589920043945
 343396 0.05961179733276367 1.2760028839111328 0.1130666732788086
 344569 0.05935978889465332 1.2759981155395508 0.11331295967102051
 345744 0.059815406799316406 1.2855112552642822 0.11438322067260742
 346921 0.059676408767700195 1.2914321422576904 0.11432886123657227
 348100 0.060189008712768555 1.2942461967468262 0.11507630348205566
 349281 0.06004214286804199 1.2989652156829834 0.11517739295959473
 350464 0.06085658073425293 1.3026859760284424 0.11547613143920898
 351649 0.060442447662353516 1.3032453060150146 0.11593246459960938
 352836 0.061200618743896484 1.315727710723877 0.11736154556274414
 354025 0.06090116500854492 1.3183159828186035 0.11674880981445312
 355216 0.061493635177612305 1.321134090423584 0.11812186241149902
 356409 0.061714887619018555 1.3252463340759277 0.11822390556335449
 357604 0.061850547790527344 1.3369696140289307 0.11751103401184082
 358801 0.061788320541381836 1.3426094055175781 0.11845755577087402
 360000 0.06228899955749512 1.3420851230621338 0.11875438690185547
 361201 0.06208086013793945 1.3524127006530762 0.11873769760131836
 362404 0.06267189979553223 1.3504719734191895 0.11938881874084473
 363609 0.0625925064086914 1.3605759143829346 0.1196889877319336
 364816 0.0633397102355957 1.3644301891326904 0.12020039558410645
 366025 0.06291985511779785 1.3671894073486328 0.12049555778503418
 367236 0.0634162425994873 1.3711740970611572 0.12196612358093262
 368449 0.06339621543884277 1.380699872970581 0.12083244323730469
 369664 0.0639641284942627 1.383047342300415 0.12158703804016113
 370881 0.06390714645385742 1.3849375247955322 0.12206315994262695
 372100 0.06410789489746094 1.391707181930542 0.12275290489196777
 373321 0.06476736068725586 1.4003286361694336 0.12402534484863281
 374544 0.06447553634643555 1.401505470275879 0.12420964241027832
 375769 0.06506657600402832 1.4131298065185547 0.12358713150024414
 376996 0.06488537788391113 1.4170639514923096 0.12424778938293457
 378225 0.06555438041687012 1.4206480979919434 0.12437295913696289
 379456 0.06533694267272949 1.4272749423980713 0.12492537498474121
 380689 0.06604981422424316 1.4289555549621582 0.12544512748718262
 381924 0.06576347351074219 1.4405992031097412 0.12573003768920898
 383161 0.06644439697265625 1.446366786956787 0.12612700462341309
 384400 0.06615138053894043 1.4525487422943115 0.12511372566223145
 385641 0.06635880470275879 1.4531669616699219 0.12850642204284668
 386884 0.0664377212524414 1.4592652320861816 0.12947702407836914
 388129 0.06687569618225098 1.4635517597198486 0.12927842140197754
 389376 0.06694269180297852 1.4692988395690918 0.12975120544433594
 390625 0.06740808486938477 1.4769392013549805 0.13058233261108398
 391876 0.06755185127258301 1.4776489734649658 0.13065075874328613
 393129 0.06756091117858887 1.487776279449463 0.13130855560302734
 394384 0.06815361976623535 1.4933373928070068 0.13150978088378906
 395641 0.06810164451599121 1.4979274272918701 0.13255929946899414
 396900 0.06847190856933594 1.5043253898620605 0.1322925090789795
 398161 0.0684351921081543 1.5126235485076904 0.13272333145141602
 399424 0.06867265701293945 1.5156524181365967 0.1334981918334961
 400689 0.06900382041931152 1.5202021598815918 0.13339829444885254
 401956 0.06916427612304688 1.5264325141906738 0.13267302513122559
 403225 0.06934785842895508 1.5334715843200684 0.13394451141357422
 404496 0.06988334655761719 1.5404033660888672 0.13472771644592285
 405769 0.0699460506439209 1.5428404808044434 0.1336050033569336
 407044 0.07011890411376953 1.5479862689971924 0.1335904598236084
 408321 0.07018184661865234 1.5581881999969482 0.1343064308166504
 409600 0.07040143013000488 1.5575745105743408 0.13442516326904297
 410881 0.070892333984375 1.5657422542572021 0.13557195663452148
 412164 0.07104039192199707 1.5654067993164062 0.13594484329223633
 413449 0.07106399536132812 1.5744390487670898 0.13703083992004395
 414736 0.07138729095458984 1.58028244972229 0.13666725158691406
 416025 0.07190346717834473 1.5894372463226318 0.13718247413635254
 417316 0.07188820838928223 1.5903475284576416 0.13689517974853516
 418609 0.0740363597869873 1.5933327674865723 0.13692498207092285
 419904 0.07412838935852051 1.6054952144622803 0.13752317428588867
 421201 0.07453083992004395 1.6095938682556152 0.13775038719177246
 422500 0.07499527931213379 1.6178059577941895 0.13874578475952148
 423801 0.07480120658874512 1.621523141860962 0.13837933540344238
 425104 0.07501220703125 1.6281847953796387 0.13943767547607422
 426409 0.07545781135559082 1.6303963661193848 0.14040303230285645
 427716 0.07578682899475098 1.637995958328247 0.14084219932556152
 429025 0.07558083534240723 1.6454064846038818 0.14074921607971191
 430336 0.07603716850280762 1.6547729969024658 0.1417534351348877
 431649 0.07660818099975586 1.656553030014038 0.14166569709777832
 432964 0.07654285430908203 1.660994529724121 0.14208245277404785
 434281 0.07666230201721191 1.6638967990875244 0.14241933822631836
 435600 0.07689166069030762 1.6752009391784668 0.14349913597106934
 436921 0.0773477554321289 1.6810178756713867 0.1435081958770752
 438244 0.07745051383972168 1.6807076930999756 0.14405584335327148
 439569 0.0776369571685791 1.6940994262695312 0.14451932907104492
 440896 0.07794451713562012 1.696350336074829 0.14494037628173828
 442225 0.07825946807861328 1.7047901153564453 0.14514565467834473
 443556 0.07835149765014648 1.7062711715698242 0.14577698707580566
 444889 0.07866382598876953 1.7101078033447266 0.14542078971862793
 446224 0.0789487361907959 1.7185256481170654 0.14647722244262695
 447561 0.07899188995361328 1.7266299724578857 0.1482090950012207
 448900 0.07912802696228027 1.733273983001709 0.1477677822113037
 450241 0.07937240600585938 1.7339463233947754 0.14780068397521973
 451584 0.0796966552734375 1.737886667251587 0.1482086181640625
 452929 0.08018779754638672 1.7486319541931152 0.14893293380737305
 454276 0.08041810989379883 1.7599036693572998 0.14903688430786133
 455625 0.08038067817687988 1.7611443996429443 0.14966225624084473
 456976 0.08082294464111328 1.7683608531951904 0.1498119831085205
 458329 0.08082985877990723 1.7755331993103027 0.15070247650146484
 459684 0.08136749267578125 1.7777612209320068 0.15076351165771484
 461041 0.08136343955993652 1.7822544574737549 0.15063691139221191
 462400 0.08192038536071777 1.7888972759246826 0.1515207290649414
 463761 0.08196783065795898 1.801748514175415 0.15186429023742676
 465124 0.08204507827758789 1.8050801753997803 0.15226364135742188
 466489 0.08250641822814941 1.8054800033569336 0.15352702140808105
 467856 0.08256196975708008 1.8147304058074951 0.15334630012512207
 469225 0.08291363716125488 1.8177831172943115 0.15343499183654785
 470596 0.08312129974365234 1.82889986038208 0.15392327308654785
 471969 0.08325910568237305 1.8341357707977295 0.15462327003479004
 473344 0.08363533020019531 1.8380119800567627 0.15412068367004395
 474721 0.08361363410949707 1.8478288650512695 0.1553506851196289
 476100 0.08412027359008789 1.8485960960388184 0.15588831901550293
 477481 0.0842430591583252 1.8611128330230713 0.1562035083770752
 478864 0.0843966007232666 1.8683507442474365 0.15619492530822754
 480249 0.0847771167755127 1.8700261116027832 0.15723133087158203
 481636 0.08523154258728027 1.8814923763275146 0.15787243843078613
 483025 0.08542251586914062 1.880079746246338 0.15818357467651367
 484416 0.08519506454467773 1.8852522373199463 0.15836548805236816
 485809 0.08577299118041992 1.8902664184570312 0.15863299369812012
 487204 0.08582949638366699 1.9017980098724365 0.15933561325073242
 488601 0.08601808547973633 1.9036383628845215 0.16053128242492676
 490000 0.08652853965759277 1.9112138748168945 0.16073012351989746
 491401 0.08662247657775879 1.9247126579284668 0.16095972061157227
 492804 0.08676934242248535 1.9272267818450928 0.16187357902526855
 494209 0.08693599700927734 1.9293618202209473 0.16140532493591309
 495616 0.08762526512145996 1.9374949932098389 0.16256260871887207
 497025 0.08755373954772949 1.9464504718780518 0.16263937950134277
 498436 0.08830618858337402 1.9536211490631104 0.16560888290405273
 499849 0.0879368782043457 1.954040765762329 0.16379714012145996
 501264 0.08822107315063477 1.9658329486846924 0.16407465934753418
 502681 0.08872437477111816 1.9716157913208008 0.16477322578430176
 504100 0.08880233764648438 1.9736909866333008 0.16510462760925293
 505521 0.08902120590209961 1.9819774627685547 0.166121244430542
 506944 0.08951449394226074 1.9957835674285889 0.165863037109375
 508369 0.08948731422424316 1.9990825653076172 0.16632604598999023
 509796 0.08994889259338379 1.9996297359466553 0.16719770431518555
 511225 0.0902247428894043 2.010622978210449 0.16798615455627441
 512656 0.09073948860168457 2.0127816200256348 0.1673755645751953
 514089 0.09079885482788086 2.021766424179077 0.1683790683746338
 515524 0.09086871147155762 2.029020071029663 0.16890645027160645
 516961 0.09111356735229492 2.0333166122436523 0.16969680786132812
 518400 0.09139013290405273 2.0402088165283203 0.17026734352111816
 519841 0.09145665168762207 2.0412981510162354 0.1707768440246582
 521284 0.09151577949523926 2.0519847869873047 0.17058396339416504
 522729 0.09206461906433105 2.058723211288452 0.17087149620056152
 524176 0.0925443172454834 2.066895008087158 0.17162632942199707
 525625 0.09266495704650879 2.0706162452697754 0.17235231399536133
 527076 0.09285712242126465 2.074833631515503 0.17272019386291504
 528529 0.09289979934692383 2.0776307582855225 0.1726081371307373
 529984 0.09335589408874512 2.094649314880371 0.1739344596862793
 531441 0.09430265426635742 2.0944740772247314 0.1740875244140625
 532900 0.09380555152893066 2.100512981414795 0.17492198944091797
 534361 0.09488773345947266 2.1114933490753174 0.17504453659057617
 535824 0.09402322769165039 2.114377021789551 0.1756281852722168
 537289 0.09533476829528809 2.1209447383880615 0.1758418083190918
 538756 0.09554696083068848 2.1286349296569824 0.17685413360595703
 540225 0.09531760215759277 2.1329922676086426 0.1771237850189209
 541696 0.09530234336853027 2.142310857772827 0.17699694633483887
 543169 0.09543132781982422 2.1521079540252686 0.17796087265014648
 544644 0.09561872482299805 2.162100315093994 0.17774033546447754
 546121 0.09572505950927734 2.16263747215271 0.17894482612609863
 547600 0.09642481803894043 2.1781980991363525 0.1790928840637207
 549081 0.09661531448364258 2.1765553951263428 0.18012642860412598
 550564 0.09686279296875 2.1891183853149414 0.18046927452087402
 552049 0.097137451171875 2.1905717849731445 0.1805732250213623
 553536 0.09765887260437012 2.1961681842803955 0.18140697479248047
 555025 0.09767031669616699 2.205348491668701 0.1809995174407959
 556516 0.09791445732116699 2.209660291671753 0.18224716186523438
 558009 0.09819221496582031 2.2196056842803955 0.18208527565002441
 559504 0.09912300109863281 2.223893404006958 0.18316340446472168
 561001 0.09852242469787598 2.2289135456085205 0.1833188533782959
 562500 0.0998380184173584 2.237375259399414 0.18399357795715332
 564001 0.09916925430297852 2.2467470169067383 0.1840038299560547
 565504 0.10016465187072754 2.248490571975708 0.18474125862121582
 567009 0.09973907470703125 2.256070375442505 0.18631291389465332
 568516 0.1008155345916748 2.2616283893585205 0.18597173690795898
 570025 0.1004493236541748 2.2754757404327393 0.1860494613647461
 571536 0.10107827186584473 2.2838258743286133 0.18697500228881836
 573049 0.10050249099731445 2.286095142364502 0.18865132331848145
 574564 0.10189485549926758 2.2964799404144287 0.18704509735107422
 576081 0.10137581825256348 2.2966513633728027 0.18912339210510254
 577600 0.1021265983581543 2.302879571914673 0.1887519359588623
 579121 0.10189104080200195 2.315019369125366 0.19030356407165527
 580644 0.10286450386047363 2.3268847465515137 0.18918466567993164
 582169 0.10231542587280273 2.323303699493408 0.18858003616333008
 583696 0.10354208946228027 2.334059476852417 0.18911099433898926
 585225 0.10271048545837402 2.3403446674346924 0.18998980522155762
 586756 0.10384082794189453 2.3453171253204346 0.19055557250976562
 588289 0.10339212417602539 2.354318618774414 0.19078969955444336
 589824 0.10448646545410156 2.35898756980896 0.19106435775756836
 591361 0.10399627685546875 2.370055913925171 0.19162225723266602
 592900 0.10504007339477539 2.378192663192749 0.1917715072631836
 594441 0.10458898544311523 2.3856141567230225 0.1924598217010498
 595984 0.10570430755615234 2.386056423187256 0.19454503059387207
 597529 0.1052560806274414 2.402994155883789 0.19451022148132324
 599076 0.10606741905212402 2.407400369644165 0.19525599479675293
 600625 0.10554957389831543 2.4099466800689697 0.19626688957214355
 602176 0.10665273666381836 2.41306734085083 0.19690752029418945
 603729 0.10602927207946777 2.4278464317321777 0.1955127716064453
 605284 0.10712695121765137 2.437558174133301 0.1964888572692871
 606841 0.10651588439941406 2.4320030212402344 0.1966385841369629
 608400 0.10777401924133301 2.4421825408935547 0.19716596603393555
 609961 0.10724043846130371 2.4492762088775635 0.19784784317016602
 611524 0.10782217979431152 2.4617106914520264 0.1975395679473877
 613089 0.10786676406860352 2.4701666831970215 0.19788646697998047
 614656 0.10868191719055176 2.476069211959839 0.19887471199035645
 616225 0.1084146499633789 2.4821789264678955 0.20142030715942383
 617796 0.10892605781555176 2.484792470932007 0.19997596740722656
 619369 0.10882282257080078 2.492502450942993 0.20078587532043457
 620944 0.10965514183044434 2.499072790145874 0.20132160186767578
 622521 0.10944604873657227 2.5066497325897217 0.20159506797790527
 624100 0.11040544509887695 2.5168285369873047 0.20218896865844727
 625681 0.10945272445678711 2.527099847793579 0.20267510414123535
 627264 0.11083483695983887 2.5397849082946777 0.20488262176513672
 628849 0.11056733131408691 2.540330648422241 0.20559263229370117
 630436 0.11133575439453125 2.5472779273986816 0.20630741119384766
 632025 0.11120343208312988 2.555751085281372 0.20705366134643555
 633616 0.11191534996032715 2.5579683780670166 0.2070484161376953
 635209 0.11164331436157227 2.5678725242614746 0.2078557014465332
 636804 0.11263298988342285 2.5666840076446533 0.20810985565185547
 638401 0.1122736930847168 2.5753588676452637 0.21062207221984863
 640000 0.11306309700012207 2.5900683403015137 0.20897984504699707
 641601 0.11258888244628906 2.5987908840179443 0.2097172737121582
 643204 0.1134030818939209 2.599379539489746 0.20981526374816895
 644809 0.11319446563720703 2.6135685443878174 0.21013331413269043
 646416 0.11403059959411621 2.6247565746307373 0.21171307563781738
 648025 0.11388635635375977 2.63043475151062 0.21332764625549316
 649636 0.11468315124511719 2.6353538036346436 0.2128312587738037
 651249 0.11445379257202148 2.6454362869262695 0.21408343315124512
 652864 0.11540007591247559 2.6499619483947754 0.21617627143859863
 654481 0.11481785774230957 2.651423692703247 0.21685266494750977
 656100 0.1158897876739502 2.671081066131592 0.21660709381103516
 657721 0.11525321006774902 2.6687207221984863 0.21769404411315918
 659344 0.11644411087036133 2.681985378265381 0.21841669082641602
 660969 0.11611795425415039 2.6849653720855713 0.21905231475830078
 662596 0.1168832778930664 2.695028305053711 0.21879839897155762
 664225 0.11635971069335938 2.6968255043029785 0.21958661079406738
 665856 0.11751127243041992 2.706812620162964 0.21994805335998535
 667489 0.11695480346679688 2.717843532562256 0.22072482109069824
 669124 0.11808204650878906 2.725234031677246 0.22156453132629395
 670761 0.11748623847961426 2.7305731773376465 0.22156977653503418
 672400 0.1186215877532959 2.744736671447754 0.2222146987915039
 674041 0.11802172660827637 2.7456655502319336 0.2227025032043457
 675684 0.11906576156616211 2.7571473121643066 0.22421646118164062
 677329 0.11840939521789551 2.764526128768921 0.22452449798583984
 678976 0.12007641792297363 2.7650368213653564 0.2218780517578125
 680625 0.11945581436157227 2.775334358215332 0.222456693649292
 682276 0.12055325508117676 2.7895138263702393 0.2225489616394043
 683929 0.11987733840942383 2.793170690536499 0.22263002395629883
 685584 0.12084603309631348 2.7972559928894043 0.22362136840820312
 687241 0.12035489082336426 2.804063081741333 0.22446513175964355
 688900 0.12184381484985352 2.808767318725586 0.2250502109527588
 690561 0.12115883827209473 2.823477029800415 0.2271265983581543
 692224 0.1221919059753418 2.825761318206787 0.22620558738708496
 693889 0.1214742660522461 2.8281381130218506 0.22613239288330078
 695556 0.12273240089416504 2.848612070083618 0.2259969711303711
 697225 0.12228822708129883 2.8557631969451904 0.2281792163848877
 698896 0.12324118614196777 2.8602359294891357 0.2285144329071045
 700569 0.1228175163269043 2.8681154251098633 0.22842121124267578
 702244 0.12380290031433105 2.8765697479248047 0.23055624961853027
 703921 0.12318205833435059 2.8789000511169434 0.22960638999938965
 705600 0.12469768524169922 2.8901381492614746 0.23020076751708984
 707281 0.12443876266479492 2.894153356552124 0.23084521293640137
 708964 0.12500786781311035 2.906001567840576 0.23171377182006836
 710649 0.12460637092590332 2.9132590293884277 0.23152613639831543
 712336 0.1253347396850586 2.9245364665985107 0.23229408264160156
 714025 0.12497282028198242 2.9322807788848877 0.23314881324768066
 715716 0.12624502182006836 2.9314723014831543 0.23371267318725586
 717409 0.1256883144378662 2.9417872428894043 0.2340095043182373
 719104 0.1268479824066162 2.9488394260406494 0.23520851135253906
 720801 0.12660455703735352 2.952892541885376 0.2352592945098877
 722500 0.1276235580444336 2.9662375450134277 0.2373180389404297
 724201 0.12670493125915527 2.9759528636932373 0.23647475242614746
 725904 0.12788009643554688 2.9851784706115723 0.23728132247924805
 727609 0.12747430801391602 2.9935271739959717 0.23786616325378418
 729316 0.12770462036132812 2.991946220397949 0.2368907928466797
 731025 0.12790608406066895 3.0104918479919434 0.2388770580291748
 732736 0.12837886810302734 3.0129306316375732 0.2395179271697998
 734449 0.12850475311279297 3.016238212585449 0.23965787887573242
 736164 0.12908649444580078 3.0284371376037598 0.2404031753540039
 737881 0.1293165683746338 3.0419859886169434 0.24145865440368652
 739600 0.12954092025756836 3.0497756004333496 0.24158906936645508
 741321 0.1296534538269043 3.047245740890503 0.241471529006958
 743044 0.12989258766174316 3.0649828910827637 0.24201273918151855
 744769 0.1301586627960205 3.068962335586548 0.24318313598632812
 746496 0.1306440830230713 3.0817911624908447 0.24320459365844727
 748225 0.13099241256713867 3.0962677001953125 0.24344396591186523
 749956 0.1313619613647461 3.099348783493042 0.2450118064880371
 751689 0.1316683292388916 3.106767177581787 0.24536466598510742
 753424 0.13203644752502441 3.1132421493530273 0.2447354793548584
 755161 0.13198232650756836 3.1261560916900635 0.24524235725402832
 756900 0.1325216293334961 3.1286051273345947 0.2465200424194336
 758641 0.1327524185180664 3.140305519104004 0.24626588821411133
 760384 0.13331246376037598 3.1519627571105957 0.24739503860473633
 762129 0.1330418586730957 3.1599347591400146 0.24787211418151855
 763876 0.1336963176727295 3.157505512237549 0.24838900566101074
 765625 0.13409161567687988 3.1664254665374756 0.24928069114685059
 767376 0.13427209854125977 3.17627215385437 0.24946904182434082
 769129 0.1347026824951172 3.187410593032837 0.25046873092651367
 770884 0.13486051559448242 3.191500186920166 0.25084900856018066
 772641 0.1351940631866455 3.2095696926116943 0.2514328956604004
 774400 0.13564205169677734 3.211995840072632 0.25238919258117676
 776161 0.13598895072937012 3.2274210453033447 0.2531545162200928
 777924 0.13639163970947266 3.2243456840515137 0.25318026542663574
 779689 0.1363523006439209 3.2372915744781494 0.2532694339752197
 781456 0.13690853118896484 3.2416932582855225 0.25316286087036133
 783225 0.1366260051727295 3.250277519226074 0.2552649974822998
 784996 0.13765931129455566 3.2535693645477295 0.25539207458496094
 786769 0.13751721382141113 3.273871898651123 0.2557952404022217
 788544 0.13823604583740234 3.2758541107177734 0.2561178207397461
 790321 0.13862085342407227 3.2806644439697266 0.25795650482177734
 792100 0.1384880542755127 3.2937631607055664 0.2576267719268799
 793881 0.13866543769836426 3.305715322494507 0.25919175148010254
 795664 0.13937997817993164 3.3060190677642822 0.25906944274902344
 797449 0.13962984085083008 3.3182213306427 0.2593555450439453
 799236 0.13972806930541992 3.324537754058838 0.25937843322753906
 801025 0.14013409614562988 3.331975221633911 0.2613840103149414
 802816 0.14021706581115723 3.3403220176696777 0.26114988327026367
 804609 0.14041471481323242 3.3546860218048096 0.26189756393432617
 806404 0.14100265502929688 3.3597683906555176 0.261899471282959
 808201 0.1413106918334961 3.366642475128174 0.2629275321960449
 810000 0.14161324501037598 3.3820292949676514 0.2643260955810547
 811801 0.14229249954223633 3.378009557723999 0.2639908790588379
 813604 0.14252448081970215 3.3976001739501953 0.2638533115386963
 815409 0.14237236976623535 3.406127691268921 0.2647390365600586
 817216 0.14314937591552734 3.4058194160461426 0.26567745208740234
 819025 0.14335989952087402 3.4268596172332764 0.2695002555847168
 820836 0.1433713436126709 3.433145761489868 0.26709461212158203
 822649 0.14372777938842773 3.435009479522705 0.2676522731781006
 824464 0.1440889835357666 3.4394214153289795 0.2686746120452881
 826281 0.14463162422180176 3.4626567363739014 0.26947021484375
 828100 0.1445331573486328 3.4653115272521973 0.26917481422424316
 829921 0.14473390579223633 3.463344097137451 0.27080583572387695
 831744 0.14568543434143066 3.4745800495147705 0.2713277339935303
 833569 0.14542913436889648 3.4921915531158447 0.27184462547302246
 835396 0.1460559368133545 3.5020642280578613 0.27088332176208496
 837225 0.14625144004821777 3.5113842487335205 0.2720038890838623
 839056 0.14647793769836426 3.5191900730133057 0.2735481262207031
 840889 0.14671826362609863 3.5262670516967773 0.27394866943359375
 842724 0.14753150939941406 3.528090476989746 0.2746562957763672
 844561 0.1472148895263672 3.5455241203308105 0.27481746673583984
 846400 0.1478595733642578 3.554266929626465 0.2722036838531494
 848241 0.1480250358581543 3.5493826866149902 0.2735879421234131
 850084 0.1483750343322754 3.565023183822632 0.27402663230895996
 851929 0.14903855323791504 3.572273015975952 0.2743041515350342
 853776 0.14942312240600586 3.5813748836517334 0.27519893646240234
 855625 0.14984679222106934 3.584489583969116 0.2759554386138916
 857476 0.14971470832824707 3.6044585704803467 0.2761547565460205
 859329 0.15038537979125977 3.612639904022217 0.27750134468078613
 861184 0.15039682388305664 3.61855411529541 0.27631068229675293
 863041 0.1505284309387207 3.6147687435150146 0.278045654296875
 864900 0.15091848373413086 3.640045404434204 0.27931904792785645
 866761 0.1515028476715088 3.6332826614379883 0.2795586585998535
 868624 0.15190529823303223 3.6643195152282715 0.27954649925231934
 870489 0.15215349197387695 3.666139841079712 0.28093600273132324
 872356 0.15229511260986328 3.6628737449645996 0.28038477897644043
 874225 0.15311264991760254 3.6818740367889404 0.28200459480285645
 876096 0.15285730361938477 3.6844279766082764 0.2890815734863281
 877969 0.15355801582336426 3.698173761367798 0.2892425060272217
 879844 0.1539473533630371 3.7064321041107178 0.28963160514831543
 881721 0.15427541732788086 3.7188496589660645 0.29005861282348633
 883600 0.15447497367858887 3.7263877391815186 0.29067254066467285
 885481 0.15465402603149414 3.73358154296875 0.29048943519592285
 887364 0.15491342544555664 3.745441436767578 0.29152631759643555
 889249 0.15531611442565918 3.7582075595855713 0.29305386543273926
 891136 0.15571260452270508 3.758716106414795 0.29288339614868164
 893025 0.15590476989746094 3.7688686847686768 0.2937734127044678
 894916 0.15595197677612305 3.7776713371276855 0.2949223518371582
 896809 0.15657782554626465 3.785985231399536 0.29378843307495117
 898704 0.1571035385131836 3.792773962020874 0.2957017421722412
 900601 0.1573483943939209 3.805845022201538 0.2961139678955078
 902500 0.15772032737731934 3.808608055114746 0.29755115509033203
 904401 0.1580212116241455 3.819559097290039 0.29804015159606934
 906304 0.15830516815185547 3.825272798538208 0.29230499267578125
 908209 0.15880060195922852 3.840712547302246 0.29250669479370117
 910116 0.15899085998535156 3.856476068496704 0.29314208030700684
 912025 0.15958666801452637 3.873110771179199 0.2946910858154297
 913936 0.15974211692810059 3.862874984741211 0.2940182685852051
 915849 0.15983080863952637 3.88175368309021 0.2946133613586426
 917764 0.16036415100097656 3.8835294246673584 0.2956812381744385
 919681 0.16040921211242676 3.8937489986419678 0.29651713371276855
 921600 0.16084909439086914 3.9244258403778076 0.2964296340942383
 923521 0.16115379333496094 3.910466194152832 0.29667067527770996
 925444 0.1614534854888916 3.938145160675049 0.2978043556213379
 927369 0.1620190143585205 3.9356839656829834 0.29862356185913086
 929296 0.16242504119873047 3.9407763481140137 0.29902195930480957
 931225 0.1624143123626709 3.9437954425811768 0.29944872856140137
 933156 0.16270852088928223 3.9713141918182373 0.30052709579467773
 935089 0.16324234008789062 3.9639811515808105 0.30194687843322754
 937024 0.1634218692779541 3.9696428775787354 0.30238842964172363
 938961 0.16387319564819336 3.9923641681671143 0.3019742965698242
 940900 0.1645336151123047 3.9891273975372314 0.3030571937561035
 942841 0.16437745094299316 4.01246452331543 0.30376172065734863
 944784 0.1647942066192627 4.028778076171875 0.30390429496765137
 946729 0.16574954986572266 4.020208835601807 0.3036482334136963
 948676 0.16565918922424316 4.030361652374268 0.30447888374328613
 950625 0.16584038734436035 4.04200005531311 0.30481529235839844
 952576 0.16640996932983398 4.069164991378784 0.30649232864379883
 954529 0.1667649745941162 4.066087484359741 0.3069312572479248
 956484 0.16676831245422363 4.060940265655518 0.3074524402618408
 958441 0.16746783256530762 4.060636043548584 0.3079862594604492
 960400 0.16767430305480957 4.090196371078491 0.3094444274902344
 962361 0.1679699420928955 4.090080499649048 0.30931758880615234
 964324 0.16832876205444336 4.101895332336426 0.3105170726776123
 966289 0.1687324047088623 4.130917549133301 0.30976343154907227
 968256 0.16933226585388184 4.127486705780029 0.3109891414642334
 970225 0.16980290412902832 4.133509635925293 0.3121373653411865
 972196 0.1694622039794922 4.150942802429199 0.3135716915130615
 974169 0.17023468017578125 4.161869764328003 0.3137633800506592
 976144 0.17070412635803223 4.1623148918151855 0.31379175186157227
 978121 0.17066359519958496 4.163645505905151 0.3150293827056885
 980100 0.17093944549560547 4.179088830947876 0.31598615646362305
 982081 0.17148637771606445 4.185641765594482 0.31567955017089844
 984064 0.17264056205749512 4.200203895568848 0.31658411026000977
 986049 0.17201852798461914 4.212503671646118 0.3170309066772461
 988036 0.17267322540283203 4.221179723739624 0.31973838806152344
 990025 0.17339587211608887 4.236009120941162 0.32131409645080566
 992016 0.17290425300598145 4.23148250579834 0.3212547302246094
 994009 0.17339181900024414 4.2434241771698 0.3209187984466553
 996004 0.17392277717590332 4.25032901763916 0.32126402854919434
 998001 0.17414331436157227 4.269452810287476 0.3264889717102051