
 9 1.1682510375976562e-05 1.1920928955078125e-05 8.821487426757812e-06
 16 1.0251998901367188e-05 1.2159347534179688e-05 1.0728836059570312e-05
 25 1.1444091796875e-05 1.6927719116210938e-05 1.4543533325195312e-05
 36 1.3113021850585938e-05 2.384185791015625e-05 1.7642974853515625e-05
 49 1.430511474609375e-05 3.266334533691406e-05 2.2649765014648438e-05
 64 1.621246337890625e-05 4.267692565917969e-05 2.7418136596679688e-05
 81 1.8596649169921875e-05 5.7220458984375e-05 3.2901763916015625e-05
 100 2.1219253540039062e-05 7.152557373046875e-05 3.814697265625e-05
 121 2.4318695068359375e-05 8.893013000488281e-05 4.553794860839844e-05
 144 2.6702880859375e-05 0.00010728836059570312 5.173683166503906e-05
 169 3.0040740966796875e-05 0.0001308917999267578 6.031990051269531e-05
 196 3.3855438232421875e-05 0.00015807151794433594 6.747245788574219e-05
 225 3.790855407714844e-05 0.00018787384033203125 7.581710815429688e-05
 256 4.220008850097656e-05 0.000217437744140625 8.416175842285156e-05
 289 4.673004150390625e-05 0.0002505779266357422 9.679794311523438e-05
 324 5.173683166503906e-05 0.0002856254577636719 0.00010657310485839844
 361 5.7220458984375e-05 0.0003261566162109375 0.00011754035949707031
 400 6.103515625e-05 0.0003814697265625 0.0001304149627685547
 441 6.651878356933594e-05 0.0004189014434814453 0.00014162063598632812
 484 7.152557373046875e-05 0.0004687309265136719 0.00016951560974121094
 529 7.843971252441406e-05 0.0005245208740234375 0.00016999244689941406
 576 8.678436279296875e-05 0.0005877017974853516 0.00018453598022460938
 625 9.5367431640625e-05 0.0006585121154785156 0.00020599365234375
 676 0.00010395050048828125 0.0007379055023193359 0.00022101402282714844
 729 0.00011324882507324219 0.0008134841918945312 0.0002396106719970703
 784 0.00012254714965820312 0.0009009838104248047 0.00025844573974609375
 841 0.0001327991485595703 0.0009872913360595703 0.00027871131896972656
 900 0.00014209747314453125 0.0010833740234375 0.0002987384796142578
 961 0.000152587890625 0.0011820793151855469 0.00031876564025878906
 1024 0.00016307830810546875 0.001283407211303711 0.0003428459167480469
 1089 0.00017523765563964844 0.001415252685546875 0.0003650188446044922
 1156 0.00018715858459472656 0.001508951187133789 0.0003859996795654297
 1225 0.0001990795135498047 0.001628875732421875 0.0004100799560546875
 1296 0.0002231597900390625 0.001748800277709961 0.0004367828369140625
 1369 0.00022292137145996094 0.0018723011016845703 0.00045943260192871094
 1444 0.0002353191375732422 0.002001523971557617 0.0004830360412597656
 1521 0.0002484321594238281 0.002145051956176758 0.0005145072937011719
 1600 0.0002620220184326172 0.0022835731506347656 0.0005450248718261719
 1681 0.0002753734588623047 0.002441883087158203 0.0005726814270019531
 1764 0.0002892017364501953 0.0025970935821533203 0.0006122589111328125
 1849 0.0003044605255126953 0.0027396678924560547 0.0006380081176757812
 1936 0.0003178119659423828 0.00290679931640625 0.0006678104400634766
 2025 0.0003337860107421875 0.0030975341796875 0.0006988048553466797
 2116 0.00034928321838378906 0.0032584667205810547 0.0007302761077880859
 2209 0.0003647804260253906 0.0034372806549072266 0.0007648468017578125
 2304 0.0003802776336669922 0.003626585006713867 0.0007977485656738281
 2401 0.0003981590270996094 0.003787994384765625 0.0008289813995361328
 2500 0.0004127025604248047 0.004004478454589844 0.0008602142333984375
 2601 0.0004305839538574219 0.004212856292724609 0.0008950233459472656
 2704 0.00044846534729003906 0.0044095516204833984 0.0009300708770751953
 2809 0.0004658699035644531 0.004603147506713867 0.0009670257568359375
 2916 0.0004837512969970703 0.004829883575439453 0.0010042190551757812
 3025 0.0005021095275878906 0.0050737857818603516 0.0010399818420410156
 3136 0.0005340576171875 0.005276918411254883 0.0010809898376464844
 3249 0.0005402565002441406 0.005516767501831055 0.0011258125305175781
 3364 0.0005595684051513672 0.005731344223022461 0.0011396408081054688
 3481 0.0006289482116699219 0.005987882614135742 0.0011744499206542969
 3600 0.0005991458892822266 0.006231069564819336 0.0012450218200683594
 3721 0.0007035732269287109 0.006493091583251953 0.0012662410736083984
 3844 0.0006399154663085938 0.006766557693481445 0.0012958049774169922
 3969 0.0007028579711914062 0.0070362091064453125 0.0013556480407714844
 4096 0.0006968975067138672 0.007302761077880859 0.0013878345489501953
 4225 0.0007503032684326172 0.007586956024169922 0.0014247894287109375
 4356 0.0007266998291015625 0.007858991622924805 0.0014815330505371094
 4489 0.00087738037109375 0.008145570755004883 0.0015172958374023438
 4624 0.0007719993591308594 0.008448362350463867 0.001554250717163086
 4761 0.0008473396301269531 0.008744955062866211 0.0016207695007324219
 4900 0.0008194446563720703 0.009063720703125 0.001649618148803711
 5041 0.0008976459503173828 0.00935816764831543 0.0016949176788330078
 5184 0.0008661746978759766 0.009693384170532227 0.0017616748809814453
 5329 0.001016378402709961 0.010002374649047852 0.0018017292022705078
 5476 0.0009164810180664062 0.010340213775634766 0.0018393993377685547
 5625 0.0010044574737548828 0.010681867599487305 0.0018968582153320312
 5776 0.0009653568267822266 0.01102900505065918 0.0019421577453613281
 5929 0.0009882450103759766 0.011368989944458008 0.001990795135498047
 6084 0.0010128021240234375 0.011742115020751953 0.002048969268798828
 6241 0.0010395050048828125 0.012096405029296875 0.002096891403198242
 6400 0.0010724067687988281 0.012440204620361328 0.002162933349609375
 6561 0.0010979175567626953 0.012843608856201172 0.0022132396697998047
 6724 0.0011258125305175781 0.013215303421020508 0.002270936965942383
 6889 0.001148223876953125 0.01359701156616211 0.0023200511932373047
 7056 0.0011823177337646484 0.013990402221679688 0.002369403839111328
 7225 0.0012106895446777344 0.014379024505615234 0.002416849136352539
 7396 0.0012402534484863281 0.014821052551269531 0.002460956573486328
 7569 0.0012683868408203125 0.01519465446472168 0.0025403499603271484
 7744 0.0012960433959960938 0.01562786102294922 0.002580881118774414
 7921 0.001329660415649414 0.016044139862060547 0.002648591995239258
 8100 0.0013699531555175781 0.016474246978759766 0.0027074813842773438
 8281 0.0013880729675292969 0.016919374465942383 0.0027599334716796875
 8464 0.001432657241821289 0.01732635498046875 0.0028219223022460938
 8649 0.0014522075653076172 0.017815113067626953 0.0028886795043945312
 8836 0.0014982223510742188 0.01825118064880371 0.0029604434967041016
 9025 0.001514434814453125 0.01869988441467285 0.003003358840942383
 9216 0.0015451908111572266 0.019178390502929688 0.0030739307403564453
 9409 0.0015783309936523438 0.019661903381347656 0.003141641616821289
 9604 0.0016100406646728516 0.020115375518798828 0.0031881332397460938
 9801 0.0016446113586425781 0.02060532569885254 0.0032563209533691406
 10000 0.0016791820526123047 0.021080970764160156 0.003326892852783203
 10201 0.001712799072265625 0.021585702896118164 0.003393411636352539
 10404 0.001744985580444336 0.022095203399658203 0.0034639835357666016
 10609 0.0017805099487304688 0.022608041763305664 0.0035109519958496094
 10816 0.001813650131225586 0.023145198822021484 0.00356292724609375
 11025 0.0018510818481445312 0.02367091178894043 0.0036525726318359375
 11236 0.0018868446350097656 0.024187088012695312 0.0037393569946289062
 11449 0.001920461654663086 0.024712800979614258 0.0037941932678222656
 11664 0.001956462860107422 0.025339126586914062 0.003871917724609375
 11881 0.002009153366088867 0.02583479881286621 0.0039310455322265625
 12100 0.002031564712524414 0.026402950286865234 0.00397801399230957
 12321 0.002058267593383789 0.02691483497619629 0.004075765609741211
 12544 0.002105712890625 0.02746725082397461 0.004134654998779297
 12769 0.00214385986328125 0.02806258201599121 0.004215717315673828
 12996 0.002180814743041992 0.028647899627685547 0.004307270050048828
 13225 0.002220630645751953 0.029245615005493164 0.004349470138549805
 13456 0.0022597312927246094 0.029836416244506836 0.0044176578521728516
 13689 0.002298116683959961 0.03044605255126953 0.00452876091003418
 13924 0.0023512840270996094 0.031093120574951172 0.004582405090332031
 14161 0.002371072769165039 0.03180217742919922 0.004660606384277344
 14400 0.002418994903564453 0.03237152099609375 0.004735708236694336
 14641 0.002465963363647461 0.03292965888977051 0.004794120788574219
 14884 0.002500295639038086 0.03361368179321289 0.004887104034423828
 15129 0.002527475357055664 0.03420090675354004 0.004969120025634766
 15376 0.0025827884674072266 0.03490161895751953 0.005044698715209961
 15625 0.002625703811645508 0.035497188568115234 0.00511479377746582
 15876 0.0026667118072509766 0.036232709884643555 0.005241870880126953
 16129 0.002697467803955078 0.03690028190612793 0.005293846130371094
 16384 0.002749919891357422 0.03749537467956543 0.005383014678955078
 16641 0.002793550491333008 0.03840780258178711 0.005471229553222656
 16900 0.0028395652770996094 0.03891777992248535 0.005514860153198242
 17161 0.0028810501098632812 0.03963923454284668 0.005601644515991211
 17424 0.0029268264770507812 0.04033231735229492 0.005717277526855469
 17689 0.002972841262817383 0.04101395606994629 0.005762815475463867
 17956 0.003031492233276367 0.041768789291381836 0.005845546722412109
 18225 0.003075122833251953 0.04251241683959961 0.0059359073638916016
 18496 0.003107786178588867 0.043167829513549805 0.006045341491699219
 18769 0.00315093994140625 0.043952226638793945 0.0060918331146240234
 19044 0.003198862075805664 0.04463791847229004 0.006196022033691406
 19321 0.0032308101654052734 0.04540395736694336 0.00628972053527832
 19600 0.003290891647338867 0.04619455337524414 0.006356954574584961
 19881 0.003340005874633789 0.04696464538574219 0.006475210189819336
 20164 0.0033905506134033203 0.04770779609680176 0.006561756134033203
 20449 0.003433704376220703 0.04857039451599121 0.006639957427978516
 20736 0.0034956932067871094 0.049427032470703125 0.006742954254150391
 21025 0.0035333633422851562 0.05014657974243164 0.0068285465240478516
 21316 0.0035791397094726562 0.051203012466430664 0.006925106048583984
 21609 0.003644227981567383 0.05178022384643555 0.007044076919555664
 21904 0.003699064254760742 0.05262565612792969 0.007119655609130859
 22201 0.003710508346557617 0.05334138870239258 0.007228851318359375
 22500 0.0037813186645507812 0.05423235893249512 0.007323741912841797
 22801 0.0038328170776367188 0.05503535270690918 0.007383108139038086
 23104 0.003862619400024414 0.055849552154541016 0.007478952407836914
 23409 0.003945112228393555 0.05669879913330078 0.00758051872253418
 23716 0.003987312316894531 0.05764341354370117 0.007671833038330078
 24025 0.0040471553802490234 0.05848956108093262 0.007796049118041992
 24336 0.004083156585693359 0.05937981605529785 0.007879018783569336
 24649 0.0041468143463134766 0.06027388572692871 0.007995128631591797
 24964 0.004201650619506836 0.06110501289367676 0.008051395416259766
 25281 0.0042612552642822266 0.06200861930847168 0.0081939697265625
 25600 0.004298210144042969 0.06295371055603027 0.008284568786621094
 25921 0.004357814788818359 0.06386041641235352 0.00837254524230957
 26244 0.004413127899169922 0.0646810531616211 0.008473873138427734
 26569 0.004468202590942383 0.06566977500915527 0.00855255126953125
 26896 0.004530429840087891 0.06660985946655273 0.008681297302246094
 27225 0.004571437835693359 0.06748151779174805 0.008777618408203125
 27556 0.004636526107788086 0.06856131553649902 0.008875846862792969
 27889 0.004696369171142578 0.06946206092834473 0.00901031494140625
 28224 0.004741191864013672 0.07029604911804199 0.00911712646484375
 28561 0.004793643951416016 0.0713338851928711 0.00918436050415039
 28900 0.004874706268310547 0.07241964340209961 0.009289026260375977
 29241 0.0049288272857666016 0.0733194351196289 0.009459495544433594
 29584 0.004975318908691406 0.07427144050598145 0.009535789489746094
 29929 0.005027294158935547 0.075347900390625 0.009625911712646484
 30276 0.005101442337036133 0.07628107070922852 0.009724617004394531
 30625 0.005145549774169922 0.0774376392364502 0.009836673736572266
 30976 0.005223274230957031 0.07877421379089355 0.009981632232666016
 31329 0.005264997482299805 0.0793752670288086 0.010051488876342773
 31684 0.0053369998931884766 0.08043408393859863 0.010190010070800781
 32041 0.005392789840698242 0.08138203620910645 0.010236501693725586
 32400 0.0054454803466796875 0.08234643936157227 0.010387420654296875
 32761 0.005504131317138672 0.08348345756530762 0.010521173477172852
 33124 0.005567073822021484 0.08443641662597656 0.010610818862915039
 33489 0.005628824234008789 0.08567142486572266 0.010768413543701172
 33856 0.005713462829589844 0.08669924736022949 0.01084136962890625
 34225 0.005746364593505859 0.08784365653991699 0.010955333709716797
 34596 0.00583338737487793 0.08887219429016113 0.011098384857177734
 34969 0.005871295928955078 0.08999752998352051 0.01120448112487793
 35344 0.0059163570404052734 0.09112238883972168 0.011315107345581055
 35721 0.006006479263305664 0.09229850769042969 0.011446475982666016
 36100 0.006058692932128906 0.09334135055541992 0.011548280715942383
 36481 0.0061228275299072266 0.09439682960510254 0.011662006378173828
 36864 0.00616908073425293 0.0958714485168457 0.011883974075317383
 37249 0.00625920295715332 0.09683918952941895 0.011951208114624023
 37636 0.0063326358795166016 0.0978703498840332 0.012067556381225586
 38025 0.006382465362548828 0.09925079345703125 0.012255191802978516
 38416 0.0064544677734375 0.10025477409362793 0.012273788452148438
 38809 0.006541013717651367 0.10143375396728516 0.012394905090332031
 39204 0.006579160690307617 0.10298800468444824 0.012540817260742188
 39601 0.006661653518676758 0.10367417335510254 0.012665987014770508
 40000 0.006697416305541992 0.1050114631652832 0.012775421142578125
 40401 0.006784677505493164 0.10603928565979004 0.012904644012451172
 40804 0.00687718391418457 0.1073305606842041 0.013046979904174805
 41209 0.0069501399993896484 0.1085507869720459 0.013184309005737305
 41616 0.006993532180786133 0.10981297492980957 0.013288259506225586
 42025 0.0070972442626953125 0.11114215850830078 0.013437032699584961
 42436 0.0071599483489990234 0.11222648620605469 0.013519525527954102
 42849 0.007198333740234375 0.11353302001953125 0.01382589340209961
 43264 0.007264375686645508 0.11463260650634766 0.01384115219116211
 43681 0.007348299026489258 0.1159660816192627 0.01392364501953125
 44100 0.007403135299682617 0.1171724796295166 0.014064788818359375
 44521 0.0074884891510009766 0.11846661567687988 0.014205694198608398
 44944 0.0075495243072509766 0.12010359764099121 0.014364242553710938
 45369 0.007617950439453125 0.12107253074645996 0.014448404312133789
 45796 0.007688999176025391 0.12228035926818848 0.014612436294555664
 46225 0.007791757583618164 0.12385010719299316 0.01475667953491211
 46656 0.007872819900512695 0.12508344650268555 0.014870643615722656
 47089 0.007896900177001953 0.12638306617736816 0.015093803405761719
 47524 0.007988452911376953 0.12768054008483887 0.01512908935546875
 47961 0.008066654205322266 0.12898898124694824 0.015285730361938477
 48400 0.008132219314575195 0.13022923469543457 0.015460491180419922
 48841 0.00822901725769043 0.13240671157836914 0.015580415725708008
 49284 0.008270502090454102 0.1332414150238037 0.015710830688476562
 49729 0.008353710174560547 0.1345226764678955 0.01583123207092285
 50176 0.008432149887084961 0.13598132133483887 0.015976428985595703
 50625 0.008512258529663086 0.13754057884216309 0.01615452766418457
 51076 0.008580923080444336 0.13881850242614746 0.016285419464111328
 51529 0.008663654327392578 0.13997149467468262 0.01640462875366211
 51984 0.008762121200561523 0.14122939109802246 0.016593456268310547
 52441 0.008820772171020508 0.1430063247680664 0.01677560806274414
 52900 0.008890628814697266 0.14397597312927246 0.016832590103149414
 53361 0.008987903594970703 0.14571380615234375 0.016981124877929688
 53824 0.009070873260498047 0.14693284034729004 0.017187833786010742
 54289 0.009157896041870117 0.1487264633178711 0.0174100399017334
 54756 0.009200572967529297 0.15024566650390625 0.017435789108276367
 55225 0.009288549423217773 0.1516103744506836 0.017594575881958008
 55696 0.009364604949951172 0.15300559997558594 0.01769089698791504
 56169 0.009434223175048828 0.15475988388061523 0.017908811569213867
 56644 0.009543657302856445 0.15599942207336426 0.0180051326751709
 57121 0.009625434875488281 0.15754365921020508 0.01821160316467285
 57600 0.009724855422973633 0.15909981727600098 0.018306493759155273
 58081 0.009781122207641602 0.16060662269592285 0.018477439880371094
 58564 0.009876012802124023 0.1617743968963623 0.018613338470458984
 59049 0.009943008422851562 0.16363120079040527 0.01876544952392578
 59536 0.010070085525512695 0.16556715965270996 0.01905512809753418
 60025 0.01010894775390625 0.16741251945495605 0.019166946411132812
 60516 0.010201692581176758 0.16832804679870605 0.01921677589416504
 61009 0.01031804084777832 0.16972899436950684 0.019471168518066406
 61504 0.010367870330810547 0.17096447944641113 0.01952219009399414
 62001 0.010429143905639648 0.17342925071716309 0.019694089889526367
 62500 0.012198448181152344 0.17461395263671875 0.019826412200927734
 63001 0.010584831237792969 0.1761326789855957 0.019972801208496094
 63504 0.01072549819946289 0.17768120765686035 0.020146846771240234
 64009 0.010771989822387695 0.17898082733154297 0.02038288116455078
 64516 0.01084589958190918 0.18103241920471191 0.0204315185546875
 65025 0.010976076126098633 0.1822202205657959 0.02071213722229004
 65536 0.011037111282348633 0.1841294765472412 0.020769357681274414
 66049 0.011110067367553711 0.18521809577941895 0.020979642868041992
 66564 0.01120138168334961 0.18716931343078613 0.021158456802368164
 67081 0.01130819320678711 0.1887223720550537 0.021416187286376953
 67600 0.011364936828613281 0.19081902503967285 0.021516799926757812
 68121 0.011493444442749023 0.1919412612915039 0.02171635627746582
 68644 0.011583805084228516 0.19430136680603027 0.02186107635498047
 69169 0.011669397354125977 0.19530391693115234 0.022035598754882812
 69696 0.011771202087402344 0.19772672653198242 0.022217273712158203
 70225 0.011846065521240234 0.19944548606872559 0.0224153995513916
 70756 0.012001991271972656 0.2021808624267578 0.022652626037597656
 71289 0.012001514434814453 0.20264840126037598 0.022716760635375977
 71824 0.01211237907409668 0.20531177520751953 0.02285003662109375
 72361 0.012166976928710938 0.20750904083251953 0.023218393325805664
 72900 0.012319564819335938 0.208357572555542 0.023302078247070312
 73441 0.012403726577758789 0.2109065055847168 0.023574352264404297
 73984 0.012496709823608398 0.21312189102172852 0.023639917373657227
 74529 0.012595176696777344 0.21442556381225586 0.023911714553833008
 75076 0.012710809707641602 0.21740102767944336 0.024077415466308594
 75625 0.012769699096679688 0.21770167350769043 0.024184226989746094
 76176 0.012910604476928711 0.2202165126800537 0.024343013763427734
 76729 0.012980461120605469 0.22333216667175293 0.024844646453857422
 77284 0.013065576553344727 0.2242274284362793 0.024794340133666992
 77841 0.013162374496459961 0.22594380378723145 0.02494215965270996
 78400 0.013263940811157227 0.2294325828552246 0.025257110595703125
 78961 0.013336658477783203 0.22995257377624512 0.025294780731201172
 79524 0.013431549072265625 0.23186659812927246 0.025387048721313477
 80089 0.013558626174926758 0.23517465591430664 0.025649309158325195
 80656 0.013641595840454102 0.23646283149719238 0.025742530822753906
 81225 0.013711690902709961 0.2382524013519287 0.02604818344116211
 81796 0.013825416564941406 0.24141192436218262 0.02630615234375
 82369 0.013923168182373047 0.24196100234985352 0.02658367156982422
 82944 0.014008522033691406 0.24383282661437988 0.026644229888916016
 83521 0.014181137084960938 0.24729037284851074 0.027005434036254883
 84100 0.014208316802978516 0.24875235557556152 0.026998281478881836
 84681 0.014317512512207031 0.25063514709472656 0.02727508544921875
 85264 0.014432191848754883 0.25428128242492676 0.0274505615234375
 85849 0.014529228210449219 0.25424957275390625 0.027505159378051758
 86436 0.014628887176513672 0.25690197944641113 0.02778315544128418
 87025 0.014768123626708984 0.26067328453063965 0.02804112434387207
 87616 0.014812946319580078 0.2606241703033447 0.028104782104492188
 88209 0.014917373657226562 0.2625603675842285 0.02834630012512207
 88804 0.015022516250610352 0.2673039436340332 0.0285794734954834
 89401 0.015104293823242188 0.26724791526794434 0.028775930404663086
 90000 0.015207529067993164 0.26967477798461914 0.028850793838500977
 90601 0.015352249145507812 0.27501392364501953 0.02939915657043457
 91204 0.015447139739990234 0.274524450302124 0.029430627822875977
 91809 0.015508890151977539 0.27541375160217285 0.02950000762939453
 92416 0.015639066696166992 0.28118896484375 0.02988409996032715
 93025 0.01572275161743164 0.2807347774505615 0.03005385398864746
 93636 0.015830516815185547 0.2834970951080322 0.030177831649780273
 94249 0.01595449447631836 0.2886018753051758 0.030614137649536133
 94864 0.0160672664642334 0.2884650230407715 0.03055739402770996
 95481 0.016141176223754883 0.2890136241912842 0.03082561492919922
 96100 0.016262292861938477 0.29648780822753906 0.031230926513671875
 96721 0.016357421875 0.2934117317199707 0.031189441680908203
 97344 0.016473770141601562 0.297072172164917 0.03132796287536621
 97969 0.016582012176513672 0.30246686935424805 0.031617164611816406
 98596 0.016685962677001953 0.3013591766357422 0.03181147575378418
 99225 0.016774415969848633 0.3031759262084961 0.0320892333984375
 99856 0.016907215118408203 0.308837890625 0.03211188316345215
 100489 0.016976356506347656 0.30941343307495117 0.03246641159057617
 101124 0.017142295837402344 0.31116771697998047 0.03264307975769043
 101761 0.017244815826416016 0.31641077995300293 0.03285717964172363
 102400 0.01732945442199707 0.3145005702972412 0.03288578987121582
 103041 0.017435312271118164 0.3177626132965088 0.03338217735290527
 103684 0.017549991607666016 0.3244364261627197 0.03362584114074707
 104329 0.017675399780273438 0.32227587699890137 0.033647775650024414
 104976 0.01775670051574707 0.3251364231109619 0.03369951248168945
 105625 0.017858028411865234 0.3309473991394043 0.03440451622009277
 106276 0.0179903507232666 0.32906103134155273 0.03417468070983887
 106929 0.01809096336364746 0.33246374130249023 0.034647464752197266
 107584 0.018311262130737305 0.3387444019317627 0.034558773040771484
 108241 0.01835918426513672 0.3369567394256592 0.03498959541320801
 108900 0.01845526695251465 0.3399322032928467 0.03511500358581543
 109561 0.01859259605407715 0.3466522693634033 0.03588080406188965
 110224 0.018656253814697266 0.3444397449493408 0.03566241264343262
 110889 0.018772363662719727 0.34874701499938965 0.035936594009399414
 111556 0.018893718719482422 0.3531918525695801 0.036000728607177734
 112225 0.018999099731445312 0.35152268409729004 0.03620147705078125
 112896 0.01919078826904297 0.3545093536376953 0.0365598201751709
 113569 0.01932549476623535 0.3633918762207031 0.03681492805480957
 114244 0.019385814666748047 0.3600132465362549 0.03686094284057617
 114921 0.019494056701660156 0.3611876964569092 0.037209510803222656
 115600 0.01959967613220215 0.3698751926422119 0.03749227523803711
 116281 0.01969122886657715 0.3668668270111084 0.037723541259765625
 116964 0.01983332633972168 0.3714730739593506 0.03790116310119629
 117649 0.019984006881713867 0.37859582901000977 0.03823232650756836
 118336 0.020082712173461914 0.3770885467529297 0.038317203521728516
 119025 0.020250320434570312 0.37636613845825195 0.03853440284729004
 119716 0.020288467407226562 0.38737058639526367 0.038938045501708984
 120409 0.020414113998413086 0.38341546058654785 0.03907489776611328
 121104 0.020539522171020508 0.38575196266174316 0.03916454315185547
 121801 0.02064204216003418 0.3953421115875244 0.0400853157043457
 122500 0.020765066146850586 0.39150023460388184 0.03989100456237793
 123201 0.020915746688842773 0.3940470218658447 0.03982186317443848
 123904 0.021000385284423828 0.40439867973327637 0.0405881404876709
 124609 0.021126270294189453 0.398820161819458 0.04046750068664551
 125316 0.021278858184814453 0.4012472629547119 0.040570974349975586
 126025 0.021468400955200195 0.4114518165588379 0.041159629821777344
 126736 0.021439313888549805 0.4050891399383545 0.040894508361816406
 127449 0.021588563919067383 0.4112401008605957 0.04151749610900879
 128164 0.02173447608947754 0.41959547996520996 0.04223203659057617
 128881 0.021857738494873047 0.41503000259399414 0.04203295707702637
 129600 0.021985292434692383 0.4178164005279541 0.04214787483215332
 130321 0.022104501724243164 0.428865909576416 0.04235959053039551
 131044 0.022314786911010742 0.42374396324157715 0.04249143600463867
 131769 0.022366762161254883 0.4277637004852295 0.04297804832458496
 132496 0.022490262985229492 0.43491601943969727 0.04355764389038086
 133225 0.022677898406982422 0.43221211433410645 0.043424367904663086
 133956 0.02278590202331543 0.43355464935302734 0.04346513748168945
 134689 0.022866010665893555 0.44468021392822266 0.044060468673706055
 135424 0.022953271865844727 0.43799781799316406 0.04419207572937012
 136161 0.023096084594726562 0.4435100555419922 0.044286489486694336
 136900 0.023302316665649414 0.45398879051208496 0.04479527473449707
 137641 0.023334980010986328 0.44875121116638184 0.0445713996887207
 138384 0.023447036743164062 0.4533112049102783 0.04493260383605957
 139129 0.02363300323486328 0.4647512435913086 0.04549980163574219
 139876 0.023688077926635742 0.45662522315979004 0.04532027244567871
 140625 0.02388763427734375 0.4589066505432129 0.04582619667053223
 141376 0.024042606353759766 0.4703528881072998 0.04585123062133789
 142129 0.024090290069580078 0.46558475494384766 0.046478271484375
 142884 0.024198293685913086 0.467390775680542 0.0466158390045166
 143641 0.024347543716430664 0.4814324378967285 0.047054290771484375
 144400 0.024431467056274414 0.4741833209991455 0.04669642448425293
 145161 0.024621248245239258 0.4767801761627197 0.047171592712402344
 145924 0.024798154830932617 0.4898409843444824 0.047678470611572266
 146689 0.024936676025390625 0.4807431697845459 0.04764103889465332
 147456 0.025022268295288086 0.4860262870788574 0.04833340644836426
 148225 0.025151729583740234 0.497408390045166 0.04854249954223633
 148996 0.025292158126831055 0.49137210845947266 0.04851651191711426
 149769 0.02543330192565918 0.49511122703552246 0.048656463623046875
 150544 0.025635480880737305 0.5092291831970215 0.049138784408569336
 151321 0.02564239501953125 0.5036084651947021 0.049266815185546875
 152100 0.025841951370239258 0.5042953491210938 0.0498964786529541
 152881 0.025976896286010742 0.5180842876434326 0.05005645751953125
 153664 0.026043176651000977 0.5096259117126465 0.04991745948791504
 154449 0.026175975799560547 0.5145196914672852 0.05034971237182617
 155236 0.02638840675354004 0.527472734451294 0.05115032196044922
 156025 0.026484251022338867 0.5186517238616943 0.05082869529724121
 156816 0.02660083770751953 0.5230271816253662 0.05095386505126953
 157609 0.026797771453857422 0.5365340709686279 0.052047014236450195
 158404 0.026836872100830078 0.5312840938568115 0.05150723457336426
 159201 0.027064800262451172 0.5345487594604492 0.05202603340148926
 160000 0.02717757225036621 0.5439469814300537 0.05208396911621094
 160801 0.027260780334472656 0.5378928184509277 0.052913665771484375
 161604 0.027416706085205078 0.5428104400634766 0.05288577079772949
 162409 0.027618408203125 0.55391526222229 0.053287506103515625
 163216 0.027748823165893555 0.5471537113189697 0.053392648696899414
 164025 0.027823686599731445 0.5523800849914551 0.053511857986450195
 164836 0.028005123138427734 0.5677986145019531 0.0537714958190918
 165649 0.02837538719177246 0.5585112571716309 0.05437135696411133
 166464 0.028298377990722656 0.5569198131561279 0.0543971061706543
 167281 0.02843451499938965 0.5742363929748535 0.05550026893615723
 168100 0.02856302261352539 0.5638668537139893 0.055072784423828125
 168921 0.028741121292114258 0.5697305202484131 0.05513954162597656
 169744 0.02886033058166504 0.5822973251342773 0.05560636520385742
 170569 0.02902841567993164 0.5770652294158936 0.05555391311645508
 171396 0.029073476791381836 0.578587532043457 0.055747032165527344
 172225 0.02923274040222168 0.5955545902252197 0.05605363845825195
 173056 0.029434919357299805 0.5873794555664062 0.05654025077819824
 173889 0.029626131057739258 0.5878162384033203 0.05665254592895508
 174724 0.029701709747314453 0.6065747737884521 0.05727434158325195
 175561 0.029831409454345703 0.5948712825775146 0.05734729766845703
 176400 0.030009031295776367 0.6000304222106934 0.057405710220336914
 177241 0.03009819984436035 0.6183233261108398 0.0584111213684082
 178084 0.030344247817993164 0.6056699752807617 0.057769775390625
 178929 0.030411958694458008 0.6098117828369141 0.05846571922302246
 179776 0.030678272247314453 0.6282155513763428 0.05918598175048828
 180625 0.03067493438720703 0.614234209060669 0.0589299201965332
 181476 0.03079819679260254 0.6203827857971191 0.059006690979003906
 182329 0.03104400634765625 0.6392388343811035 0.06009650230407715
 183184 0.03110218048095703 0.6273863315582275 0.05978870391845703
 184041 0.031286001205444336 0.6300268173217773 0.060101985931396484
 184900 0.0313723087310791 0.6461460590362549 0.06124472618103027
 185761 0.031499385833740234 0.6351962089538574 0.06062173843383789
 186624 0.03167104721069336 0.6424560546875 0.060896873474121094
 187489 0.03210186958312988 0.6640594005584717 0.061724185943603516
 188356 0.03197026252746582 0.6477193832397461 0.06151556968688965
 189225 0.03214907646179199 0.6494648456573486 0.06148958206176758
 190096 0.03236865997314453 0.6696701049804688 0.062372446060180664
 190969 0.03250455856323242 0.6610479354858398 0.06235861778259277
 191844 0.03254437446594238 0.658409833908081 0.06261110305786133
 192721 0.032790422439575195 0.6833465099334717 0.06330418586730957
 193600 0.03286457061767578 0.6683492660522461 0.06302213668823242
 194481 0.03300809860229492 0.6716187000274658 0.06358671188354492
 195364 0.033380746841430664 0.6898572444915771 0.06430292129516602
 196249 0.0333101749420166 0.6793839931488037 0.06420660018920898
 197136 0.03355145454406738 0.6798286437988281 0.0644083023071289
 198025 0.03362774848937988 0.7038719654083252 0.06525588035583496
 198916 0.03379702568054199 0.6900391578674316 0.06494712829589844
 199809 0.033983707427978516 0.6935098171234131 0.06514906883239746
 200704 0.034096717834472656 0.7140414714813232 0.06615304946899414
 201601 0.034226179122924805 0.7007808685302734 0.06590056419372559
 202500 0.03439140319824219 0.7034275531768799 0.06613373756408691
 203401 0.03454089164733887 0.7220349311828613 0.06717467308044434
 204304 0.03470277786254883 0.7095189094543457 0.06667494773864746
 205209 0.034932851791381836 0.7167325019836426 0.06696557998657227
 206116 0.03508329391479492 0.7360868453979492 0.06837916374206543
 207025 0.035164594650268555 0.7194197177886963 0.0678253173828125
 207936 0.035234689712524414 0.7283642292022705 0.06790924072265625
 208849 0.03550863265991211 0.7510685920715332 0.06886410713195801
 209764 0.03569197654724121 0.7360630035400391 0.06856322288513184
 210681 0.035732269287109375 0.736485481262207 0.0688021183013916
 211600 0.036121368408203125 0.7614195346832275 0.06981062889099121
 212521 0.03608584403991699 0.7449929714202881 0.06937599182128906
 213444 0.0362086296081543 0.7497732639312744 0.0695950984954834
 214369 0.036460161209106445 0.7715916633605957 0.07044363021850586
 215296 0.0365140438079834 0.7554447650909424 0.07014322280883789
 216225 0.036754608154296875 0.7583770751953125 0.07105898857116699
 217156 0.03685808181762695 0.7794370651245117 0.0711219310760498
 218089 0.037046194076538086 0.7686121463775635 0.07154250144958496
 219024 0.03714346885681152 0.7688241004943848 0.07187867164611816
 219961 0.0373682975769043 0.7969887256622314 0.07211899757385254
 220900 0.03747916221618652 0.7825839519500732 0.07256293296813965
 221841 0.03760981559753418 0.7825503349304199 0.07270526885986328
 222784 0.03789710998535156 0.8038437366485596 0.07275748252868652
 223729 0.038007497787475586 0.7916274070739746 0.07345199584960938
 224676 0.038156986236572266 0.7947452068328857 0.0738215446472168
 225625 0.03834795951843262 0.8232643604278564 0.07381868362426758
 226576 0.0384669303894043 0.8054120540618896 0.07415437698364258
 227529 0.03864574432373047 0.8092219829559326 0.07468557357788086
 228484 0.03893780708312988 0.833155632019043 0.07477569580078125
 229441 0.039015769958496094 0.8181314468383789 0.07545113563537598
 230400 0.03934931755065918 0.8217825889587402 0.07577943801879883
 231361 0.03937816619873047 0.8478708267211914 0.07618498802185059
 232324 0.03947734832763672 0.823486328125 0.07595205307006836
 233289 0.039743900299072266 0.8343117237091064 0.07619428634643555
 234256 0.03985404968261719 0.8616199493408203 0.0773782730102539
 235225 0.04004311561584473 0.835822582244873 0.07735228538513184
 236196 0.040257930755615234 0.8432481288909912 0.07700252532958984
 237169 0.040299177169799805 0.8730795383453369 0.07851362228393555
 238144 0.04062938690185547 0.852017879486084 0.07779121398925781
 239121 0.04060983657836914 0.8545091152191162 0.07822728157043457
 240100 0.0408024787902832 0.8843424320220947 0.07921957969665527
 241081 0.041060447692871094 0.8617088794708252 0.07885169982910156
 242064 0.04113435745239258 0.8682839870452881 0.07900691032409668
 243049 0.04135847091674805 0.8969740867614746 0.07969474792480469
 244036 0.04143333435058594 0.8777010440826416 0.08194398880004883
 245025 0.0416867733001709 0.8775794506072998 0.08062005043029785
 246016 0.04196572303771973 0.9105160236358643 0.08023190498352051
 247009 0.04210257530212402 0.8878645896911621 0.08103537559509277
 248004 0.042135000228881836 0.892214298248291 0.08134341239929199
 249001 0.0491483211517334 0.9209737777709961 0.08312010765075684
 250000 0.04242420196533203 0.9012160301208496 0.08218765258789062
 251001 0.04268002510070801 0.9029865264892578 0.08254051208496094
 252004 0.04294919967651367 0.9408791065216064 0.08420300483703613
 253009 0.04294085502624512 0.9102404117584229 0.08324241638183594
 254016 0.043250322341918945 0.9157850742340088 0.08351612091064453
 255025 0.0435338020324707 0.9474887847900391 0.08495831489562988
 256036 0.043450117111206055 0.9257187843322754 0.08466434478759766
 257049 0.043820858001708984 0.9295766353607178 0.08468866348266602
 258064 0.043880462646484375 0.9656298160552979 0.08662962913513184
 259081 0.044046640396118164 0.9410240650177002 0.08486270904541016
 260100 0.04427480697631836 0.9426958560943604 0.08571696281433105
 261121 0.044576168060302734 0.9772181510925293 0.08697247505187988
 262144 0.04459333419799805 0.9573755264282227 0.08543133735656738
 263169 0.04470467567443848 0.9589452743530273 0.0860586166381836
 264196 0.04486346244812012 0.9910838603973389 0.08717775344848633
 265225 0.04518246650695801 0.9684116840362549 0.08659696578979492
 266256 0.04523921012878418 0.9686994552612305 0.08706331253051758
 267289 0.04562973976135254 1.005098581314087 0.08809638023376465
 268324 0.045700788497924805 0.9819984436035156 0.08771133422851562
 269361 0.045851707458496094 0.9865503311157227 0.08800244331359863
 270400 0.046137094497680664 1.021141529083252 0.08903336524963379
 271441 0.04626727104187012 0.9901223182678223 0.08824801445007324
 272484 0.04632449150085449 0.9957787990570068 0.0895848274230957
 273529 0.04649615287780762 1.0306510925292969 0.08982133865356445
 274576 0.04682612419128418 1.0054237842559814 0.08966684341430664
 275625 0.04695272445678711 1.003551959991455 0.09041261672973633
 276676 0.047064781188964844 1.0451655387878418 0.09084224700927734
 277729 0.047304391860961914 1.0189290046691895 0.09037590026855469
 278784 0.0473630428314209 1.021867036819458 0.09124135971069336
 279841 0.04768967628479004 1.0573582649230957 0.09286880493164062
 280900 0.04782748222351074 1.033137321472168 0.09150528907775879
 281961 0.0478971004486084 1.0351903438568115 0.09187102317810059
 283024 0.04814600944519043 1.072293758392334 0.09340739250183105
 284089 0.048310279846191406 1.0461781024932861 0.09323477745056152
 285156 0.048598289489746094 1.0519402027130127 0.09317302703857422
 286225 0.04882645606994629 1.0850822925567627 0.09432673454284668
 287296 0.04878520965576172 1.059131383895874 0.09374713897705078
 288369 0.049046993255615234 1.0623958110809326 0.09465861320495605
 289444 0.04931211471557617 1.1104693412780762 0.09526777267456055
 290521 0.0495610237121582 1.070857048034668 0.09463930130004883
 291600 0.04968452453613281 1.08304762840271 0.09515666961669922
 292681 0.04993247985839844 1.1160221099853516 0.09667348861694336
 293764 0.0499114990234375 1.0847423076629639 0.09569835662841797
 294849 0.05021786689758301 1.0920977592468262 0.09673023223876953
 295936 0.05119442939758301 1.138153076171875 0.09680366516113281
 297025 0.0512232780456543 1.1072864532470703 0.09757661819458008
 298116 0.051300764083862305 1.1071250438690186 0.09784793853759766
 299209 0.051462411880493164 1.1469824314117432 0.09774065017700195
 300304 0.05164504051208496 1.1191132068634033 0.0988152027130127
 301401 0.05183529853820801 1.1257681846618652 0.09949707984924316
 302500 0.05200910568237305 1.1659982204437256 0.09868144989013672
 303601 0.05219125747680664 1.1277821063995361 0.09952640533447266
 304704 0.0525662899017334 1.1393251419067383 0.10098385810852051
 305809 0.05263257026672363 1.1777243614196777 0.0998082160949707
 306916 0.05275106430053711 1.1492908000946045 0.1009824275970459
 308025 0.05290412902832031 1.1467061042785645 0.10100841522216797
 309136 0.05328488349914551 1.196981430053711 0.10099458694458008
 310249 0.05338406562805176 1.158921480178833 0.10190415382385254
 311364 0.05358386039733887 1.16371750831604 0.10229039192199707
 312481 0.05376553535461426 1.2049589157104492 0.1020054817199707
 313600 0.05391502380371094 1.1758830547332764 0.10303139686584473
 314721 0.05407428741455078 1.1710786819458008 0.10349440574645996
 315844 0.05434060096740723 1.2286498546600342 0.1030418872833252
 316969 0.05464291572570801 1.1930949687957764 0.10411262512207031
 318096 0.05464005470275879 1.1958413124084473 0.1046910285949707
 319225 0.05495715141296387 1.2359910011291504 0.10434532165527344
 320356 0.055089473724365234 1.1974120140075684 0.10537266731262207
 321489 0.055205583572387695 1.2156903743743896 0.10561537742614746
 322624 0.055572509765625 1.2542331218719482 0.1054079532623291
 323761 0.0557558536529541 1.2172956466674805 0.10690546035766602
 324900 0.0560297966003418 1.2267892360687256 0.10680198669433594
 326041 0.05627250671386719 1.2667622566223145 0.10643315315246582
 327184 0.05649542808532715 1.2326767444610596 0.1073465347290039
 328329 0.056429147720336914 1.2421753406524658 0.10814094543457031
 329476 0.05683326721191406 1.2857346534729004 0.10739707946777344
 330625 0.05684328079223633 1.2482457160949707 0.10863208770751953
 331776 0.057103872299194336 1.2502400875091553 0.10899019241333008
 332929 0.05739283561706543 1.29569673538208 0.10883665084838867
 334084 0.05744528770446777 1.2669260501861572 0.10979008674621582
 335241 0.05759167671203613 1.266648292541504 0.11060738563537598
 336400 0.05804586410522461 1.3247506618499756 0.11069488525390625
 337561 0.05800294876098633 1.2753019332885742 0.11069393157958984
 338724 0.058335304260253906 1.282273292541504 0.11104202270507812
 339889 0.058591604232788086 1.3281137943267822 0.11121773719787598
 341056 0.05867338180541992 1.2951874732971191 0.11205911636352539
 342225 0.058823585510253906 1.2990739345550537 0.11241769790649414
 343396 0.059275150299072266 1.3510591983795166 0.11204743385314941
 344569 0.059163570404052734 1.3163480758666992 0.11289215087890625
 345744 0.05945086479187012 1.311678171157837 0.11366391181945801
 346921 0.059720754623413086 1.3670589923858643 0.11323666572570801
 348100 0.05991673469543457 1.3231496810913086 0.11411070823669434
 349281 0.06004524230957031 1.3346238136291504 0.11455297470092773
 350464 0.06026625633239746 1.3806326389312744 0.1143951416015625
 351649 0.06045842170715332 1.345984697341919 0.11549997329711914
 352836 0.06070828437805176 1.3517146110534668 0.11584019660949707
 354025 0.06110119819641113 1.3998651504516602 0.11544132232666016
 355216 0.06113028526306152 1.3610684871673584 0.11670112609863281
 356409 0.061246633529663086 1.3623270988464355 0.11704254150390625
 357604 0.061458587646484375 1.415790319442749 0.11679625511169434
 358801 0.06172513961791992 1.3780524730682373 0.1177835464477539
 360000 0.061998605728149414 1.3817095756530762 0.11817789077758789
 361201 0.062284231185913086 1.4364535808563232 0.11775732040405273
 362404 0.062319040298461914 1.3931398391723633 0.11902785301208496
 363609 0.06257963180541992 1.399034023284912 0.11920166015625
 364816 0.06295633316040039 1.452523946762085 0.1191396713256836
 366025 0.06298327445983887 1.4047863483428955 0.11989498138427734
 367236 0.06319999694824219 1.4178979396820068 0.12016415596008301
 368449 0.06338715553283691 1.4582488536834717 0.12024307250976562
 369664 0.06365561485290527 1.4187259674072266 0.12147641181945801
 370881 0.06371641159057617 1.419929027557373 0.12181425094604492
 372100 0.06400179862976074 1.482508897781372 0.12153744697570801
 373321 0.0641934871673584 1.4308042526245117 0.12252330780029297
 374544 0.06443548202514648 1.446845293045044 0.12280058860778809
 375769 0.0647425651550293 1.5015203952789307 0.12181949615478516
 376996 0.06477189064025879 1.4604692459106445 0.12351632118225098
 378225 0.06509160995483398 1.4538586139678955 0.12394976615905762
 379456 0.06556367874145508 1.5207197666168213 0.12363719940185547
 380689 0.06559395790100098 1.4716780185699463 0.12511014938354492
 381924 0.06558370590209961 1.4796216487884521 0.12548208236694336
 383161 0.06593680381774902 1.5297067165374756 0.12621521949768066
 384400 0.06606292724609375 1.489609718322754 0.12623167037963867
 385641 0.06635046005249023 1.491931676864624 0.12556195259094238
 386884 0.06669759750366211 1.5582401752471924 0.1288917064666748
 388129 0.06676983833312988 1.5011968612670898 0.1283881664276123
 389376 0.06701898574829102 1.5088117122650146 0.12785959243774414
 390625 0.06725907325744629 1.5652437210083008 0.13003253936767578
 391876 0.06742978096008301 1.5154237747192383 0.12868189811706543
 393129 0.06764101982116699 1.5261783599853516 0.1293022632598877
 394384 0.06791257858276367 1.5895252227783203 0.1313002109527588
 395641 0.06827902793884277 1.5392308235168457 0.13003945350646973
 396900 0.06841373443603516 1.5438804626464844 0.1305842399597168
 398161 0.06870222091674805 1.5959899425506592 0.13251113891601562
 399424 0.0686044692993164 1.5558810234069824 0.13121652603149414
 400689 0.06890392303466797 1.5582973957061768 0.1305680274963379
 401956 0.0691826343536377 1.62506103515625 0.13223624229431152
 403225 0.06920647621154785 1.578665018081665 0.1313176155090332
 404496 0.06981873512268066 1.5774803161621094 0.1325845718383789
 405769 0.06993889808654785 1.6416294574737549 0.13244915008544922
 407044 0.07006001472473145 1.585519552230835 0.13322782516479492
 408321 0.07054543495178223 1.592275857925415 0.1335771083831787
 409600 0.07059073448181152 1.6600689888000488 0.13369441032409668
 410881 0.07074546813964844 1.612938404083252 0.13562321662902832
 412164 0.07088446617126465 1.6141974925994873 0.13543987274169922
 413449 0.07119107246398926 1.675173044204712 0.13452911376953125
 414736 0.07134842872619629 1.616771936416626 0.13634181022644043
 416025 0.07144570350646973 1.627821683883667 0.13631463050842285
 417316 0.07185053825378418 1.6908740997314453 0.13855576515197754
 418609 0.07396507263183594 1.6323347091674805 0.13711309432983398
 419904 0.07426643371582031 1.645240306854248 0.13748431205749512
 421201 0.07475066184997559 1.7148127555847168 0.1400465965270996
 422500 0.07467794418334961 1.660545825958252 0.1379101276397705
 423801 0.07490348815917969 1.6603541374206543 0.13833999633789062
 425104 0.07531404495239258 1.7380893230438232 0.13827776908874512
 426409 0.07539987564086914 1.6743924617767334 0.13924288749694824
 427716 0.07564997673034668 1.6899664402008057 0.13968968391418457
 429025 0.07564806938171387 1.7492353916168213 0.13961243629455566
 430336 0.07602906227111816 1.68904447555542 0.14091920852661133
 431649 0.07609128952026367 1.6969201564788818 0.1409604549407959
 432964 0.07651901245117188 1.7743911743164062 0.1408677101135254
 434281 0.07720422744750977 1.708261489868164 0.1421828269958496
 435600 0.07691788673400879 1.7118306159973145 0.14206671714782715
 436921 0.07709717750549316 1.7871248722076416 0.14183306694030762
 438244 0.0773460865020752 1.7293834686279297 0.14277029037475586
 439569 0.07750916481018066 1.7327415943145752 0.14460420608520508
 440896 0.07789349555969238 1.819406509399414 0.14326119422912598
 442225 0.07823920249938965 1.7402606010437012 0.1443934440612793
 443556 0.07829809188842773 1.746629238128662 0.14479303359985352
 444889 0.07856321334838867 1.8307325839996338 0.14463424682617188
 446224 0.07876896858215332 1.768690824508667 0.14696359634399414
 447561 0.07903027534484863 1.777655839920044 0.1454768180847168
 448900 0.07932233810424805 1.8596925735473633 0.1471114158630371
 450241 0.07945632934570312 1.781667709350586 0.14639997482299805
 451584 0.07977843284606934 1.7924199104309082 0.14661550521850586
 452929 0.08000636100769043 1.8678107261657715 0.14955520629882812
 454276 0.08011269569396973 1.800142765045166 0.1474452018737793
 455625 0.08080720901489258 1.8042724132537842 0.14786195755004883
 456976 0.0806279182434082 1.885939598083496 0.14993834495544434
 458329 0.08078861236572266 1.8147525787353516 0.1488349437713623
 459684 0.08098936080932617 1.8308699131011963 0.14915823936462402
 461041 0.08124375343322754 1.8935718536376953 0.15111374855041504
 462400 0.0815126895904541 1.8353559970855713 0.15030455589294434
 463761 0.08177804946899414 1.8542864322662354 0.1503889560699463
 465124 0.0820624828338623 1.931190013885498 0.15259742736816406
 466489 0.0821237564086914 1.8579654693603516 0.1515498161315918
 467856 0.08249425888061523 1.8646020889282227 0.15184998512268066
 469225 0.08290243148803711 1.9361369609832764 0.15390992164611816
 470596 0.08319973945617676 1.8750076293945312 0.15205788612365723
 471969 0.08355331420898438 1.8953883647918701 0.1534569263458252
 473344 0.08357071876525879 1.9639770984649658 0.15495800971984863
 474721 0.08393216133117676 1.8914709091186523 0.15450716018676758
 476100 0.08405566215515137 1.9001712799072266 0.15457701683044434
 477481 0.08413338661193848 1.9733483791351318 0.15660881996154785
 478864 0.08409929275512695 1.9217453002929688 0.15496182441711426
 480249 0.08489251136779785 1.9110698699951172 0.15588045120239258
 481636 0.08501219749450684 1.996272087097168 0.15800118446350098
 483025 0.08503246307373047 1.9346749782562256 0.15697121620178223
 484416 0.08529043197631836 1.9369759559631348 0.15740966796875
 485809 0.08562564849853516 2.0134963989257812 0.15935683250427246
 487204 0.08563661575317383 1.9534509181976318 0.15791654586791992
 488601 0.0861656665802002 1.9671883583068848 0.1583998203277588
 490000 0.0863487720489502 2.045323610305786 0.16006827354431152
 491401 0.08663105964660645 1.9715542793273926 0.15923547744750977
 492804 0.08701181411743164 1.9770162105560303 0.1598644256591797
 494209 0.0871117115020752 2.0528342723846436 0.16192102432250977
 495616 0.08720040321350098 1.998030424118042 0.16066312789916992
 497025 0.08753466606140137 1.9947996139526367 0.16168737411499023
 498436 0.08781719207763672 2.08976149559021 0.16347169876098633
 499849 0.08818364143371582 2.005697727203369 0.16220808029174805
 501264 0.0881805419921875 2.018754482269287 0.16253113746643066
 502681 0.08860421180725098 2.104806661605835 0.1650681495666504
 504100 0.08907508850097656 2.0378353595733643 0.16321086883544922
 505521 0.08922529220581055 2.0417394638061523 0.1638636589050293
 506944 0.08929157257080078 2.1276464462280273 0.16599273681640625
 508369 0.08962154388427734 2.0415916442871094 0.1651782989501953
 509796 0.08966946601867676 2.0657262802124023 0.16590166091918945
 511225 0.09011292457580566 2.1477115154266357 0.16581034660339355
 512656 0.09024715423583984 2.0723562240600586 0.1673593521118164
 514089 0.09052801132202148 2.0712618827819824 0.1678476333618164
 515524 0.09062480926513672 2.1613399982452393 0.1673581600189209
 516961 0.09090971946716309 2.08866548538208 0.1683363914489746
 518400 0.09134674072265625 2.1094844341278076 0.16954779624938965
 519841 0.09186267852783203 2.1828997135162354 0.16849946975708008
 521284 0.09171319007873535 2.1091372966766357 0.16988420486450195
 522729 0.09198427200317383 2.121906280517578 0.17056798934936523
 524176 0.09231734275817871 2.2130191326141357 0.17015886306762695
 525625 0.0924372673034668 2.137383460998535 0.17132139205932617
 527076 0.09292221069335938 2.1403732299804688 0.17200493812561035
 528529 0.09289169311523438 2.220480442047119 0.17120027542114258
 529984 0.09319925308227539 2.153259754180908 0.1729435920715332
 531441 0.09325456619262695 2.1588845252990723 0.17351317405700684
 532900 0.09392166137695312 2.246785879135132 0.1730639934539795
 534361 0.09397435188293457 2.167741060256958 0.1741623878479004
 535824 0.09433555603027344 2.1863458156585693 0.1744403839111328
 537289 0.09433627128601074 2.2680654525756836 0.17409133911132812
 538756 0.09486055374145508 2.190152168273926 0.1757347583770752
 540225 0.0947718620300293 2.199583053588867 0.17674827575683594
 541696 0.09532451629638672 2.2898361682891846 0.17549490928649902
 543169 0.09550261497497559 2.220195770263672 0.17711901664733887
 544644 0.0958106517791748 2.2210865020751953 0.1779799461364746
 546121 0.09620237350463867 2.3155667781829834 0.17698359489440918
 547600 0.09621357917785645 2.226767063140869 0.1784658432006836
 549081 0.0963437557220459 2.2505626678466797 0.17908430099487305
 550564 0.09692859649658203 2.3400440216064453 0.17885684967041016
 552049 0.09689521789550781 2.253096580505371 0.18083906173706055
 553536 0.09736752510070801 2.2684504985809326 0.1804947853088379
 555025 0.09760832786560059 2.3553009033203125 0.17943215370178223
 556516 0.09776926040649414 2.278716564178467 0.1816856861114502
 558009 0.09802031517028809 2.287928342819214 0.1820511817932129
 559504 0.09826970100402832 2.376103401184082 0.18521428108215332
 561001 0.09846091270446777 2.286734104156494 0.18315625190734863
 562500 0.09885501861572266 2.2986977100372314 0.18369293212890625
 564001 0.09914088249206543 2.4039340019226074 0.18680286407470703
 565504 0.10660648345947266 2.3218841552734375 0.18405604362487793
 567009 0.09961509704589844 2.3327300548553467 0.18508148193359375
 568516 0.09978079795837402 2.4172654151916504 0.18812155723571777
 570025 0.10021305084228516 2.3348560333251953 0.18564128875732422
 571536 0.10043764114379883 2.350191354751587 0.18648648262023926
 573049 0.10075950622558594 2.44507098197937 0.18967819213867188
 574564 0.10096025466918945 2.3621864318847656 0.18664789199829102
 576081 0.10113096237182617 2.3669016361236572 0.1863694190979004
 577600 0.10162639617919922 2.4629409313201904 0.1887509822845459
 579121 0.1016850471496582 2.3867788314819336 0.18798542022705078
 580644 0.10201144218444824 2.3893985748291016 0.18865084648132324
 582169 0.10242772102355957 2.4951162338256836 0.18880987167358398
 583696 0.10239243507385254 2.40090274810791 0.1903989315032959
 585225 0.10300040245056152 2.4058783054351807 0.19103455543518066
 586756 0.10308218002319336 2.507066011428833 0.19017267227172852
 588289 0.10336136817932129 2.40805721282959 0.19204354286193848
 589824 0.10363197326660156 2.438932180404663 0.19211959838867188
 591361 0.10398530960083008 2.5303924083709717 0.1914384365081787
 592900 0.1039736270904541 2.436614990234375 0.1935896873474121
 594441 0.10452604293823242 2.456976890563965 0.19350242614746094
 595984 0.10461711883544922 2.5537755489349365 0.19436264038085938
 597529 0.10498738288879395 2.4711170196533203 0.19336867332458496
 599076 0.10511541366577148 2.475811243057251 0.19391846656799316
 600625 0.10542416572570801 2.5798513889312744 0.19608855247497559
 602176 0.10578227043151855 2.4947969913482666 0.19536614418029785
 603729 0.10585570335388184 2.491579055786133 0.19727611541748047
 605284 0.10632777214050293 2.5881099700927734 0.19652605056762695
 606841 0.10655832290649414 2.519915819168091 0.19792795181274414
 608400 0.10680150985717773 2.51595139503479 0.19801616668701172
 609961 0.10693025588989258 2.630769729614258 0.19732093811035156
 611524 0.10759663581848145 2.5343048572540283 0.1992783546447754
 613089 0.10762882232666016 2.5342800617218018 0.19978761672973633
 614656 0.10777854919433594 2.6434123516082764 0.19945049285888672
 616225 0.10813665390014648 2.5553486347198486 0.20122885704040527
 617796 0.10839247703552246 2.5607168674468994 0.20096039772033691
 619369 0.10873699188232422 2.667904853820801 0.20098662376403809
 620944 0.10908675193786621 2.5830180644989014 0.2023611068725586
 622521 0.10921716690063477 2.5831923484802246 0.20274710655212402
 624100 0.10950040817260742 2.6922237873077393 0.20188570022583008
 625681 0.1095418930053711 2.5984997749328613 0.20371747016906738
 627264 0.10996031761169434 2.6114351749420166 0.20421218872070312
 628849 0.11050295829772949 2.7203314304351807 0.20337891578674316
 630436 0.11066865921020508 2.622608184814453 0.20554494857788086
 632025 0.11107873916625977 2.635235071182251 0.2057945728302002
 633616 0.11122250556945801 2.74615740776062 0.20459461212158203
 635209 0.11138367652893066 2.636543035507202 0.2074267864227295
 636804 0.11167454719543457 2.6428842544555664 0.20774316787719727
 638401 0.11200952529907227 2.7565364837646484 0.2069258689880371
 640000 0.11232948303222656 2.6656947135925293 0.20901131629943848
 641601 0.11266469955444336 2.671264410018921 0.20935297012329102
 643204 0.11301612854003906 2.7819912433624268 0.20784997940063477
 644809 0.11306452751159668 2.6909265518188477 0.20979714393615723
 646416 0.11341333389282227 2.701770544052124 0.21037936210632324
 648025 0.11381316184997559 2.810723066329956 0.20966196060180664
 649636 0.11382627487182617 2.7149837017059326 0.21152877807617188
 651249 0.1140439510345459 2.7262816429138184 0.21192574501037598
 652864 0.11451411247253418 2.8418216705322266 0.21270060539245605
 654481 0.1145939826965332 2.7476019859313965 0.2114558219909668
 656100 0.1148366928100586 2.750284433364868 0.2122189998626709
 657721 0.11560249328613281 2.8525993824005127 0.21495676040649414
 659344 0.11570906639099121 2.765044689178467 0.21335721015930176
 660969 0.11594080924987793 2.765655040740967 0.21390867233276367
 662596 0.11617612838745117 2.873431921005249 0.2165513038635254
 664225 0.11637473106384277 2.7874906063079834 0.21555733680725098
 665856 0.11651897430419922 2.793154001235962 0.2155005931854248
 667489 0.11709046363830566 2.914980411529541 0.21811437606811523
 669124 0.11726498603820801 2.8102822303771973 0.21690893173217773
 670761 0.11756467819213867 2.819321393966675 0.2168126106262207
 672400 0.11798286437988281 2.92340087890625 0.21999573707580566
 674041 0.11816048622131348 2.829766035079956 0.21766185760498047
 675684 0.11833310127258301 2.8247718811035156 0.2187635898590088
 677329 0.1188201904296875 2.9645578861236572 0.221038818359375
 678976 0.1190938949584961 2.849721908569336 0.220778226852417
 680625 0.11914539337158203 2.851834535598755 0.22170615196228027
 682276 0.11968135833740234 2.974703550338745 0.22081232070922852
 683929 0.1198420524597168 2.887066125869751 0.2222578525543213
 685584 0.12000799179077148 2.8870131969451904 0.22340035438537598
 687241 0.12051582336425781 2.9988346099853516 0.22203731536865234
 688900 0.12065649032592773 2.902366876602173 0.22418570518493652
 690561 0.12094926834106445 2.905975341796875 0.22496962547302246
 692224 0.1212158203125 3.020766019821167 0.22355985641479492
 693889 0.12139701843261719 2.9348154067993164 0.22531604766845703
 695556 0.12164115905761719 2.9338972568511963 0.22601819038391113
 697225 0.1220550537109375 3.070861577987671 0.2260754108428955
 698896 0.12247395515441895 2.951975107192993 0.2273402214050293
 700569 0.12274336814880371 2.9631152153015137 0.22766971588134766
 702244 0.12299585342407227 3.065148115158081 0.2274491786956787
 703921 0.12321138381958008 2.982475519180298 0.22882485389709473
 705600 0.12363362312316895 2.979445695877075 0.22883033752441406
 707281 0.12387728691101074 3.112761974334717 0.2285456657409668
 708964 0.12462663650512695 2.994624137878418 0.2304995059967041
 710649 0.12468624114990234 3.012352228164673 0.23137736320495605
 712336 0.12481260299682617 3.12886381149292 0.23067378997802734
 714025 0.1248788833618164 3.009995460510254 0.23199176788330078
 715716 0.12523460388183594 3.027600049972534 0.23306632041931152
 717409 0.12560057640075684 3.1572468280792236 0.2319192886352539
 719104 0.1259136199951172 3.032461404800415 0.23363590240478516
 720801 0.12597036361694336 3.0540249347686768 0.23401403427124023
 722500 0.12647747993469238 3.1660735607147217 0.2329270839691162
 724201 0.12659478187561035 3.061971426010132 0.23549652099609375
 725904 0.1268606185913086 3.0845794677734375 0.23616266250610352
 727609 0.12718963623046875 3.2139060497283936 0.2352919578552246
 729316 0.12744879722595215 3.0965394973754883 0.23688030242919922
 731025 0.12756752967834473 3.108630418777466 0.23784828186035156
 732736 0.1282029151916504 3.220306634902954 0.23640775680541992
 734449 0.12840914726257324 3.1153719425201416 0.2381885051727295
 736164 0.128753662109375 3.1275012493133545 0.23879170417785645
 737881 0.12918424606323242 3.26471209526062 0.23884153366088867
 739600 0.12928080558776855 3.133357048034668 0.2401714324951172
 741321 0.1297469139099121 3.1566638946533203 0.2412574291229248
 743044 0.1303398609161377 3.2744107246398926 0.23966073989868164
 744769 0.13013768196105957 3.172139883041382 0.24237751960754395
 746496 0.13067221641540527 3.1734795570373535 0.24260616302490234
 748225 0.13071656227111816 3.3072712421417236 0.2417619228363037
 749956 0.1310405731201172 3.203512191772461 0.24494433403015137
 751689 0.13124394416809082 3.2065353393554688 0.24399805068969727
 753424 0.13176369667053223 3.335860013961792 0.2430415153503418
 755161 0.13196253776550293 3.225555896759033 0.24550986289978027
 756900 0.13245773315429688 3.2236337661743164 0.24614596366882324
 758641 0.1326768398284912 3.3665356636047363 0.24704527854919434
 760384 0.13290095329284668 3.248283624649048 0.24556684494018555
 762129 0.13334059715270996 3.2690463066101074 0.24570155143737793
 763876 0.13369154930114746 3.3781790733337402 0.24847960472106934
 765625 0.1338794231414795 3.272313117980957 0.24693036079406738
 767376 0.13398051261901855 3.2866153717041016 0.24757981300354004
 769129 0.13438630104064941 3.4156031608581543 0.24970555305480957
 770884 0.13465046882629395 3.299778938293457 0.24868345260620117
 772641 0.13500666618347168 3.303050994873047 0.24860644340515137
 774400 0.13530445098876953 3.4279580116271973 0.2521035671234131
 776161 0.13552308082580566 3.314683437347412 0.25091052055358887
 777924 0.13565373420715332 3.3277029991149902 0.2507021427154541
 779689 0.13626933097839355 3.46818470954895 0.2547268867492676
 781456 0.13637924194335938 3.3495912551879883 0.25145864486694336
 783225 0.13685226440429688 3.3491854667663574 0.2525935173034668
 784996 0.13737010955810547 3.487300395965576 0.25627636909484863
 786769 0.13754892349243164 3.374511957168579 0.253434419631958
 788544 0.13767313957214355 3.391097068786621 0.25339221954345703
 790321 0.13855719566345215 3.525838613510132 0.257098913192749
 792100 0.13856220245361328 3.40130352973938 0.25545811653137207
 793881 0.13872933387756348 3.4147167205810547 0.256242036819458
 795664 0.13931488990783691 3.5402164459228516 0.2594289779663086
 797449 0.13952350616455078 3.416999578475952 0.2577672004699707
 799236 0.13955211639404297 3.421091318130493 0.25847649574279785
 801025 0.14003491401672363 3.5731852054595947 0.2599020004272461
 802816 0.1402897834777832 3.4573442935943604 0.25987982749938965
 804609 0.14075303077697754 3.4555561542510986 0.2588987350463867
 806404 0.14111042022705078 3.598245859146118 0.26247692108154297
 808201 0.14114713668823242 3.485233783721924 0.26080942153930664
 810000 0.14142560958862305 3.492264986038208 0.26105260848999023
 811801 0.1417248249053955 3.6282241344451904 0.2641868591308594
 813604 0.1421644687652588 3.5093836784362793 0.26209306716918945
 815409 0.14251017570495605 3.5001749992370605 0.2628183364868164
 817216 0.14262151718139648 3.647456645965576 0.2657644748687744
 819025 0.1431267261505127 3.5275731086730957 0.26395535469055176
 820836 0.14332175254821777 3.539552688598633 0.2641732692718506
 822649 0.14381146430969238 3.690511465072632 0.2675511837005615
 824464 0.14371705055236816 3.5651931762695312 0.266155481338501
 826281 0.14439845085144043 3.572179079055786 0.2660810947418213
 828100 0.144822359085083 3.6890406608581543 0.2696652412414551
 829921 0.14495301246643066 3.5804708003997803 0.2669029235839844
 831744 0.14521265029907227 3.5881171226501465 0.26772618293762207
 833569 0.14551949501037598 3.7407493591308594 0.2711524963378906
 835396 0.14583349227905273 3.6157009601593018 0.2699253559112549
 837225 0.14652156829833984 3.6212565898895264 0.27021002769470215
 839056 0.14652180671691895 3.764814615249634 0.27304840087890625
 840889 0.14671039581298828 3.627786874771118 0.2711303234100342
 842724 0.14732050895690918 3.642930746078491 0.27132320404052734
 844561 0.1475834846496582 3.7855982780456543 0.27463626861572266
 846400 0.14773273468017578 3.6613073348999023 0.27260661125183105
 848241 0.1480424404144287 3.6622166633605957 0.27318644523620605
 850084 0.14871859550476074 3.80330753326416 0.27669811248779297
 851929 0.1488196849822998 3.692141056060791 0.2741682529449463
 853776 0.1490480899810791 3.6867783069610596 0.2749454975128174
 855625 0.14953875541687012 3.844158887863159 0.2783365249633789
 857476 0.14971303939819336 3.713700532913208 0.2758219242095947
 859329 0.1498715877532959 3.7333428859710693 0.27651500701904297
 861184 0.15062737464904785 3.875622034072876 0.27962327003479004
 863041 0.15054583549499512 3.73697829246521 0.28017544746398926
 864900 0.1511542797088623 3.754178524017334 0.27873826026916504
 866761 0.1514112949371338 3.9112210273742676 0.2820723056793213
 868624 0.151658296585083 3.7756946086883545 0.280179500579834
 870489 0.15233564376831055 3.7774932384490967 0.28077125549316406
 872356 0.15247440338134766 3.9246108531951904 0.28386735916137695
 874225 0.15254616737365723 3.8122336864471436 0.2810647487640381
 876096 0.15301132202148438 3.797632932662964 0.2825148105621338
 877969 0.15312576293945312 3.9598779678344727 0.28621387481689453
 879844 0.15346622467041016 3.822160482406616 0.28261280059814453
 881721 0.15379810333251953 3.8398945331573486 0.284320592880249
 883600 0.15431904792785645 3.9930503368377686 0.287064790725708
 885481 0.15439820289611816 3.8627700805664062 0.2873988151550293
 887364 0.15503168106079102 3.853118419647217 0.2862365245819092
 889249 0.15564179420471191 4.0117011070251465 0.28948426246643066
 891136 0.15548324584960938 3.880587339401245 0.2867755889892578
 893025 0.15585637092590332 3.8800532817840576 0.2883107662200928
 894916 0.1563563346862793 4.034484386444092 0.2910139560699463
 896809 0.156235933303833 3.9272212982177734 0.2882564067840576
 898704 0.15674781799316406 3.9242029190063477 0.28948068618774414
 900601 0.1573655605316162 4.082072973251343 0.29291653633117676
 902500 0.15752553939819336 3.9365127086639404 0.2902860641479492
 904401 0.15845513343811035 3.955061435699463 0.29096221923828125
 906304 0.15826797485351562 4.091298580169678 0.29437851905822754
 908209 0.1585090160369873 3.9636847972869873 0.293942928314209
 910116 0.15876126289367676 3.9863269329071045 0.2966179847717285
 912025 0.1592867374420166 4.143010139465332 0.2927665710449219
 913936 0.1594083309173584 3.9829695224761963 0.2965068817138672
 915849 0.15977096557617188 4.017314910888672 0.29544591903686523
 917764 0.16025781631469727 4.141697406768799 0.2964813709259033
 919681 0.16013216972351074 4.018132925033569 0.29750800132751465
 921600 0.1609022617340088 4.034893035888672 0.2990880012512207
 923521 0.16118335723876953 4.197701692581177 0.2972559928894043
 925444 0.16146039962768555 4.0395002365112305 0.29929184913635254
 927369 0.1618330478668213 4.0480797290802 0.3003804683685303
 929296 0.1621873378753662 4.210861682891846 0.2988007068634033
 931225 0.1623234748840332 4.081388235092163 0.30160093307495117
 933156 0.16288399696350098 4.0902934074401855 0.3019123077392578
 935089 0.16335344314575195 4.259508848190308 0.30174922943115234
 937024 0.16367530822753906 4.112025499343872 0.30341291427612305
 938961 0.16376256942749023 4.117538213729858 0.3040189743041992
 940900 0.16439557075500488 4.264604330062866 0.30234479904174805
 942841 0.16424870491027832 4.133572578430176 0.3048250675201416
 944784 0.1643528938293457 4.146555423736572 0.30563807487487793
 946729 0.16539335250854492 4.297999858856201 0.3043949604034424
 948676 0.1655120849609375 4.1581130027771 0.3076906204223633
 950625 0.16589760780334473 4.164450168609619 0.30760931968688965
 952576 0.16601204872131348 4.335789918899536 0.3066878318786621
 954529 0.1664271354675293 4.189358711242676 0.30854058265686035
 956484 0.16660642623901367 4.198122024536133 0.3096342086791992
 958441 0.1675729751586914 4.381609916687012 0.308396577835083
 960400 0.1674940586090088 4.228632688522339 0.3117954730987549
 962361 0.1680772304534912 4.22705602645874 0.3110978603363037
 964324 0.16836166381835938 4.4109110832214355 0.31036829948425293
 966289 0.16834115982055664 4.261868000030518 0.3124575614929199
 968256 0.16927766799926758 4.260237693786621 0.3128695487976074
 970225 0.16927075386047363 4.4306535720825195 0.31206250190734863
 972196 0.16926097869873047 4.280908584594727 0.3140292167663574
 974169 0.17017483711242676 4.28977370262146 0.3147742748260498
 976144 0.1708838939666748 4.4530251026153564 0.31485986709594727
 978121 0.17046904563903809 4.310701370239258 0.31710243225097656
 980100 0.17110800743103027 4.319455146789551 0.3168525695800781
 982081 0.17186784744262695 4.480620861053467 0.3153972625732422
 984064 0.17162609100341797 4.340085506439209 0.3184671401977539
 986049 0.17243361473083496 4.364114284515381 0.3195521831512451
 988036 0.17228960990905762 4.501060485839844 0.31745338439941406
 990025 0.17261171340942383 4.366813898086548 0.3209693431854248
 992016 0.17284798622131348 4.397232532501221 0.31987500190734863
 994009 0.17340588569641113 4.548184394836426 0.3222811222076416
 996004 0.17342376708984375 4.395873785018921 0.31999754905700684
 998001 0.17444491386413574 4.412503004074097 0.3211956024169922