
 9 1.33514404296875e-05 1.2636184692382812e-05 1.0013580322265625e-05
 16 1.0251998901367188e-05 1.2159347534179688e-05 1.0728836059570312e-05
 25 1.1444091796875e-05 1.71661376953125e-05 1.430511474609375e-05
 36 1.2874603271484375e-05 2.4318695068359375e-05 1.7642974853515625e-05
 49 1.4543533325195312e-05 3.24249267578125e-05 2.2411346435546875e-05
 64 1.6450881958007812e-05 4.3392181396484375e-05 2.7418136596679688e-05
 81 1.8835067749023438e-05 5.698204040527344e-05 3.314018249511719e-05
 100 2.1219253540039062e-05 7.128715515136719e-05 3.814697265625e-05
 121 2.4318695068359375e-05 8.940696716308594e-05 4.5299530029296875e-05
 144 2.7179718017578125e-05 0.0001068115234375 5.173683166503906e-05
 169 3.0040740966796875e-05 0.00013065338134765625 6.008148193359375e-05
 196 3.337860107421875e-05 0.00015878677368164062 6.771087646484375e-05
 225 3.695487976074219e-05 0.0001876354217529297 7.581710815429688e-05
 256 4.2438507080078125e-05 0.00021767616271972656 8.487701416015625e-05
 289 4.649162292480469e-05 0.0002510547637939453 9.655952453613281e-05
 324 5.1975250244140625e-05 0.0002853870391845703 0.00010585784912109375
 361 5.745887756347656e-05 0.0003266334533691406 0.00011706352233886719
 400 6.103515625e-05 0.0003693103790283203 0.0001289844512939453
 441 6.628036499023438e-05 0.0004184246063232422 0.0001418590545654297
 484 7.2479248046875e-05 0.0004687309265136719 0.0001556873321533203
 529 7.867813110351562e-05 0.0005247592926025391 0.00016951560974121094
 576 8.678436279296875e-05 0.0005877017974853516 0.00018453598022460938
 625 9.512901306152344e-05 0.0006735324859619141 0.0002048015594482422
 676 0.00010347366333007812 0.0007381439208984375 0.00022125244140625
 729 0.00011324882507324219 0.0008132457733154297 0.00024008750915527344
 784 0.00012254714965820312 0.0009007453918457031 0.0002574920654296875
 841 0.00013256072998046875 0.0009872913360595703 0.00028014183044433594
 900 0.0001423358917236328 0.0010833740234375 0.0002989768981933594
 961 0.00015354156494140625 0.0011830329895019531 0.0003199577331542969
 1024 0.0001633167266845703 0.0012822151184082031 0.00035452842712402344
 1089 0.00017595291137695312 0.0014004707336425781 0.0003638267517089844
 1156 0.00018548965454101562 0.0015082359313964844 0.00038695335388183594
 1225 0.00019741058349609375 0.0016295909881591797 0.0004127025604248047
 1296 0.00020933151245117188 0.0017447471618652344 0.0004363059997558594
 1369 0.00022292137145996094 0.0018723011016845703 0.00046181678771972656
 1444 0.00023484230041503906 0.0020003318786621094 0.0004870891571044922
 1521 0.0002486705780029297 0.0021600723266601562 0.0005173683166503906
 1600 0.0002617835998535156 0.002283334732055664 0.0005414485931396484
 1681 0.0002760887145996094 0.0024271011352539062 0.0005738735198974609
 1764 0.00029015541076660156 0.0025818347930908203 0.0006053447723388672
 1849 0.00030493736267089844 0.00273895263671875 0.0006310939788818359
 1936 0.0003178119659423828 0.002919435501098633 0.0006635189056396484
 2025 0.0003345012664794922 0.003083944320678711 0.0006918907165527344
 2116 0.00036263465881347656 0.0032498836517333984 0.0007240772247314453
 2209 0.00037741661071777344 0.0034291744232177734 0.00075531005859375
 2304 0.0003819465637207031 0.0036115646362304688 0.0007879734039306641
 2401 0.0003981590270996094 0.0038001537322998047 0.0008244514465332031
 2500 0.00041484832763671875 0.003996849060058594 0.0008561611175537109
 2601 0.0004305839538574219 0.004190206527709961 0.0008869171142578125
 2704 0.0004494190216064453 0.004393577575683594 0.00092315673828125
 2809 0.0004673004150390625 0.00461888313293457 0.0009627342224121094
 2916 0.0004856586456298828 0.004820823669433594 0.0009963512420654297
 3025 0.0005042552947998047 0.005048036575317383 0.001033782958984375
 3136 0.0005223751068115234 0.005276679992675781 0.0010685920715332031
 3249 0.0005419254302978516 0.0055179595947265625 0.0011057853698730469
 3364 0.0005609989166259766 0.005741119384765625 0.0011544227600097656
 3481 0.0006165504455566406 0.005981922149658203 0.0011837482452392578
 3600 0.0005998611450195312 0.006252765655517578 0.001224517822265625
 3721 0.0006771087646484375 0.006484270095825195 0.0012636184692382812
 3844 0.0006442070007324219 0.006763935089111328 0.0012974739074707031
 3969 0.0007083415985107422 0.0070247650146484375 0.0013513565063476562
 4096 0.0006861686706542969 0.007322072982788086 0.0013954639434814453
 4225 0.0007519721984863281 0.007575035095214844 0.0014240741729736328
 4356 0.0007305145263671875 0.007871389389038086 0.0014812946319580078
 4489 0.0008025169372558594 0.008144617080688477 0.0015189647674560547
 4624 0.0007753372192382812 0.008439779281616211 0.0015561580657958984
 4761 0.0008537769317626953 0.008749723434448242 0.0016179084777832031
 4900 0.0008227825164794922 0.009037494659423828 0.0017015933990478516
 5041 0.0009024143218994141 0.009357213973999023 0.0017027854919433594
 5184 0.0008702278137207031 0.009675979614257812 0.0017538070678710938
 5329 0.0009546279907226562 0.010024785995483398 0.001809835433959961
 5476 0.0009207725524902344 0.010335683822631836 0.0018346309661865234
 5625 0.001008749008178711 0.010699033737182617 0.001895904541015625
 5776 0.0009694099426269531 0.011032819747924805 0.0019388198852539062
 5929 0.0009963512420654297 0.011382102966308594 0.0019850730895996094
 6084 0.0010221004486083984 0.011718511581420898 0.0020575523376464844
 6241 0.0010504722595214844 0.012082338333129883 0.0021047592163085938
 6400 0.0010857582092285156 0.012432575225830078 0.002144336700439453
 6561 0.001102447509765625 0.012829780578613281 0.0022034645080566406
 6724 0.0011298656463623047 0.013231277465820312 0.0022563934326171875
 6889 0.001157522201538086 0.013587474822998047 0.0023088455200195312
 7056 0.0011861324310302734 0.013990402221679688 0.002368927001953125
 7225 0.0012216567993164062 0.014367103576660156 0.0024251937866210938
 7396 0.0012404918670654297 0.014799833297729492 0.002469301223754883
 7569 0.0012698173522949219 0.015203237533569336 0.0025336742401123047
 7744 0.0012955665588378906 0.015703916549682617 0.002596139907836914
 7921 0.0013322830200195312 0.016072750091552734 0.002650737762451172
 8100 0.001361846923828125 0.016469478607177734 0.0027246475219726562
 8281 0.0013954639434814453 0.016915082931518555 0.0027599334716796875
 8464 0.0014216899871826172 0.01733231544494629 0.002814054489135742
 8649 0.0014538764953613281 0.017788410186767578 0.0028815269470214844
 8836 0.0014786720275878906 0.018257617950439453 0.002941131591796875
 9025 0.0015177726745605469 0.018712759017944336 0.0029900074005126953
 9216 0.00154876708984375 0.019176959991455078 0.0031092166900634766
 9409 0.0015821456909179688 0.01963663101196289 0.003141164779663086
 9604 0.0016164779663085938 0.02013683319091797 0.0031707286834716797
 9801 0.0016484260559082031 0.020596981048583984 0.003263235092163086
 10000 0.0016810894012451172 0.021094083786010742 0.0033228397369384766
 10201 0.001714944839477539 0.02162003517150879 0.0033791065216064453
 10404 0.0017495155334472656 0.02209162712097168 0.0034613609313964844
 10609 0.0017843246459960938 0.0225980281829834 0.003536701202392578
 10816 0.0018188953399658203 0.023171186447143555 0.0035812854766845703
 11025 0.0018546581268310547 0.02365565299987793 0.003660917282104492
 11236 0.0018892288208007812 0.024201154708862305 0.0037276744842529297
 11449 0.0019245147705078125 0.02473306655883789 0.0037877559661865234
 11664 0.001961231231689453 0.025305986404418945 0.0038504600524902344
 11881 0.002012491226196289 0.025795936584472656 0.00393986701965332
 12100 0.0020334720611572266 0.026367902755737305 0.003992319107055664
 12321 0.0020716190338134766 0.026957035064697266 0.004073381423950195
 12544 0.002109050750732422 0.02749180793762207 0.004141092300415039
 12769 0.002175569534301758 0.028053760528564453 0.004210948944091797
 12996 0.0021843910217285156 0.028699636459350586 0.004284858703613281
 13225 0.0022242069244384766 0.029294967651367188 0.004358053207397461
 13456 0.0022611618041992188 0.02991008758544922 0.0044214725494384766
 13689 0.0023012161254882812 0.03062605857849121 0.0045070648193359375
 13924 0.002351522445678711 0.031119585037231445 0.0045833587646484375
 14161 0.002374887466430664 0.031740427017211914 0.004645824432373047
 14400 0.002419710159301758 0.032300710678100586 0.004729032516479492
 14641 0.002458333969116211 0.032938241958618164 0.00479578971862793
 14884 0.002498626708984375 0.033621788024902344 0.00487065315246582
 15129 0.0025272369384765625 0.03422236442565918 0.004958629608154297
 15376 0.002581357955932617 0.03486514091491699 0.005037069320678711
 15625 0.002622365951538086 0.03564143180847168 0.005150794982910156
 15876 0.0026667118072509766 0.03617238998413086 0.0052242279052734375
 16129 0.002709627151489258 0.03690171241760254 0.005283355712890625
 16384 0.0027511119842529297 0.037568092346191406 0.00535893440246582
 16641 0.002796649932861328 0.03825044631958008 0.005449533462524414
 16900 0.002838134765625 0.03888273239135742 0.005534648895263672
 17161 0.002880573272705078 0.039650678634643555 0.005617380142211914
 17424 0.0029289722442626953 0.04030632972717285 0.005713462829589844
 17689 0.002985715866088867 0.04108428955078125 0.005781650543212891
 17956 0.003001689910888672 0.04172706604003906 0.005867719650268555
 18225 0.003059864044189453 0.04251551628112793 0.0059697628021240234
 18496 0.0031082630157470703 0.04324150085449219 0.006034135818481445
 18769 0.003190755844116211 0.04407644271850586 0.0061550140380859375
 19044 0.0031981468200683594 0.04464888572692871 0.006201505661010742
 19321 0.0032453536987304688 0.04544210433959961 0.0063059329986572266
 19600 0.0032935142517089844 0.04629826545715332 0.006399393081665039
 19881 0.003354310989379883 0.04697132110595703 0.0064694881439208984
 20164 0.0033893585205078125 0.047776222229003906 0.006540536880493164
 20449 0.0034346580505371094 0.048574209213256836 0.006631612777709961
 20736 0.0034835338592529297 0.0493016242980957 0.0067408084869384766
 21025 0.0035352706909179688 0.050116539001464844 0.006819725036621094
 21316 0.003578662872314453 0.05097079277038574 0.006906986236572266
 21609 0.003633737564086914 0.05173301696777344 0.007077217102050781
 21904 0.003675222396850586 0.052504539489746094 0.007108449935913086
 22201 0.003730297088623047 0.05338788032531738 0.007195234298706055
 22500 0.003782987594604492 0.05422782897949219 0.007290840148925781
 22801 0.003833293914794922 0.05530834197998047 0.007409334182739258
 23104 0.0038802623748779297 0.05580949783325195 0.007473468780517578
 23409 0.003935813903808594 0.05669546127319336 0.007565021514892578
 23716 0.003987312316894531 0.05754446983337402 0.0077054500579833984
 24025 0.004034757614135742 0.05843043327331543 0.007775306701660156
 24336 0.004092216491699219 0.0592656135559082 0.00787496566772461
 24649 0.004143953323364258 0.06019282341003418 0.007993936538696289
 24964 0.004194021224975586 0.06103873252868652 0.008105278015136719
 25281 0.0042493343353271484 0.061982154846191406 0.008166074752807617
 25600 0.004304647445678711 0.06291651725769043 0.008292198181152344
 25921 0.004372119903564453 0.06377267837524414 0.008348464965820312
 26244 0.0044116973876953125 0.06464290618896484 0.008471965789794922
 26569 0.004469871520996094 0.06570911407470703 0.008582353591918945
 26896 0.004532814025878906 0.06668829917907715 0.008664846420288086
 27225 0.004588603973388672 0.0675351619720459 0.008794784545898438
 27556 0.004637479782104492 0.06838655471801758 0.00889444351196289
 27889 0.0046880245208740234 0.06972980499267578 0.009019136428833008
 28224 0.004747629165649414 0.07065653800964355 0.009141921997070312
 28561 0.00478053092956543 0.07149291038513184 0.009207963943481445
 28900 0.004832744598388672 0.07239389419555664 0.009317159652709961
 29241 0.004912376403808594 0.07357358932495117 0.009422540664672852
 29584 0.004955291748046875 0.07459497451782227 0.009528875350952148
 29929 0.0050580501556396484 0.07553315162658691 0.009666681289672852
 30276 0.005091428756713867 0.07619237899780273 0.009726762771606445
 30625 0.00514984130859375 0.07734918594360352 0.00982666015625
 30976 0.005198001861572266 0.07820391654968262 0.009923696517944336
 31329 0.005284786224365234 0.07930135726928711 0.010094404220581055
 31684 0.005330324172973633 0.08025956153869629 0.010161399841308594
 32041 0.005358695983886719 0.08130168914794922 0.010251045227050781
 32400 0.005438089370727539 0.0824744701385498 0.010385513305664062
 32761 0.005512237548828125 0.08344101905822754 0.010505199432373047
 33124 0.005572080612182617 0.08449625968933105 0.010630369186401367
 33489 0.005680561065673828 0.0856623649597168 0.010746002197265625
 33856 0.005702018737792969 0.08672785758972168 0.010852575302124023
 34225 0.005760908126831055 0.0877223014831543 0.010981082916259766
 34596 0.005822181701660156 0.08891439437866211 0.011086225509643555
 34969 0.00588679313659668 0.08997631072998047 0.01132655143737793
 35344 0.005944490432739258 0.09114813804626465 0.011324644088745117
 35721 0.006010532379150391 0.09214115142822266 0.011478185653686523
 36100 0.006076812744140625 0.09345388412475586 0.011572599411010742
 36481 0.006134986877441406 0.09444189071655273 0.011723041534423828
 36864 0.006188154220581055 0.09559488296508789 0.011814594268798828
 37249 0.006276369094848633 0.09668636322021484 0.011971235275268555
 37636 0.0063321590423583984 0.09783720970153809 0.01202392578125
 38025 0.00638890266418457 0.09910464286804199 0.01218867301940918
 38416 0.006448268890380859 0.10013103485107422 0.012304067611694336
 38809 0.006515026092529297 0.10133004188537598 0.012390613555908203
 39204 0.006617546081542969 0.10245513916015625 0.012529850006103516
 39601 0.0066378116607666016 0.10362100601196289 0.01268458366394043
 40000 0.006781816482543945 0.1051173210144043 0.012810707092285156
 40401 0.006822824478149414 0.10612845420837402 0.012931108474731445
 40804 0.006849050521850586 0.10757923126220703 0.013092041015625
 41209 0.0068967342376708984 0.1086277961730957 0.01315760612487793
 41616 0.006989717483520508 0.1096189022064209 0.013278722763061523
 42025 0.0070650577545166016 0.11116456985473633 0.013432025909423828
 42436 0.007157564163208008 0.1122899055480957 0.013555765151977539
 42849 0.00718998908996582 0.11357688903808594 0.013680696487426758
 43264 0.007277727127075195 0.11499762535095215 0.013903617858886719
 43681 0.007348537445068359 0.11616873741149902 0.01393890380859375
 44100 0.007387876510620117 0.11745929718017578 0.014110803604125977
 44521 0.007487058639526367 0.11864399909973145 0.014217376708984375
 44944 0.007544040679931641 0.1198282241821289 0.014325380325317383
 45369 0.00760197639465332 0.12106633186340332 0.014491081237792969
 45796 0.007674455642700195 0.12234735488891602 0.014569282531738281
 46225 0.007743358612060547 0.12453961372375488 0.01476287841796875
 46656 0.00784158706665039 0.12512516975402832 0.014907598495483398
 47089 0.007890462875366211 0.12650322914123535 0.015044212341308594
 47524 0.007992267608642578 0.12755632400512695 0.015289783477783203
 47961 0.008073568344116211 0.12921357154846191 0.015349864959716797
 48400 0.008183002471923828 0.13044118881225586 0.015440702438354492
 48841 0.008221149444580078 0.13177227973937988 0.01555776596069336
 49284 0.008282899856567383 0.13358163833618164 0.01582026481628418
 49729 0.008369922637939453 0.13446521759033203 0.015904664993286133
 50176 0.00840449333190918 0.13596892356872559 0.015984058380126953
 50625 0.008532285690307617 0.13745427131652832 0.016211986541748047
 51076 0.008588790893554688 0.13871169090270996 0.016405105590820312
 51529 0.008655309677124023 0.14017200469970703 0.016389846801757812
 51984 0.008738517761230469 0.14200711250305176 0.016744375228881836
 52441 0.008831501007080078 0.1430497169494629 0.016813993453979492
 52900 0.008901596069335938 0.14435863494873047 0.016798973083496094
 53361 0.008974075317382812 0.14592480659484863 0.017087221145629883
 53824 0.009050130844116211 0.14730429649353027 0.017220020294189453
 54289 0.009128808975219727 0.14867496490478516 0.017258405685424805
 54756 0.009210348129272461 0.15027189254760742 0.017514705657958984
 55225 0.009313821792602539 0.15165019035339355 0.017663955688476562
 55696 0.009406566619873047 0.15295934677124023 0.017644882202148438
 56169 0.009440183639526367 0.15459728240966797 0.01801300048828125
 56644 0.009570837020874023 0.1557776927947998 0.018107891082763672
 57121 0.009618997573852539 0.1576242446899414 0.018208980560302734
 57600 0.00968170166015625 0.15908098220825195 0.018296241760253906
 58081 0.009816646575927734 0.16027212142944336 0.01861429214477539
 58564 0.009842157363891602 0.1621541976928711 0.018631458282470703
 59049 0.009986162185668945 0.1639845371246338 0.018810033798217773
 59536 0.010024547576904297 0.1652209758758545 0.019089937210083008
 60025 0.01011514663696289 0.16674184799194336 0.01906418800354004
 60516 0.010220527648925781 0.1683661937713623 0.01923966407775879
 61009 0.010315895080566406 0.1697235107421875 0.019405126571655273
 61504 0.010350465774536133 0.17205810546875 0.01955270767211914
 62001 0.010474920272827148 0.17284107208251953 0.01967597007751465
 62500 0.011327743530273438 0.17432022094726562 0.019833087921142578
 63001 0.010593175888061523 0.17605996131896973 0.020003795623779297
 63504 0.010688066482543945 0.1778264045715332 0.02016162872314453
 64009 0.01077413558959961 0.1792583465576172 0.02045607566833496
 64516 0.010885953903198242 0.18082714080810547 0.02055668830871582
 65025 0.010981559753417969 0.18263936042785645 0.02077460289001465
 65536 0.011023998260498047 0.18425202369689941 0.020861387252807617
 66049 0.011125802993774414 0.1848278045654297 0.02097606658935547
 66564 0.011211633682250977 0.18676328659057617 0.02124190330505371
 67081 0.011323928833007812 0.18844127655029297 0.021573781967163086
 67600 0.011396169662475586 0.19027328491210938 0.021445035934448242
 68121 0.011490583419799805 0.1920607089996338 0.021903038024902344
 68644 0.011583805084228516 0.1939988136291504 0.021826982498168945
 69169 0.011700868606567383 0.1954817771911621 0.022118568420410156
 69696 0.011761903762817383 0.19744539260864258 0.02227950096130371
 70225 0.011867284774780273 0.19951462745666504 0.022480487823486328
 70756 0.011909961700439453 0.20114517211914062 0.022516250610351562
 71289 0.01205301284790039 0.20290660858154297 0.0228118896484375
 71824 0.012140274047851562 0.20497345924377441 0.02286553382873535
 72361 0.012212276458740234 0.2066206932067871 0.02310800552368164
 72900 0.012382745742797852 0.2094559669494629 0.023548364639282227
 73441 0.012415647506713867 0.21079325675964355 0.02371358871459961
 73984 0.012468576431274414 0.21235370635986328 0.023538589477539062
 74529 0.012595653533935547 0.21458125114440918 0.02398538589477539
 75076 0.012686014175415039 0.2174673080444336 0.024202823638916016
 75625 0.012764930725097656 0.2182164192199707 0.024260997772216797
 76176 0.012837886810302734 0.22063398361206055 0.024484634399414062
 76729 0.012976884841918945 0.22224998474121094 0.024710655212402344
 77284 0.013022661209106445 0.2237849235534668 0.0247805118560791
 77841 0.013123512268066406 0.22643351554870605 0.024915218353271484
 78400 0.013291120529174805 0.22962641716003418 0.025167226791381836
 78961 0.013350486755371094 0.23062372207641602 0.02532029151916504
 79524 0.013440847396850586 0.23317646980285645 0.0254364013671875
 80089 0.013541698455810547 0.23493123054504395 0.025714635848999023
 80656 0.013620615005493164 0.23616886138916016 0.02586841583251953
 81225 0.013713836669921875 0.23942971229553223 0.026294946670532227
 81796 0.013845682144165039 0.24157953262329102 0.026355981826782227
 82369 0.013925552368164062 0.2426164150238037 0.026586532592773438
 82944 0.014028787612915039 0.24656152725219727 0.02673935890197754
 83521 0.014109134674072266 0.24714207649230957 0.026932954788208008
 84100 0.014224767684936523 0.24800491333007812 0.026834487915039062
 84681 0.01433873176574707 0.251481294631958 0.02744436264038086
 85264 0.014406681060791016 0.25400853157043457 0.027518033981323242
 85849 0.014482736587524414 0.25467777252197266 0.027616262435913086
 86436 0.014601469039916992 0.2588813304901123 0.028066158294677734
 87025 0.014692306518554688 0.25986528396606445 0.027952194213867188
 87616 0.014803647994995117 0.2606995105743408 0.02806401252746582
 88209 0.014962196350097656 0.2641105651855469 0.028315305709838867
 88804 0.01508641242980957 0.26781558990478516 0.028565406799316406
 89401 0.015125751495361328 0.26680517196655273 0.028787612915039062
 90000 0.015243768692016602 0.2716355323791504 0.029202938079833984
 90601 0.015325069427490234 0.27367162704467773 0.029103517532348633
 91204 0.015401601791381836 0.27373671531677246 0.029290437698364258
 91809 0.015511512756347656 0.27924156188964844 0.02984452247619629
 92416 0.015647411346435547 0.28000879287719727 0.029926538467407227
 93025 0.015776872634887695 0.2799835205078125 0.029882192611694336
 93636 0.01590895652770996 0.2850635051727295 0.030217409133911133
 94249 0.01595926284790039 0.2885551452636719 0.03068232536315918
 94864 0.01605701446533203 0.28732895851135254 0.030417919158935547
 95481 0.016166210174560547 0.2912619113922119 0.030962705612182617
 96100 0.01627492904663086 0.294360876083374 0.03127312660217285
 96721 0.016339778900146484 0.2941441535949707 0.031210660934448242
 97344 0.016485929489135742 0.2997627258300781 0.0313262939453125
 97969 0.01664447784423828 0.3013641834259033 0.03149747848510742
 98596 0.01668262481689453 0.30104613304138184 0.03165912628173828
 99225 0.01676464080810547 0.3051772117614746 0.03192257881164551
 99856 0.016881465911865234 0.3089630603790283 0.03224658966064453
 100489 0.017032146453857422 0.30786681175231934 0.032488346099853516
 101124 0.017118215560913086 0.31273722648620605 0.03265643119812012
 101761 0.01720142364501953 0.31600022315979004 0.032831430435180664
 102400 0.01731085777282715 0.31542205810546875 0.032926082611083984
 103041 0.017434120178222656 0.32074999809265137 0.03318285942077637
 103684 0.017543792724609375 0.3233063220977783 0.033477783203125
 104329 0.017676115036010742 0.32300734519958496 0.03376889228820801
 104976 0.01780104637145996 0.32779407501220703 0.03409981727600098
 105625 0.017897844314575195 0.33086490631103516 0.03430294990539551
 106276 0.01797771453857422 0.3303954601287842 0.034253835678100586
 106929 0.01815509796142578 0.3363046646118164 0.03465151786804199
 107584 0.018296003341674805 0.33922815322875977 0.03483438491821289
 108241 0.018343210220336914 0.3362889289855957 0.03498053550720215
 108900 0.018408536911010742 0.3434131145477295 0.035193681716918945
 109561 0.01855015754699707 0.3460686206817627 0.03560209274291992
 110224 0.018643617630004883 0.34308385848999023 0.035578012466430664
 110889 0.018822669982910156 0.35123276710510254 0.03651118278503418
 111556 0.01888561248779297 0.35267090797424316 0.036275386810302734
 112225 0.01904129981994629 0.35201215744018555 0.036379337310791016
 112896 0.01915717124938965 0.35831522941589355 0.036977529525756836
 113569 0.019327640533447266 0.3626694679260254 0.03678536415100098
 114244 0.019336462020874023 0.3586258888244629 0.03684639930725098
 114921 0.019489288330078125 0.36660313606262207 0.03763771057128906
 115600 0.019649744033813477 0.3713548183441162 0.03774404525756836
 116281 0.019690752029418945 0.36617422103881836 0.03767061233520508
 116964 0.019912242889404297 0.3746767044067383 0.03777670860290527
 117649 0.01991581916809082 0.3767082691192627 0.03812217712402344
 118336 0.02008366584777832 0.3769240379333496 0.03835558891296387
 119025 0.020175933837890625 0.3807799816131592 0.039049625396728516
 119716 0.02035355567932129 0.3870394229888916 0.03911232948303223
 120409 0.020379304885864258 0.38298749923706055 0.03894782066345215
 121104 0.020534038543701172 0.3904266357421875 0.03914785385131836
 121801 0.02065563201904297 0.3934619426727295 0.04014849662780762
 122500 0.02070450782775879 0.39055609703063965 0.04010128974914551
 123201 0.020928621292114258 0.3986976146697998 0.04003143310546875
 123904 0.021022319793701172 0.4013211727142334 0.04027271270751953
 124609 0.021129131317138672 0.3996162414550781 0.04051017761230469
 125316 0.02126169204711914 0.40781068801879883 0.04073834419250488
 126025 0.021376609802246094 0.4099392890930176 0.04191398620605469
 126736 0.021467924118041992 0.40697264671325684 0.04088878631591797
 127449 0.021659135818481445 0.4140627384185791 0.041608333587646484
 128164 0.02172088623046875 0.41904783248901367 0.0416867733001709
 128881 0.021828174591064453 0.41504454612731934 0.04185295104980469
 129600 0.02197575569152832 0.4238853454589844 0.04185295104980469
 130321 0.022114992141723633 0.4266514778137207 0.04228043556213379
 131044 0.022217988967895508 0.4212381839752197 0.04259753227233887
 131769 0.02234339714050293 0.4300670623779297 0.04318809509277344
 132496 0.022490739822387695 0.43530774116516113 0.04357194900512695
 133225 0.022564411163330078 0.43158555030822754 0.04335188865661621
 133956 0.02271866798400879 0.4396483898162842 0.043489933013916016
 134689 0.02281022071838379 0.44408631324768066 0.043819427490234375
 135424 0.022960186004638672 0.44199657440185547 0.04408526420593262
 136161 0.023096561431884766 0.44822239875793457 0.044317007064819336
 136900 0.023226261138916016 0.45073676109313965 0.04458451271057129
 137641 0.02335047721862793 0.44963932037353516 0.04475712776184082
 138384 0.0234677791595459 0.45649051666259766 0.045232295989990234
 139129 0.023688793182373047 0.45909905433654785 0.04572010040283203
 139876 0.023739099502563477 0.4582092761993408 0.045357465744018555
 140625 0.02385401725769043 0.46423983573913574 0.046022891998291016
 141376 0.023980379104614258 0.4695241451263428 0.04630136489868164
 142129 0.02416706085205078 0.4657580852508545 0.04609203338623047
 142884 0.024347305297851562 0.47627806663513184 0.04683184623718262
 143641 0.024379491806030273 0.4798109531402588 0.04664468765258789
 144400 0.02454543113708496 0.4747292995452881 0.04706692695617676
 145161 0.024641036987304688 0.48381853103637695 0.048006296157836914
 145924 0.024743318557739258 0.48850321769714355 0.04794931411743164
 146689 0.02483510971069336 0.48308587074279785 0.04804635047912598
 147456 0.02502751350402832 0.49376463890075684 0.04865097999572754
 148225 0.025115251541137695 0.49709653854370117 0.04813408851623535
 148996 0.025286197662353516 0.49388742446899414 0.04865264892578125
 149769 0.025522947311401367 0.5023837089538574 0.04914045333862305
 150544 0.025589942932128906 0.505312442779541 0.04901289939880371
 151321 0.025698423385620117 0.5022964477539062 0.049311161041259766
 152100 0.025844097137451172 0.5120487213134766 0.049788713455200195
 152881 0.025935888290405273 0.5137059688568115 0.050038814544677734
 153664 0.026129484176635742 0.5104923248291016 0.05023598670959473
 154449 0.026329517364501953 0.5200388431549072 0.050759315490722656
 155236 0.02635359764099121 0.5241477489471436 0.05086660385131836
 156025 0.026450395584106445 0.5187911987304688 0.05081462860107422
 156816 0.026726484298706055 0.5334186553955078 0.05142617225646973
 157609 0.02675032615661621 0.5351080894470215 0.0516812801361084
 158404 0.026933908462524414 0.5315179824829102 0.051401376724243164
 159201 0.02704477310180664 0.5381247997283936 0.05253958702087402
 160000 0.027148723602294922 0.544130802154541 0.05293560028076172
 160801 0.02726125717163086 0.5381820201873779 0.052521467208862305
 161604 0.02747941017150879 0.5517780780792236 0.053405046463012695
 162409 0.027682065963745117 0.5555410385131836 0.05380892753601074
 163216 0.027670860290527344 0.5452063083648682 0.05344891548156738
 164025 0.02783966064453125 0.5601584911346436 0.05437493324279785
 164836 0.027973175048828125 0.56484055519104 0.05455613136291504
 165649 0.028409957885742188 0.555924654006958 0.054528236389160156
 166464 0.028217554092407227 0.5700540542602539 0.0547330379486084
 167281 0.028510332107543945 0.573685884475708 0.05455422401428223
 168100 0.028581857681274414 0.5662746429443359 0.05538606643676758
 168921 0.028680801391601562 0.581183910369873 0.055365562438964844
 169744 0.028890609741210938 0.5849854946136475 0.055579423904418945
 170569 0.028928279876708984 0.5766780376434326 0.05596804618835449
 171396 0.029138803482055664 0.5903732776641846 0.05717015266418457
 172225 0.029216527938842773 0.5956392288208008 0.05679726600646973
 173056 0.02942180633544922 0.584334135055542 0.05680656433105469
 173889 0.02960681915283203 0.6022281646728516 0.05678510665893555
 174724 0.02966928482055664 0.6076457500457764 0.056848764419555664
 175561 0.02983379364013672 0.5992653369903564 0.0575714111328125
 176400 0.029953479766845703 0.6119954586029053 0.05717897415161133
 177241 0.030094146728515625 0.6131060123443604 0.05886578559875488
 178084 0.03021073341369629 0.6034567356109619 0.05828213691711426
 178929 0.030405044555664062 0.6249980926513672 0.05950474739074707
 179776 0.030524015426635742 0.6294329166412354 0.05976223945617676
 180625 0.03065800666809082 0.6184849739074707 0.05962991714477539
 181476 0.03086113929748535 0.6329751014709473 0.06026053428649902
 182329 0.030941247940063477 0.6344783306121826 0.06049776077270508
 183184 0.031095027923583984 0.6283957958221436 0.05987858772277832
 184041 0.031366586685180664 0.643075704574585 0.061260223388671875
 184900 0.03141903877258301 0.6439051628112793 0.06143546104431152
 185761 0.03162431716918945 0.6352212429046631 0.06105446815490723
 186624 0.03171515464782715 0.6533486843109131 0.062456607818603516
 187489 0.03185319900512695 0.6572587490081787 0.062282562255859375
 188356 0.03198742866516113 0.6475512981414795 0.0618135929107666
 189225 0.032141685485839844 0.6650600433349609 0.0631098747253418
 190096 0.0322873592376709 0.6672775745391846 0.0633392333984375
 190969 0.03246259689331055 0.6586883068084717 0.0628502368927002
 191844 0.032644033432006836 0.6749386787414551 0.06389236450195312
 192721 0.03285384178161621 0.6810595989227295 0.06451559066772461
 193600 0.032883405685424805 0.6690497398376465 0.06344127655029297
 194481 0.03310251235961914 0.6885035037994385 0.06473970413208008
 195364 0.03321075439453125 0.6883594989776611 0.06511807441711426
 196249 0.03334617614746094 0.6787936687469482 0.06447029113769531
 197136 0.0334780216217041 0.6986050605773926 0.06555485725402832
 198025 0.033785343170166016 0.7028498649597168 0.0660543441772461
 198916 0.03377032279968262 0.692582368850708 0.0653378963470459
 199809 0.0339357852935791 0.710017204284668 0.06644606590270996
 200704 0.034194231033325195 0.7154190540313721 0.06682729721069336
 201601 0.034224748611450195 0.7006821632385254 0.06630802154541016
 202500 0.03440427780151367 0.7235023975372314 0.0661003589630127
 203401 0.034590721130371094 0.7252480983734131 0.06628274917602539
 204304 0.0346829891204834 0.7143914699554443 0.0671393871307373
 205209 0.03491783142089844 0.7342863082885742 0.06697678565979004
 206116 0.03503251075744629 0.7406015396118164 0.06785106658935547
 207025 0.03513956069946289 0.7202634811401367 0.06788349151611328
 207936 0.03526878356933594 0.742830753326416 0.06790399551391602
 208849 0.03544306755065918 0.7461543083190918 0.06822752952575684
 209764 0.035776615142822266 0.7371315956115723 0.0690462589263916
 210681 0.035901546478271484 0.7554593086242676 0.06885790824890137
 211600 0.03597712516784668 0.7554383277893066 0.06888055801391602
 212521 0.03613758087158203 0.7494728565216064 0.07001447677612305
 213444 0.036273956298828125 0.7654297351837158 0.06969332695007324
 214369 0.036521196365356445 0.7698967456817627 0.07006645202636719
 215296 0.03664278984069824 0.7573802471160889 0.07076525688171387
 216225 0.03697776794433594 0.7802441120147705 0.07107400894165039
 217156 0.03696107864379883 0.7875242233276367 0.07132196426391602
 218089 0.037075042724609375 0.7701425552368164 0.07105326652526855
 219024 0.03726005554199219 0.7929201126098633 0.0719144344329834
 219961 0.03747367858886719 0.7978103160858154 0.07237029075622559
 220900 0.03755807876586914 0.7839334011077881 0.07194328308105469
 221841 0.03769230842590332 0.801800012588501 0.07329416275024414
 222784 0.037801504135131836 0.8064124584197998 0.07317304611206055
 223729 0.03800845146179199 0.7932953834533691 0.0736534595489502
 224676 0.03817009925842285 0.8136129379272461 0.07389402389526367
 225625 0.03831601142883301 0.8177413940429688 0.07437348365783691
 226576 0.03851199150085449 0.8010540008544922 0.07411909103393555
 227529 0.03873896598815918 0.8308119773864746 0.07477688789367676
 228484 0.03889584541320801 0.8278496265411377 0.07525062561035156
 229441 0.03902697563171387 0.816359281539917 0.07503628730773926
 230400 0.03910470008850098 0.8369166851043701 0.07608795166015625
 231361 0.03938126564025879 0.8464846611022949 0.07610964775085449
 232324 0.03951883316040039 0.8315465450286865 0.07596111297607422
 233289 0.03963184356689453 0.8542575836181641 0.07717609405517578
 234256 0.03992772102355957 0.8548595905303955 0.07703661918640137
 235225 0.03991103172302246 0.8354003429412842 0.07680153846740723
 236196 0.04024314880371094 0.8665149211883545 0.0776972770690918
 237169 0.04030919075012207 0.8673009872436523 0.07801365852355957
 238144 0.04040217399597168 0.8541805744171143 0.07783031463623047
 239121 0.04075884819030762 0.8798868656158447 0.07868146896362305
 240100 0.04083371162414551 0.8822848796844482 0.07890963554382324
 241081 0.04094099998474121 0.8602547645568848 0.078765869140625
 242064 0.04124331474304199 0.8903722763061523 0.07966375350952148
 243049 0.04137921333312988 0.8968608379364014 0.07931137084960938
 244036 0.04147791862487793 0.8755221366882324 0.08007335662841797
 245025 0.041734933853149414 0.9022302627563477 0.08006787300109863
 246016 0.04186677932739258 0.9071915149688721 0.08013725280761719
 247009 0.04192972183227539 0.8854415416717529 0.08113908767700195
 248004 0.04223918914794922 0.9214553833007812 0.08265233039855957
 249001 0.04560494422912598 0.9210038185119629 0.08305239677429199
 250000 0.042433738708496094 0.9079201221466064 0.08226466178894043
 251001 0.04274344444274902 0.9266576766967773 0.08367347717285156
 252004 0.042957305908203125 0.9381747245788574 0.08399057388305664
 253009 0.0430142879486084 0.9113214015960693 0.08311915397644043
 254016 0.04321122169494629 0.9423172473907471 0.08501458168029785
 255025 0.04346323013305664 0.9474983215332031 0.08532834053039551
 256036 0.04370522499084473 0.9310011863708496 0.08431124687194824
 257049 0.043794870376586914 0.9531950950622559 0.08545494079589844
 258064 0.043990373611450195 0.9625952243804932 0.08583593368530273
 259081 0.04402756690979004 0.9390027523040771 0.08514213562011719
 260100 0.04422593116760254 0.9714066982269287 0.0866079330444336
 261121 0.04438948631286621 0.9770264625549316 0.08598756790161133
 262144 0.04447793960571289 0.9480805397033691 0.08575201034545898
 263169 0.04479670524597168 0.9834682941436768 0.08678770065307617
 264196 0.04499244689941406 0.987821102142334 0.08701276779174805
 265225 0.044918060302734375 0.9621484279632568 0.08657503128051758
 266256 0.045540809631347656 0.998103141784668 0.08816242218017578
 267289 0.04549598693847656 0.9998037815093994 0.08817911148071289
 268324 0.04565286636352539 0.9802448749542236 0.08768630027770996
 269361 0.045957088470458984 1.0077576637268066 0.08868193626403809
 270400 0.04610872268676758 1.013150691986084 0.08885574340820312
 271441 0.04611778259277344 0.9876232147216797 0.08861613273620605
 272484 0.04644012451171875 1.0253078937530518 0.09031033515930176
 273529 0.04665255546569824 1.0256776809692383 0.0900411605834961
 274576 0.04678678512573242 1.0048046112060547 0.0894784927368164
 275625 0.04694342613220215 1.0400009155273438 0.09078645706176758
 276676 0.04705047607421875 1.033073902130127 0.0915985107421875
 277729 0.04723000526428223 1.0230817794799805 0.09073972702026367
 278784 0.0475308895111084 1.053299903869629 0.09206867218017578
 279841 0.04785013198852539 1.0566260814666748 0.09216046333312988
 280900 0.047858476638793945 1.0304768085479736 0.09161162376403809
 281961 0.04800057411193848 1.0645360946655273 0.09294605255126953
 283024 0.04808974266052246 1.0715751647949219 0.09323859214782715
 284089 0.048425912857055664 1.042011022567749 0.09321188926696777
 285156 0.04864001274108887 1.079765796661377 0.0941309928894043
 286225 0.048641204833984375 1.0849227905273438 0.09444451332092285
 287296 0.04894566535949707 1.0586013793945312 0.09390664100646973
 288369 0.049210309982299805 1.0936403274536133 0.09514713287353516
 289444 0.04923057556152344 1.1049180030822754 0.09755754470825195
 290521 0.04935860633850098 1.0714654922485352 0.09489011764526367
 291600 0.049660444259643555 1.1092143058776855 0.09626483917236328
 292681 0.04986929893493652 1.1168034076690674 0.09616208076477051
 293764 0.04991912841796875 1.0901083946228027 0.09581279754638672
 294849 0.050169944763183594 1.1216979026794434 0.09701991081237793
 295936 0.05089521408081055 1.1296119689941406 0.0974423885345459
 297025 0.051117658615112305 1.1038777828216553 0.09716963768005371
 298116 0.05138230323791504 1.136533498764038 0.09823894500732422
 299209 0.05147409439086914 1.1411824226379395 0.09875798225402832
 300304 0.051813602447509766 1.121654748916626 0.0978400707244873
 301401 0.051883697509765625 1.151057243347168 0.0989844799041748
 302500 0.05197572708129883 1.1595227718353271 0.09937667846679688
 303601 0.05225968360900879 1.1333394050598145 0.09948182106018066
 304704 0.052358150482177734 1.169762372970581 0.10023808479309082
 305809 0.05248427391052246 1.1769123077392578 0.10040473937988281
 306916 0.05270695686340332 1.141740083694458 0.10037541389465332
 308025 0.05298662185668945 1.1891186237335205 0.10126733779907227
 309136 0.05326485633850098 1.1882691383361816 0.10155463218688965
 310249 0.05359911918640137 1.1598732471466064 0.10248756408691406
 311364 0.053594350814819336 1.1961641311645508 0.1027841567993164
 312481 0.05389261245727539 1.2033400535583496 0.10279965400695801
 313600 0.05386209487915039 1.173781156539917 0.1026613712310791
 314721 0.05411028861999512 1.2112987041473389 0.1041724681854248
 315844 0.05421948432922363 1.2195847034454346 0.10396099090576172
 316969 0.05457782745361328 1.1882946491241455 0.10335898399353027
 318096 0.05477309226989746 1.229679822921753 0.1045691967010498
 319225 0.05489945411682129 1.2358348369598389 0.10503220558166504
 320356 0.05513739585876465 1.2051234245300293 0.10463714599609375
 321489 0.05536079406738281 1.2444286346435547 0.10581517219543457
 322624 0.055519819259643555 1.2505388259887695 0.1063232421875
 323761 0.05582737922668457 1.219520092010498 0.10565733909606934
 324900 0.055956125259399414 1.255413293838501 0.10683107376098633
 326041 0.0563969612121582 1.2655649185180664 0.10753798484802246
 327184 0.056292057037353516 1.237640142440796 0.10732007026672363
 328329 0.05659127235412598 1.2713172435760498 0.10695481300354004
 329476 0.05672121047973633 1.2831566333770752 0.10741472244262695
 330625 0.05707907676696777 1.2480523586273193 0.10880422592163086
 331776 0.05694699287414551 1.2904903888702393 0.10841488838195801
 332929 0.05731630325317383 1.2999143600463867 0.10872983932495117
 334084 0.05748295783996582 1.267244815826416 0.10987472534179688
 335241 0.05784940719604492 1.3063979148864746 0.10945630073547363
 336400 0.05793118476867676 1.3172285556793213 0.10995197296142578
 337561 0.05810952186584473 1.2791194915771484 0.11094427108764648
 338724 0.05822896957397461 1.3195703029632568 0.11064839363098145
 339889 0.05846738815307617 1.3290159702301025 0.11069488525390625
 341056 0.05882120132446289 1.2960429191589355 0.11201095581054688
 342225 0.058934688568115234 1.3413052558898926 0.11176300048828125
 343396 0.05905437469482422 1.3497724533081055 0.11218476295471191
 344569 0.059380531311035156 1.3089261054992676 0.1141963005065918
 345744 0.059584617614746094 1.354888677597046 0.11297917366027832
 346921 0.05992269515991211 1.3576507568359375 0.11388874053955078
 348100 0.05988717079162598 1.3255412578582764 0.11356949806213379
 349281 0.06008744239807129 1.3738749027252197 0.11478614807128906
 350464 0.06041455268859863 1.3734710216522217 0.11514043807983398
 351649 0.06039762496948242 1.3388733863830566 0.11461591720581055
 352836 0.06109285354614258 1.392716884613037 0.11627578735351562
 354025 0.06104898452758789 1.393235206604004 0.11628961563110352
 355216 0.06102728843688965 1.3523054122924805 0.11589384078979492
 356409 0.0613706111907959 1.4085650444030762 0.11717939376831055
 357604 0.06153297424316406 1.4092674255371094 0.11759614944458008
 358801 0.06164264678955078 1.377319097518921 0.11705565452575684
 360000 0.06205344200134277 1.4269964694976807 0.11893272399902344
 361201 0.06249523162841797 1.4293127059936523 0.11884093284606934
 362404 0.062360525131225586 1.389223575592041 0.11866402626037598
 363609 0.06251025199890137 1.4415831565856934 0.11974549293518066
 364816 0.06284451484680176 1.4513144493103027 0.12002849578857422
 366025 0.06293988227844238 1.404047966003418 0.11979007720947266
 367236 0.06317377090454102 1.4601502418518066 0.12062788009643555
 368449 0.06343269348144531 1.4664533138275146 0.12127900123596191
 369664 0.06358098983764648 1.4180660247802734 0.12053489685058594
 370881 0.06389045715332031 1.4767837524414062 0.12198257446289062
 372100 0.06415414810180664 1.483672857284546 0.1221773624420166
 373321 0.06421542167663574 1.4304232597351074 0.12162590026855469
 374544 0.0644683837890625 1.4912986755371094 0.1232292652130127
 375769 0.06465601921081543 1.501652717590332 0.12341523170471191
 376996 0.06475329399108887 1.4470784664154053 0.12249970436096191
 378225 0.06521916389465332 1.5125727653503418 0.1245114803314209
 379456 0.06535983085632324 1.519228219985962 0.12447404861450195
 380689 0.06539344787597656 1.4669907093048096 0.12400007247924805
 381924 0.06588125228881836 1.5268614292144775 0.12552118301391602
 383161 0.06589555740356445 1.528245449066162 0.12487578392028809
 384400 0.06610441207885742 1.4811978340148926 0.12587785720825195
 385641 0.06641840934753418 1.547745704650879 0.12847518920898438
 386884 0.06669950485229492 1.550025224685669 0.1288163661956787
 388129 0.06672811508178711 1.4924933910369873 0.12730669975280762
 389376 0.0671534538269043 1.5592150688171387 0.1296846866607666
 390625 0.0672919750213623 1.5676677227020264 0.13008379936218262
 391876 0.06736588478088379 1.5235836505889893 0.12840890884399414
 393129 0.06761908531188965 1.5777370929718018 0.13142824172973633
 394384 0.06788945198059082 1.5798418521881104 0.13131356239318848
 395641 0.0681910514831543 1.538398027420044 0.12999463081359863
 396900 0.06851029396057129 1.5944459438323975 0.1325836181640625
 398161 0.0685265064239502 1.598559856414795 0.1324291229248047
 399424 0.06860852241516113 1.5498988628387451 0.13067626953125
 400689 0.06920027732849121 1.6174101829528809 0.13051462173461914
 401956 0.06932425498962402 1.61680006980896 0.13069772720336914
 403225 0.06933426856994629 1.5766761302947998 0.13238859176635742
 404496 0.06965780258178711 1.6304500102996826 0.1330111026763916
 405769 0.07019805908203125 1.6415181159973145 0.13376235961914062
 407044 0.07020235061645508 1.5956456661224365 0.13268709182739258
 408321 0.07033371925354004 1.6419346332550049 0.13473224639892578
 409600 0.07045769691467285 1.6512203216552734 0.13558030128479004
 410881 0.07075619697570801 1.6112005710601807 0.1337902545928955
 412164 0.07099032402038574 1.656750202178955 0.13591909408569336
 413449 0.07101225852966309 1.6751646995544434 0.13617277145385742
 414736 0.0714101791381836 1.6238384246826172 0.13524246215820312
 416025 0.07156157493591309 1.685492992401123 0.13649797439575195
 417316 0.07184433937072754 1.68798828125 0.1371166706085205
 418609 0.07396197319030762 1.6423707008361816 0.13602805137634277
 419904 0.07418084144592285 1.7032537460327148 0.13772797584533691
 421201 0.07448554039001465 1.714430809020996 0.1379549503326416
 422500 0.07456755638122559 1.6487765312194824 0.13712716102600098
 423801 0.07490134239196777 1.7219183444976807 0.13881492614746094
 425104 0.0750589370727539 1.729121208190918 0.13967204093933105
 426409 0.07521772384643555 1.67421293258667 0.13959836959838867
 427716 0.0754246711730957 1.7402639389038086 0.14041733741760254
 429025 0.07576823234558105 1.7425580024719238 0.1408555507659912
 430336 0.07579565048217773 1.6983559131622314 0.1396486759185791
 431649 0.07627177238464355 1.7563514709472656 0.1417229175567627
 432964 0.0765233039855957 1.7599177360534668 0.1425623893737793
 434281 0.07668209075927734 1.7165822982788086 0.14120841026306152
 435600 0.0768580436706543 1.768841028213501 0.142913818359375
 436921 0.07732391357421875 1.7812492847442627 0.14337730407714844
 438244 0.07728457450866699 1.733325719833374 0.142134428024292
 439569 0.07764458656311035 1.7969419956207275 0.1443164348602295
 440896 0.07797002792358398 1.8062267303466797 0.14447903633117676
 442225 0.07785630226135254 1.7448828220367432 0.1438765525817871
 443556 0.07821393013000488 1.8130385875701904 0.14563822746276855
 444889 0.07846927642822266 1.8171522617340088 0.14612102508544922
 446224 0.07886886596679688 1.7663788795471191 0.14503097534179688
 447561 0.07900762557983398 1.8368885517120361 0.14655637741088867
 448900 0.07935452461242676 1.8342666625976562 0.146773099899292
 450241 0.07905244827270508 1.77880859375 0.14738917350769043
 451584 0.07976341247558594 1.8553659915924072 0.14788126945495605
 452929 0.08025288581848145 1.852506160736084 0.14908742904663086
 454276 0.08014535903930664 1.803199052810669 0.14760351181030273
 455625 0.08041572570800781 1.8679955005645752 0.14912128448486328
 456976 0.08064818382263184 1.873586893081665 0.14958596229553223
 458329 0.0809926986694336 1.8247108459472656 0.1490023136138916
 459684 0.08115315437316895 1.8869855403900146 0.15050697326660156
 461041 0.0817725658416748 1.8953742980957031 0.15090227127075195
 462400 0.08148026466369629 1.8379404544830322 0.1502513885498047
 463761 0.08181214332580566 1.9099724292755127 0.15161538124084473
 465124 0.08200812339782715 1.908111333847046 0.15221905708312988
 466489 0.08218765258789062 1.8507301807403564 0.15156984329223633
 467856 0.08258247375488281 1.9272735118865967 0.15608716011047363
 469225 0.08254480361938477 1.9244515895843506 0.15561437606811523
 470596 0.08299469947814941 1.8827972412109375 0.1537489891052246
 471969 0.08335089683532715 1.9456148147583008 0.1564316749572754
 473344 0.08350086212158203 1.9532408714294434 0.1570131778717041
 474721 0.08391284942626953 1.9035134315490723 0.15545439720153809
 476100 0.08398628234863281 1.967172384262085 0.15802359580993652
 477481 0.08413290977478027 1.981128454208374 0.1584930419921875
 478864 0.08438801765441895 1.912539005279541 0.15594887733459473
 480249 0.0847923755645752 1.9912805557250977 0.15926504135131836
 481636 0.08524346351623535 1.997727870941162 0.16022419929504395
 483025 0.08515238761901855 1.9335391521453857 0.15799856185913086
 484416 0.08542394638061523 2.002258539199829 0.1605515480041504
 485809 0.08577299118041992 2.016960382461548 0.16109919548034668
 487204 0.08583188056945801 1.9549314975738525 0.15941190719604492
 488601 0.08623909950256348 2.0239205360412598 0.16210317611694336
 490000 0.08623409271240234 2.032273769378662 0.1606285572052002
 491401 0.08654379844665527 1.9693610668182373 0.15942096710205078
 492804 0.08688855171203613 2.0533487796783447 0.16174721717834473
 494209 0.08699655532836914 2.0604934692382812 0.16213274002075195
 495616 0.08730673789978027 1.987809181213379 0.16081547737121582
 497025 0.08778262138366699 2.073155641555786 0.16229915618896484
 498436 0.08789730072021484 2.072739601135254 0.1637251377105713
 499849 0.08801531791687012 2.0093674659729004 0.16247010231018066
 501264 0.08809447288513184 2.0816242694854736 0.1639249324798584
 502681 0.08850359916687012 2.103337526321411 0.16482067108154297
 504100 0.08862662315368652 2.030425548553467 0.16370129585266113
 505521 0.08908247947692871 2.11055326461792 0.16568613052368164
 506944 0.0892782211303711 2.1257164478302 0.16587400436401367
 508369 0.08943510055541992 2.0534520149230957 0.16505026817321777
 509796 0.0897834300994873 2.127694606781006 0.1665058135986328
 511225 0.09016942977905273 2.1351280212402344 0.16721606254577637
 512656 0.0902409553527832 2.0763115882873535 0.16620516777038574
 514089 0.09050512313842773 2.1504945755004883 0.1684093475341797
 515524 0.09081721305847168 2.1543867588043213 0.16814899444580078
 516961 0.09085273742675781 2.0961616039276123 0.16726183891296387
 518400 0.0913856029510498 2.174691677093506 0.17087197303771973
 519841 0.09158968925476074 2.183753490447998 0.16964101791381836
 521284 0.0916907787322998 2.1099164485931396 0.16929292678833008
 522729 0.09189009666442871 2.186406373977661 0.17072200775146484
 524176 0.09214162826538086 2.191863775253296 0.17180585861206055
 525625 0.09239339828491211 2.13433837890625 0.1699514389038086
 527076 0.0926370620727539 2.213434934616089 0.17249703407287598
 528529 0.09302353858947754 2.2208821773529053 0.17319846153259277
 529984 0.09327173233032227 2.150252342224121 0.17175793647766113
 531441 0.09350776672363281 2.227205991744995 0.17356228828430176
 532900 0.09394145011901855 2.2288098335266113 0.1742243766784668
 534361 0.09380793571472168 2.1612792015075684 0.17363405227661133
 535824 0.09417271614074707 2.248347043991089 0.17502427101135254
 537289 0.09463071823120117 2.2657535076141357 0.1756589412689209
 538756 0.09473204612731934 2.1889796257019043 0.1748485565185547
 540225 0.09506607055664062 2.2762045860290527 0.17686772346496582
 541696 0.09535646438598633 2.2820661067962646 0.17677736282348633
 543169 0.09564661979675293 2.202899694442749 0.17670178413391113
 544644 0.09608888626098633 2.302650213241577 0.17818045616149902
 546121 0.09599924087524414 2.3063790798187256 0.17844653129577637
 547600 0.09618186950683594 2.2341270446777344 0.17770814895629883
 549081 0.09680652618408203 2.324073314666748 0.1800384521484375
 550564 0.09686088562011719 2.322798490524292 0.1799471378326416
 552049 0.09708452224731445 2.252871036529541 0.17827820777893066
 553536 0.09718132019042969 2.34631085395813 0.18081235885620117
 555025 0.09748077392578125 2.347283124923706 0.1814711093902588
 556516 0.09799504280090332 2.271845579147339 0.1800858974456787
 558009 0.0982370376586914 2.3676059246063232 0.18245840072631836
 559504 0.09840846061706543 2.367875576019287 0.18274927139282227
 561001 0.09855222702026367 2.288043260574341 0.1815035343170166
 562500 0.09893512725830078 2.3788304328918457 0.1841599941253662
 564001 0.09912395477294922 2.388859272003174 0.18543338775634766
 565504 0.10622072219848633 2.316741943359375 0.1830592155456543
 567009 0.09969639778137207 2.405303955078125 0.18549489974975586
 568516 0.10008096694946289 2.4205124378204346 0.1854236125946045
 570025 0.09988570213317871 2.3379592895507812 0.1846144199371338
 571536 0.10068798065185547 2.418644428253174 0.18665766716003418
 573049 0.10078835487365723 2.434077262878418 0.18723654747009277
 574564 0.10071516036987305 2.3553004264831543 0.18665695190429688
 576081 0.10120606422424316 2.451413154602051 0.18906712532043457
 577600 0.10146307945251465 2.4533021450042725 0.1892857551574707
 579121 0.10160422325134277 2.376005172729492 0.1878495216369629
 580644 0.10201382637023926 2.4598326683044434 0.18945813179016113
 582169 0.10247039794921875 2.4717416763305664 0.18886351585388184
 583696 0.1023869514465332 2.400277614593506 0.18942570686340332
 585225 0.10274243354797363 2.4958579540252686 0.18944215774536133
 586756 0.10299348831176758 2.4975624084472656 0.1895608901977539
 588289 0.10333585739135742 2.4128634929656982 0.19158101081848145
 589824 0.10367703437805176 2.5092039108276367 0.19100689888000488
 591361 0.1038362979888916 2.523420810699463 0.19103503227233887
 592900 0.10412883758544922 2.4437596797943115 0.19290494918823242
 594441 0.10442447662353516 2.5375280380249023 0.19321465492248535
 595984 0.10473108291625977 2.5508124828338623 0.19440913200378418
 597529 0.10486507415771484 2.4687559604644775 0.19271183013916016
 599076 0.10506892204284668 2.5589921474456787 0.19571232795715332
 600625 0.1053166389465332 2.5656604766845703 0.19593358039855957
 602176 0.10558438301086426 2.4969098567962646 0.19486165046691895
 603729 0.10593032836914062 2.5905961990356445 0.19569754600524902
 605284 0.10620427131652832 2.597470998764038 0.19599533081054688
 606841 0.10625982284545898 2.5101819038391113 0.1978600025177002
 608400 0.10680413246154785 2.60593843460083 0.19744515419006348
 609961 0.1070089340209961 2.627040147781372 0.19720864295959473
 611524 0.10728812217712402 2.542539119720459 0.20010089874267578
 613089 0.10765480995178223 2.6249024868011475 0.1984574794769287
 614656 0.10782384872436523 2.6410486698150635 0.1989116668701172
 616225 0.10807275772094727 2.5580801963806152 0.20087099075317383
 617796 0.10817527770996094 2.6473398208618164 0.20008349418640137
 619369 0.10858678817749023 2.6454598903656006 0.20023894309997559
 620944 0.10877704620361328 2.585901975631714 0.20255398750305176
 622521 0.10897445678710938 2.682021379470825 0.20147442817687988
 624100 0.10953450202941895 2.676729202270508 0.2018589973449707
 625681 0.10970234870910645 2.595202684402466 0.2039947509765625
 627264 0.10990667343139648 2.6940701007843018 0.20283031463623047
 628849 0.11053013801574707 2.7077298164367676 0.2076420783996582
 630436 0.11057567596435547 2.629272222518921 0.20720958709716797
 632025 0.11092901229858398 2.7201108932495117 0.20884251594543457
 633616 0.11108779907226562 2.7247560024261475 0.20915651321411133
 635209 0.11145973205566406 2.6538822650909424 0.2073812484741211
 636804 0.11154413223266602 2.7438783645629883 0.2107546329498291
 638401 0.11194944381713867 2.748140573501587 0.21120262145996094
 640000 0.11213016510009766 2.671020746231079 0.20819306373596191
 641601 0.11248064041137695 2.7600908279418945 0.21261024475097656
 643204 0.11291027069091797 2.778198719024658 0.2128293514251709
 644809 0.11303377151489258 2.693929672241211 0.2099308967590332
 646416 0.11321163177490234 2.797459363937378 0.21379923820495605
 648025 0.11367130279541016 2.7951736450195312 0.21427559852600098
 649636 0.11370277404785156 2.7109224796295166 0.2111039161682129
 651249 0.11419248580932617 2.8243913650512695 0.21515393257141113
 652864 0.11469554901123047 2.8215527534484863 0.21527695655822754
 654481 0.11445784568786621 2.7491164207458496 0.21139311790466309
 656100 0.11496639251708984 2.839667558670044 0.21375823020935059
 657721 0.11532878875732422 2.84702467918396 0.2144613265991211
 659344 0.11550068855285645 2.7591991424560547 0.21466708183288574
 660969 0.1158745288848877 2.864784002304077 0.21521878242492676
 662596 0.11590027809143066 2.86905837059021 0.21565699577331543
 664225 0.11616754531860352 2.7990381717681885 0.21498799324035645
 665856 0.11693811416625977 2.8851964473724365 0.2167987823486328
 667489 0.1170358657836914 2.8905234336853027 0.21746397018432617
 669124 0.11688876152038574 2.800671100616455 0.2162456512451172
 670761 0.11753273010253906 2.9306304454803467 0.21918845176696777
 672400 0.11781549453735352 2.9197614192962646 0.21918559074401855
 674041 0.1177217960357666 2.838254690170288 0.21773147583007812
 675684 0.11841273307800293 2.9391047954559326 0.21988177299499512
 677329 0.11870932579040527 2.950296401977539 0.2204749584197998
 678976 0.11911487579345703 2.860353469848633 0.21928787231445312
 680625 0.11924862861633301 2.9569616317749023 0.22213101387023926
 682276 0.11932134628295898 2.961282730102539 0.22305727005004883
 683929 0.11974334716796875 2.877089262008667 0.22035002708435059
 685584 0.12015604972839355 2.987499952316284 0.22359299659729004
 687241 0.12033462524414062 2.999737024307251 0.22466540336608887
 688900 0.12055397033691406 2.9036858081817627 0.22315621376037598
 690561 0.12087225914001465 3.0058560371398926 0.2249913215637207
 692224 0.12129640579223633 3.0161964893341064 0.2270188331604004
 693889 0.12144041061401367 2.920428514480591 0.22336506843566895
 695556 0.12186717987060547 3.032632827758789 0.22714686393737793
 697225 0.12229609489440918 3.049227237701416 0.2265479564666748
 698896 0.12226009368896484 2.943620204925537 0.225067138671875
 700569 0.12257671356201172 3.06390118598938 0.22922730445861816
 702244 0.12291789054870605 3.07204270362854 0.2293398380279541
 703921 0.12324118614196777 2.973468542098999 0.2277836799621582
 705600 0.12353682518005371 3.0722107887268066 0.22981023788452148
 707281 0.12390637397766113 3.1001429557800293 0.2304670810699463
 708964 0.12409257888793945 2.99352765083313 0.22895121574401855
 710649 0.12442922592163086 3.119891405105591 0.23130488395690918
 712336 0.12478232383728027 3.112741470336914 0.23204779624938965
 714025 0.12495946884155273 3.012269973754883 0.22991418838500977
 715716 0.12520217895507812 3.148864507675171 0.23283720016479492
 717409 0.12554931640625 3.135108709335327 0.23339176177978516
 719104 0.12587404251098633 3.051024913787842 0.23181390762329102
 720801 0.12646985054016113 3.1620869636535645 0.23416352272033691
 722500 0.12659239768981934 3.160062789916992 0.23649358749389648
 724201 0.12656736373901367 3.0649642944335938 0.23331475257873535
 725904 0.12701869010925293 3.182847738265991 0.23636364936828613
 727609 0.1272892951965332 3.1933820247650146 0.23795270919799805
 729316 0.1275784969329834 3.093923330307007 0.23590588569641113
 731025 0.1279153823852539 3.2037436962127686 0.23783493041992188
 732736 0.12821578979492188 3.218883514404297 0.23823976516723633
 734449 0.12841510772705078 3.1115736961364746 0.23790740966796875
 736164 0.1287529468536377 3.225640058517456 0.23980379104614258
 737881 0.12905383110046387 3.245114326477051 0.2404031753540039
 739600 0.12924790382385254 3.154256820678711 0.23863458633422852
 741321 0.12951040267944336 3.2818808555603027 0.2409193515777588
 743044 0.1299285888671875 3.261323928833008 0.24555373191833496
 744769 0.1302318572998047 3.1581852436065674 0.24033260345458984
 746496 0.13068151473999023 3.289130687713623 0.24280524253845215
 748225 0.13078999519348145 3.2849860191345215 0.24330496788024902
 749956 0.13110876083374023 3.1895813941955566 0.24198126792907715
 751689 0.13112521171569824 3.3088467121124268 0.24480009078979492
 753424 0.131911039352417 3.317065715789795 0.2451481819152832
 755161 0.13207244873046875 3.2111356258392334 0.24437975883483887
 756900 0.1324448585510254 3.334763765335083 0.24660849571228027
 758641 0.1326429843902588 3.3545901775360107 0.24985194206237793
 760384 0.13289475440979004 3.2461462020874023 0.2444143295288086
 762129 0.1332685947418213 3.375699043273926 0.24810457229614258
 763876 0.13352012634277344 3.3832192420959473 0.24814748764038086
 765625 0.13400554656982422 3.277773857116699 0.24673962593078613
 767376 0.13421106338500977 3.386662006378174 0.2488541603088379
 769129 0.13454055786132812 3.391679286956787 0.25003623962402344
 770884 0.13448071479797363 3.313387393951416 0.2488706111907959
 772641 0.1351325511932373 3.4141719341278076 0.25190210342407227
 774400 0.13525819778442383 3.4186670780181885 0.25127243995666504
 776161 0.13575434684753418 3.316282272338867 0.2502448558807373
 777924 0.1360025405883789 3.4387049674987793 0.2533888816833496
 779689 0.13649344444274902 3.442664623260498 0.252840518951416
 781456 0.13635563850402832 3.352970838546753 0.2539687156677246
 783225 0.13689565658569336 3.457430124282837 0.2528383731842041
 784996 0.13724064826965332 3.473334550857544 0.2540013790130615
 786769 0.13743805885314941 3.3748056888580322 0.25525832176208496
 788544 0.13791728019714355 3.488065242767334 0.25591588020324707
 790321 0.1379406452178955 3.50089955329895 0.2570672035217285
 792100 0.13836002349853516 3.404590129852295 0.2557806968688965
 793881 0.13853120803833008 3.522665023803711 0.25837111473083496
 795664 0.13913631439208984 3.5318400859832764 0.25920653343200684
 797449 0.13927674293518066 3.427309513092041 0.25774502754211426
 799236 0.13948798179626465 3.549220085144043 0.2606680393218994
 801025 0.1402428150177002 3.5662639141082764 0.26154041290283203
 802816 0.14008212089538574 3.4575459957122803 0.2586202621459961
 804609 0.14064598083496094 3.55940318107605 0.26262855529785156
 806404 0.14114069938659668 3.5883612632751465 0.26615381240844727
 808201 0.14131712913513184 3.473949909210205 0.26328253746032715
 810000 0.14161133766174316 3.595027446746826 0.26686644554138184
 811801 0.14192652702331543 3.6114890575408936 0.2668137550354004
 813604 0.1420433521270752 3.5022192001342773 0.264024019241333
 815409 0.1425611972808838 3.6394248008728027 0.26551389694213867
 817216 0.1427288055419922 3.643761157989502 0.26580810546875
 819025 0.14318251609802246 3.5255157947540283 0.2635984420776367
 820836 0.1435391902923584 3.6483895778656006 0.26739978790283203
 822649 0.14371800422668457 3.6638896465301514 0.2679882049560547
 824464 0.14370274543762207 3.552520751953125 0.26560115814208984
 826281 0.14446806907653809 3.6796915531158447 0.2688591480255127
 828100 0.1448068618774414 3.7010622024536133 0.2686340808868408
 829921 0.14489984512329102 3.5760161876678467 0.26771998405456543
 831744 0.14533758163452148 3.7079074382781982 0.27058959007263184
 833569 0.14545440673828125 3.7228851318359375 0.2710697650909424
 835396 0.14571762084960938 3.6177804470062256 0.2699873447418213
 837225 0.1461794376373291 3.727581024169922 0.27277326583862305
 839056 0.14656829833984375 3.745976448059082 0.2725977897644043
 840889 0.14679527282714844 3.636064052581787 0.27175164222717285
 842724 0.14717864990234375 3.763826370239258 0.27371788024902344
 844561 0.1475052833557129 3.775000810623169 0.2746729850769043
 846400 0.1475846767425537 3.655576467514038 0.2728605270385742
 848241 0.14808988571166992 3.7961175441741943 0.27569031715393066
 850084 0.14834260940551758 3.802790403366089 0.27551794052124023
 851929 0.14854884147644043 3.693025588989258 0.2743523120880127
 853776 0.14881038665771484 3.827680826187134 0.27759695053100586
 855625 0.1496729850769043 3.834135055541992 0.2794032096862793
 857476 0.14964556694030762 3.7098331451416016 0.2766237258911133
 859329 0.15002942085266113 3.8506343364715576 0.27965259552001953
 861184 0.1502392292022705 3.8579013347625732 0.2797544002532959
 863041 0.15050816535949707 3.7599871158599854 0.27804088592529297
 864900 0.1510791778564453 3.891047239303589 0.2811412811279297
 866761 0.1515369415283203 3.876190185546875 0.2813284397125244
 868624 0.15202546119689941 3.777548313140869 0.2802612781524658
 870489 0.15234041213989258 3.9017679691314697 0.2833383083343506
 872356 0.15246367454528809 3.91555118560791 0.2840123176574707
 874225 0.15238451957702637 3.8114640712738037 0.28185224533081055
 876096 0.15293169021606445 3.939232349395752 0.2842428684234619
 877969 0.15326189994812012 3.944415330886841 0.2854194641113281
 879844 0.1537477970123291 3.833162546157837 0.28331780433654785
 881721 0.153916597366333 3.958160161972046 0.2857966423034668
 883600 0.1544358730316162 3.9682116508483887 0.286484956741333
 885481 0.15456199645996094 3.8548030853271484 0.28493547439575195
 887364 0.15504240989685059 3.9849071502685547 0.2875392436981201
 889249 0.15552043914794922 3.999234437942505 0.28920817375183105
 891136 0.1556854248046875 3.8801980018615723 0.2874324321746826
 893025 0.1556408405303955 4.01522421836853 0.28986382484436035
 894916 0.15618276596069336 4.025707960128784 0.2904331684112549
 896809 0.15630769729614258 3.9097321033477783 0.2898447513580322
 898704 0.15680432319641113 4.047224521636963 0.2919588088989258
 900601 0.15699076652526855 4.071929454803467 0.2920706272125244
 902500 0.15741586685180664 3.9347658157348633 0.290421724319458
 904401 0.15770864486694336 4.073215961456299 0.29384803771972656
 906304 0.1588740348815918 4.078849792480469 0.29335522651672363
 908209 0.1582050323486328 3.9753313064575195 0.29398179054260254
 910116 0.15870022773742676 4.1092469692230225 0.2961859703063965
 912025 0.15910959243774414 4.103201627731323 0.2951521873474121
 913936 0.15929841995239258 3.9918911457061768 0.29474925994873047
 915849 0.15958881378173828 4.131673812866211 0.2980306148529053
 917764 0.16007351875305176 4.137775421142578 0.29816174507141113
 919681 0.16035127639770508 4.024860382080078 0.29556798934936523
 921600 0.1607677936553955 4.147854804992676 0.29960155487060547
 923521 0.16116809844970703 4.1597044467926025 0.29950904846191406
 925444 0.1617443561553955 4.034783601760864 0.2976861000061035
 927369 0.16170716285705566 4.177145481109619 0.3009333610534668
 929296 0.16274380683898926 4.19818115234375 0.30237674713134766
 931225 0.16234779357910156 4.073146820068359 0.30043625831604004
 933156 0.16328668594360352 4.228011608123779 0.30333733558654785
 935089 0.16308331489562988 4.238559007644653 0.3035011291503906
 937024 0.16374897956848145 4.100285291671753 0.300433874130249
 938961 0.16391563415527344 4.239661455154419 0.30475282669067383
 940900 0.16465067863464355 4.26521897315979 0.3058655261993408
 942841 0.16423821449279785 4.136810302734375 0.3036153316497803
 944784 0.16509008407592773 4.278716802597046 0.30661940574645996
 946729 0.16529297828674316 4.291936635971069 0.307157039642334
 948676 0.16540002822875977 4.169627666473389 0.30561232566833496
 950625 0.16574716567993164 4.306604623794556 0.30794501304626465
 952576 0.16637158393859863 4.314682960510254 0.30877161026000977
 954529 0.16620969772338867 4.186026096343994 0.30699920654296875
 956484 0.16698956489562988 4.347860813140869 0.3101010322570801
 958441 0.16721630096435547 4.334824085235596 0.31024909019470215
 960400 0.1674332618713379 4.217345476150513 0.30851268768310547
 962361 0.16809582710266113 4.371998310089111 0.31213808059692383
 964324 0.16826272010803223 4.368353366851807 0.31277036666870117
 966289 0.1685175895690918 4.255037307739258 0.3103008270263672
 968256 0.16902709007263184 4.386010408401489 0.31314516067504883
 970225 0.16916131973266602 4.415826082229614 0.3147754669189453
 972196 0.16936373710632324 4.294694662094116 0.3136448860168457
 974169 0.1701972484588623 4.424642562866211 0.31654953956604004
 976144 0.17066407203674316 4.433924913406372 0.31625986099243164
 978121 0.17072749137878418 4.31279993057251 0.31428003311157227
 980100 0.17119693756103516 4.45265531539917 0.31801629066467285
 982081 0.17139673233032227 4.477788209915161 0.3178422451019287
 984064 0.1714951992034912 4.32335638999939 0.31711387634277344
 986049 0.1721172332763672 4.494740724563599 0.3190433979034424
 988036 0.17279720306396484 4.49355411529541 0.3206062316894531
 990025 0.17295074462890625 4.352131128311157 0.31748151779174805
 992016 0.17300152778625488 4.519812345504761 0.32113099098205566
 994009 0.17376184463500977 4.540005922317505 0.32652997970581055
 996004 0.1739673614501953 4.393361330032349 0.32326197624206543
 998001 0.17425084114074707 4.557320833206177 0.32724857330322266