
 9 1.2159347534179688e-05 1.2874603271484375e-05 9.775161743164062e-06
 16 1.0013580322265625e-05 1.2636184692382812e-05 1.0967254638671875e-05
 25 1.1444091796875e-05 1.71661376953125e-05 1.4543533325195312e-05
 36 1.2874603271484375e-05 2.4080276489257812e-05 1.7642974853515625e-05
 49 1.4781951904296875e-05 3.24249267578125e-05 2.2649765014648438e-05
 64 1.6450881958007812e-05 4.267692565917969e-05 2.7418136596679688e-05
 81 1.8835067749023438e-05 5.7220458984375e-05 3.2901763916015625e-05
 100 2.2411346435546875e-05 7.128715515136719e-05 3.814697265625e-05
 121 2.4557113647460938e-05 8.940696716308594e-05 4.57763671875e-05
 144 2.6702880859375e-05 0.00010704994201660156 5.173683166503906e-05
 169 3.0040740966796875e-05 0.00013065338134765625 6.008148193359375e-05
 196 3.337860107421875e-05 0.0001583099365234375 6.747245788574219e-05
 225 3.7670135498046875e-05 0.0001876354217529297 7.581710815429688e-05
 256 4.291534423828125e-05 0.00021719932556152344 8.511543273925781e-05
 289 4.6253204345703125e-05 0.0002510547637939453 9.679794311523438e-05
 324 5.173683166503906e-05 0.00028586387634277344 0.00010633468627929688
 361 5.6743621826171875e-05 0.0003266334533691406 0.00011777877807617188
 400 6.103515625e-05 0.00036835670471191406 0.00012946128845214844
 441 6.699562072753906e-05 0.0004184246063232422 0.0001423358917236328
 484 7.224082946777344e-05 0.0004677772521972656 0.00015616416931152344
 529 7.915496826171875e-05 0.0005247592926025391 0.00017023086547851562
 576 8.7738037109375e-05 0.0005879402160644531 0.00018548965454101562
 625 9.632110595703125e-05 0.0006592273712158203 0.00020551681518554688
 676 0.00010418891906738281 0.0007383823394775391 0.0002219676971435547
 729 0.00011348724365234375 0.0008130073547363281 0.0002396106719970703
 784 0.00012230873107910156 0.0009012222290039062 0.0002586841583251953
 841 0.00013303756713867188 0.000988006591796875 0.0002799034118652344
 900 0.00014281272888183594 0.0010838508605957031 0.0003001689910888672
 961 0.00015401840209960938 0.00118255615234375 0.00031876564025878906
 1024 0.00016427040100097656 0.0012972354888916016 0.00034332275390625
 1089 0.00017762184143066406 0.0014007091522216797 0.0003638267517089844
 1156 0.00018739700317382812 0.0015101432800292969 0.00040221214294433594
 1225 0.00019931793212890625 0.0016298294067382812 0.00040912628173828125
 1296 0.0002117156982421875 0.0017468929290771484 0.0004322528839111328
 1369 0.0002238750457763672 0.0018775463104248047 0.0004570484161376953
 1444 0.00023603439331054688 0.002000093460083008 0.00047969818115234375
 1521 0.0002627372741699219 0.002149343490600586 0.0005104541778564453
 1600 0.000263214111328125 0.0022857189178466797 0.000537872314453125
 1681 0.00027632713317871094 0.0024323463439941406 0.000568389892578125
 1764 0.00029087066650390625 0.0025818347930908203 0.0005950927734375
 1849 0.00030517578125 0.0027458667755126953 0.0006248950958251953
 1936 0.0003192424774169922 0.0029234886169433594 0.0006575584411621094
 2025 0.0003349781036376953 0.0030837059020996094 0.0006849765777587891
 2116 0.0003509521484375 0.0032434463500976562 0.0007190704345703125
 2209 0.0003790855407714844 0.0034248828887939453 0.0007486343383789062
 2304 0.00038242340087890625 0.0036127567291259766 0.0007805824279785156
 2401 0.0003981590270996094 0.003788471221923828 0.0008387565612792969
 2500 0.0004143714904785156 0.0039882659912109375 0.0008437633514404297
 2601 0.00043320655822753906 0.0041942596435546875 0.0008790493011474609
 2704 0.0004496574401855469 0.004401206970214844 0.0009222030639648438
 2809 0.00046706199645996094 0.004658222198486328 0.0009667873382568359
 2916 0.000484466552734375 0.004824399948120117 0.0009872913360595703
 3025 0.0005042552947998047 0.005057096481323242 0.0010263919830322266
 3136 0.0005223751068115234 0.005290508270263672 0.0010623931884765625
 3249 0.0005409717559814453 0.005533933639526367 0.0011138916015625
 3364 0.000560760498046875 0.005732536315917969 0.001165151596069336
 3481 0.0005803108215332031 0.005987882614135742 0.001178741455078125
 3600 0.0005998611450195312 0.0062580108642578125 0.0012164115905761719
 3721 0.0006210803985595703 0.006496906280517578 0.0012781620025634766
 3844 0.000640869140625 0.006765842437744141 0.0013151168823242188
 3969 0.0006630420684814453 0.007033348083496094 0.0013566017150878906
 4096 0.0006844997406005859 0.0073130130767822266 0.0014126300811767578
 4225 0.0007059574127197266 0.00760197639465332 0.0014388561248779297
 4356 0.0007283687591552734 0.007855415344238281 0.001483917236328125
 4489 0.0007498264312744141 0.008194446563720703 0.0015287399291992188
 4624 0.00077056884765625 0.00844264030456543 0.0015721321105957031
 4761 0.000797271728515625 0.008759498596191406 0.0016164779663085938
 4900 0.0008318424224853516 0.00905609130859375 0.0016744136810302734
 5041 0.0008440017700195312 0.009364128112792969 0.001710653305053711
 5184 0.0008673667907714844 0.009682416915893555 0.0017638206481933594
 5329 0.0008928775787353516 0.010006427764892578 0.001814126968383789
 5476 0.0009162425994873047 0.01034688949584961 0.0018520355224609375
 5625 0.0009367465972900391 0.010685920715332031 0.0019001960754394531
 5776 0.0009629726409912109 0.011050701141357422 0.0019495487213134766
 5929 0.0009968280792236328 0.01138925552368164 0.002002716064453125
 6084 0.0010187625885009766 0.01175069808959961 0.002043485641479492
 6241 0.0010552406311035156 0.012087106704711914 0.0021016597747802734
 6400 0.001073598861694336 0.012462854385375977 0.0021550655364990234
 6561 0.0011153221130371094 0.012838602066040039 0.002207517623901367
 6724 0.0011279582977294922 0.013213396072387695 0.0022873878479003906
 6889 0.0011570453643798828 0.01358485221862793 0.0023283958435058594
 7056 0.0011980533599853516 0.013974428176879883 0.0023598670959472656
 7225 0.001211404800415039 0.014383554458618164 0.0024268627166748047
 7396 0.001238107681274414 0.014804840087890625 0.002472400665283203
 7569 0.0012731552124023438 0.015211820602416992 0.0025386810302734375
 7744 0.0012993812561035156 0.01565265655517578 0.0025916099548339844
 7921 0.0013430118560791016 0.016014575958251953 0.002655506134033203
 8100 0.0013582706451416016 0.01647210121154785 0.002707958221435547
 8281 0.0013837814331054688 0.01687932014465332 0.0027704238891601562
 8464 0.001413106918334961 0.017328262329101562 0.002826690673828125
 8649 0.0014657974243164062 0.017772197723388672 0.002921581268310547
 8836 0.0014846324920654297 0.018247365951538086 0.0029449462890625
 9025 0.0015139579772949219 0.01871657371520996 0.0030226707458496094
 9216 0.0015463829040527344 0.019177675247192383 0.00305938720703125
 9409 0.0015797615051269531 0.019673824310302734 0.0031273365020751953
 9604 0.001613616943359375 0.020136117935180664 0.0032052993774414062
 9801 0.0016469955444335938 0.020626306533813477 0.0032699108123779297
 10000 0.0016782283782958984 0.021076440811157227 0.00333404541015625
 10201 0.0017116069793701172 0.021602392196655273 0.003387451171875
 10404 0.0017478466033935547 0.022093772888183594 0.003439664840698242
 10609 0.0017826557159423828 0.022597789764404297 0.003515481948852539
 10816 0.001817464828491211 0.02310967445373535 0.003593921661376953
 11025 0.0018510818481445312 0.023673295974731445 0.003653287887573242
 11236 0.0018770694732666016 0.024175643920898438 0.003702402114868164
 11449 0.0019218921661376953 0.024710416793823242 0.0037751197814941406
 11664 0.001959562301635742 0.02528071403503418 0.003896474838256836
 11881 0.0019965171813964844 0.025788307189941406 0.003934621810913086
 12100 0.0020322799682617188 0.026374340057373047 0.003996372222900391
 12321 0.002075672149658203 0.026946544647216797 0.004066944122314453
 12544 0.002106189727783203 0.02750563621520996 0.004135608673095703
 12769 0.002158641815185547 0.028123855590820312 0.0042209625244140625
 12996 0.0021839141845703125 0.028666257858276367 0.004291057586669922
 13225 0.002221822738647461 0.029282569885253906 0.004352569580078125
 13456 0.002259969711303711 0.029876708984375 0.004424571990966797
 13689 0.0023005008697509766 0.030448198318481445 0.004512310028076172
 13924 0.0023391246795654297 0.031062841415405273 0.0045773983001708984
 14161 0.002384185791015625 0.03171801567077637 0.004682302474975586
 14400 0.002429962158203125 0.03233146667480469 0.004726886749267578
 14641 0.0024695396423339844 0.032914161682128906 0.0047838687896728516
 14884 0.0025022029876708984 0.03360342979431152 0.004903078079223633
 15129 0.002544879913330078 0.03420233726501465 0.0049555301666259766
 15376 0.0025835037231445312 0.03489375114440918 0.005051851272583008
 15625 0.0026247501373291016 0.03557562828063965 0.005126237869262695
 15876 0.0026674270629882812 0.03616976737976074 0.00520777702331543
 16129 0.0026955604553222656 0.03688383102416992 0.005284309387207031
 16384 0.002741098403930664 0.037554264068603516 0.005360603332519531
 16641 0.002787351608276367 0.03825020790100098 0.005430936813354492
 16900 0.0028388500213623047 0.03899812698364258 0.0055539608001708984
 17161 0.0028946399688720703 0.03967618942260742 0.005592823028564453
 17424 0.002914905548095703 0.04027605056762695 0.005712032318115234
 17689 0.0029740333557128906 0.04097795486450195 0.005774974822998047
 17956 0.003021240234375 0.0417940616607666 0.005867481231689453
 18225 0.0030596256256103516 0.04243874549865723 0.00597071647644043
 18496 0.0031070709228515625 0.04323840141296387 0.006022214889526367
 18769 0.003165721893310547 0.043982505798339844 0.006115913391113281
 19044 0.003201007843017578 0.044704437255859375 0.0062258243560791016
 19321 0.00323486328125 0.04546189308166504 0.006299257278442383
 19600 0.003294706344604492 0.04623746871948242 0.006410121917724609
 19881 0.0033409595489501953 0.04698371887207031 0.006476163864135742
 20164 0.0033721923828125 0.04777669906616211 0.006560087203979492
 20449 0.0034379959106445312 0.048562049865722656 0.006671428680419922
 20736 0.0034923553466796875 0.049370765686035156 0.0067539215087890625
 21025 0.003535032272338867 0.05013394355773926 0.006834268569946289
 21316 0.003583669662475586 0.050960540771484375 0.006928920745849609
 21609 0.003631591796875 0.05182790756225586 0.007009983062744141
 21904 0.0036864280700683594 0.05262398719787598 0.00712132453918457
 22201 0.0037348270416259766 0.05335879325866699 0.0072247982025146484
 22500 0.0037763118743896484 0.05425906181335449 0.007299900054931641
 22801 0.003831624984741211 0.05505824089050293 0.00740504264831543
 23104 0.0038826465606689453 0.05593109130859375 0.007485389709472656
 23409 0.003940105438232422 0.05675029754638672 0.007584333419799805
 23716 0.004000425338745117 0.05760812759399414 0.0077092647552490234
 24025 0.004039287567138672 0.05852103233337402 0.007782459259033203
 24336 0.004089832305908203 0.0592653751373291 0.007862567901611328
 24649 0.004143476486206055 0.060434818267822266 0.007982254028320312
 24964 0.004216432571411133 0.06113266944885254 0.008080720901489258
 25281 0.004233837127685547 0.062017202377319336 0.008172273635864258
 25600 0.00430607795715332 0.06305527687072754 0.00828242301940918
 25921 0.004350185394287109 0.06382417678833008 0.008359193801879883
 26244 0.0044252872467041016 0.06480765342712402 0.008465051651000977
 26569 0.004479646682739258 0.06574511528015137 0.00857234001159668
 26896 0.004525661468505859 0.06662893295288086 0.008717775344848633
 27225 0.004576921463012695 0.06760835647583008 0.008768320083618164
 27556 0.0046367645263671875 0.06845235824584961 0.008868217468261719
 27889 0.0046694278717041016 0.06945037841796875 0.008975028991699219
 28224 0.004728794097900391 0.07028388977050781 0.009088754653930664
 28561 0.004776716232299805 0.07174992561340332 0.009212255477905273
 28900 0.004854679107666016 0.07278800010681152 0.009331226348876953
 29241 0.004914999008178711 0.07372546195983887 0.009436368942260742
 29584 0.004983425140380859 0.07429695129394531 0.009607076644897461
 29929 0.005042076110839844 0.07530951499938965 0.009653806686401367
 30276 0.005067110061645508 0.07632327079772949 0.009766340255737305
 30625 0.005160093307495117 0.07732319831848145 0.009857892990112305
 30976 0.0051844120025634766 0.07835674285888672 0.009956121444702148
 31329 0.005244255065917969 0.07944679260253906 0.010104656219482422
 31684 0.005326986312866211 0.08047318458557129 0.010161161422729492
 32041 0.005387067794799805 0.08144092559814453 0.010286331176757812
 32400 0.0054399967193603516 0.08246874809265137 0.010419607162475586
 32761 0.00551605224609375 0.08348870277404785 0.010496139526367188
 33124 0.005570650100708008 0.08461356163024902 0.010688304901123047
 33489 0.0056269168853759766 0.08583784103393555 0.01075887680053711
 33856 0.005696535110473633 0.08663177490234375 0.010880470275878906
 34225 0.00577092170715332 0.08778119087219238 0.010959148406982422
 34596 0.005820512771606445 0.0889284610748291 0.011105537414550781
 34969 0.0058863162994384766 0.09009337425231934 0.011225700378417969
 35344 0.00592350959777832 0.09113812446594238 0.011347532272338867
 35721 0.006004810333251953 0.09224772453308105 0.011436939239501953
 36100 0.00604248046875 0.09321928024291992 0.011540412902832031
 36481 0.0061452388763427734 0.09434318542480469 0.011752605438232422
 36864 0.0061914920806884766 0.09544777870178223 0.011791229248046875
 37249 0.0062825679779052734 0.09682226181030273 0.01194453239440918
 37636 0.0063397884368896484 0.09792661666870117 0.012053251266479492
 38025 0.006417989730834961 0.09902095794677734 0.012159109115600586
 38416 0.0064465999603271484 0.10023212432861328 0.01227879524230957
 38809 0.006545066833496094 0.1013329029083252 0.012445211410522461
 39204 0.006600141525268555 0.1025702953338623 0.01256871223449707
 39601 0.006654977798461914 0.10357165336608887 0.01269221305847168
 40000 0.006730556488037109 0.10558271408081055 0.012817859649658203
 40401 0.006783485412597656 0.10601186752319336 0.012867212295532227
 40804 0.006867647171020508 0.1074223518371582 0.013011455535888672
 41209 0.006943941116333008 0.10843157768249512 0.013161897659301758
 41616 0.0070345401763916016 0.10984158515930176 0.01329660415649414
 42025 0.007035732269287109 0.11090636253356934 0.01347041130065918
 42436 0.007154703140258789 0.11212849617004395 0.013583183288574219
 42849 0.00722050666809082 0.11333250999450684 0.013699769973754883
 43264 0.007286787033081055 0.11480855941772461 0.013816595077514648
 43681 0.007345676422119141 0.11613225936889648 0.013975143432617188
 44100 0.007399559020996094 0.11733150482177734 0.01416468620300293
 44521 0.007471799850463867 0.11853790283203125 0.01418161392211914
 44944 0.00761103630065918 0.1198723316192627 0.014340400695800781
 45369 0.007651805877685547 0.12131214141845703 0.014496326446533203
 45796 0.007699012756347656 0.12261390686035156 0.014635324478149414
 46225 0.007791996002197266 0.12416648864746094 0.014779090881347656
 46656 0.007844686508178711 0.12523746490478516 0.014863252639770508
 47089 0.007942914962768555 0.12643170356750488 0.014996528625488281
 47524 0.007990121841430664 0.1282486915588379 0.015223503112792969
 47961 0.008071184158325195 0.1292116641998291 0.015368223190307617
 48400 0.008110284805297852 0.13032984733581543 0.01546621322631836
 48841 0.008210420608520508 0.1318809986114502 0.015568256378173828
 49284 0.008295774459838867 0.13316607475280762 0.01578497886657715
 49729 0.008365154266357422 0.1345813274383545 0.015926599502563477
 50176 0.008411645889282227 0.13609981536865234 0.016108036041259766
 50625 0.008505821228027344 0.13747477531433105 0.016191959381103516
 51076 0.008584976196289062 0.13857698440551758 0.01623082160949707
 51529 0.008699655532836914 0.14049363136291504 0.016503095626831055
 51984 0.008747339248657227 0.14137911796569824 0.01660323143005371
 52441 0.008815526962280273 0.14290165901184082 0.01669168472290039
 52900 0.008898496627807617 0.1440432071685791 0.016826868057250977
 53361 0.008968830108642578 0.14589548110961914 0.01699090003967285
 53824 0.009055852890014648 0.14694881439208984 0.017118215560913086
 54289 0.009173393249511719 0.1486504077911377 0.017449617385864258
 54756 0.009254217147827148 0.15003275871276855 0.01756882667541504
 55225 0.009334564208984375 0.15155506134033203 0.017562389373779297
 55696 0.00937962532043457 0.15297722816467285 0.01770329475402832
 56169 0.009460210800170898 0.1542975902557373 0.01783919334411621
 56644 0.009527921676635742 0.15598750114440918 0.018093585968017578
 57121 0.009686708450317383 0.15755677223205566 0.018215656280517578
 57600 0.009754419326782227 0.15897583961486816 0.018316984176635742
 58081 0.00980997085571289 0.16063642501831055 0.01848125457763672
 58564 0.009860038757324219 0.16198253631591797 0.018613576889038086
 59049 0.009938240051269531 0.1631317138671875 0.01884293556213379
 59536 0.010060310363769531 0.16528987884521484 0.018975257873535156
 60025 0.010093927383422852 0.16681480407714844 0.019161462783813477
 60516 0.010186195373535156 0.16791462898254395 0.019231081008911133
 61009 0.010348081588745117 0.1697368621826172 0.019375324249267578
 61504 0.010355710983276367 0.17123889923095703 0.01959061622619629
 62001 0.010544776916503906 0.1732642650604248 0.01987624168395996
 62500 0.010553598403930664 0.17473101615905762 0.01981043815612793
 63001 0.010673999786376953 0.17615818977355957 0.019968509674072266
 63504 0.010714292526245117 0.17771577835083008 0.020176410675048828
 64009 0.010890722274780273 0.17926573753356934 0.02059173583984375
 64516 0.010879755020141602 0.18082857131958008 0.020635366439819336
 65025 0.011053085327148438 0.18253779411315918 0.020773649215698242
 65536 0.011041402816772461 0.1842796802520752 0.020766019821166992
 66049 0.011206388473510742 0.18483972549438477 0.02099323272705078
 66564 0.011226654052734375 0.18642115592956543 0.02120351791381836
 67081 0.011405229568481445 0.18821048736572266 0.021504878997802734
 67600 0.011378765106201172 0.19031405448913574 0.02167487144470215
 68121 0.01156759262084961 0.19182896614074707 0.021686792373657227
 68644 0.01155853271484375 0.19379305839538574 0.021912336349487305
 69169 0.011750459671020508 0.19532084465026855 0.022122859954833984
 69696 0.01179814338684082 0.1977548599243164 0.022226333618164062
 70225 0.011945009231567383 0.19894099235534668 0.022395849227905273
 70756 0.011965513229370117 0.20148563385009766 0.022581100463867188
 71289 0.012115955352783203 0.202744722366333 0.022751569747924805
 71824 0.012131214141845703 0.20478081703186035 0.02285146713256836
 72361 0.012324333190917969 0.2072761058807373 0.023209571838378906
 72900 0.012348413467407227 0.20833468437194824 0.023200511932373047
 73441 0.012497425079345703 0.21019554138183594 0.023534774780273438
 73984 0.012506484985351562 0.21246981620788574 0.023654699325561523
 74529 0.012667179107666016 0.21410036087036133 0.02380228042602539
 75076 0.012680530548095703 0.21599030494689941 0.023939847946166992
 75625 0.0128936767578125 0.21780848503112793 0.024207592010498047
 76176 0.012848615646362305 0.22049713134765625 0.024443626403808594
 76729 0.013054370880126953 0.22226619720458984 0.02462625503540039
 77284 0.013124465942382812 0.22377252578735352 0.024641752243041992
 77841 0.013233423233032227 0.22562837600708008 0.02510213851928711
 78400 0.013220787048339844 0.2280137538909912 0.02511882781982422
 78961 0.013439178466796875 0.2297811508178711 0.025281429290771484
 79524 0.013433456420898438 0.23194098472595215 0.02535533905029297
 80089 0.013644933700561523 0.2336406707763672 0.025776147842407227
 80656 0.013663291931152344 0.23567605018615723 0.025852203369140625
 81225 0.013842582702636719 0.23743438720703125 0.026102304458618164
 81796 0.013829231262207031 0.23976993560791016 0.026260852813720703
 82369 0.014022111892700195 0.2421867847442627 0.026456117630004883
 82944 0.01404881477355957 0.24407005310058594 0.026695728302001953
 83521 0.014238595962524414 0.2461097240447998 0.02700352668762207
 84100 0.014190196990966797 0.24805426597595215 0.027057170867919922
 84681 0.014430046081542969 0.2501184940338135 0.027147293090820312
 85264 0.01443338394165039 0.2527334690093994 0.0273740291595459
 85849 0.014644622802734375 0.2550523281097412 0.0278780460357666
 86436 0.014637947082519531 0.2562062740325928 0.02796649932861328
 87025 0.014814138412475586 0.2588791847229004 0.027988433837890625
 87616 0.014815807342529297 0.2607560157775879 0.028064727783203125
 88209 0.015032768249511719 0.2642781734466553 0.028419971466064453
 88804 0.015046834945678711 0.26534366607666016 0.028484344482421875
 89401 0.015272378921508789 0.26757192611694336 0.02898263931274414
 90000 0.015236139297485352 0.26971864700317383 0.02910590171813965
 90601 0.015443801879882812 0.27154541015625 0.029031038284301758
 91204 0.01540994644165039 0.27326178550720215 0.02936410903930664
 91809 0.015680313110351562 0.27631568908691406 0.029708385467529297
 92416 0.015625476837158203 0.27812695503234863 0.02977442741394043
 93025 0.015878915786743164 0.2808222770690918 0.030011415481567383
 93636 0.015850067138671875 0.2823162078857422 0.0300295352935791
 94249 0.01607990264892578 0.2851905822753906 0.03046250343322754
 94864 0.016083478927612305 0.286651611328125 0.03049325942993164
 95481 0.016299962997436523 0.2896897792816162 0.030737638473510742
 96100 0.016234636306762695 0.29192137718200684 0.031056642532348633
 96721 0.016518115997314453 0.2937657833099365 0.031101226806640625
 97344 0.01645040512084961 0.29637622833251953 0.0314028263092041
 97969 0.016711711883544922 0.2984490394592285 0.03179478645324707
 98596 0.016698837280273438 0.30068063735961914 0.03193545341491699
 99225 0.016954421997070312 0.3042562007904053 0.03211188316345215
 99856 0.01691746711730957 0.3061079978942871 0.03219342231750488
 100489 0.017139673233032227 0.30822110176086426 0.032297372817993164
 101124 0.01712775230407715 0.3106975555419922 0.032643795013427734
 101761 0.017337560653686523 0.3126354217529297 0.03309297561645508
 102400 0.017411470413208008 0.3159346580505371 0.0330204963684082
 103041 0.017599821090698242 0.3184165954589844 0.033332109451293945
 103684 0.017592191696166992 0.31998395919799805 0.03367924690246582
 104329 0.01784372329711914 0.3219437599182129 0.03388643264770508
 104976 0.01784229278564453 0.3243100643157959 0.0339665412902832
 105625 0.018043994903564453 0.3278074264526367 0.03420519828796387
 106276 0.018063783645629883 0.32848668098449707 0.03462719917297363
 106929 0.01825857162475586 0.33214426040649414 0.03470110893249512
 107584 0.018248319625854492 0.3350636959075928 0.03493618965148926
 108241 0.01848459243774414 0.3371469974517822 0.034995079040527344
 108900 0.018409013748168945 0.3400754928588867 0.03528451919555664
 109561 0.01869964599609375 0.3423914909362793 0.03548884391784668
 110224 0.01866602897644043 0.3447709083557129 0.035436391830444336
 110889 0.0189664363861084 0.3461151123046875 0.03578948974609375
 111556 0.018940210342407227 0.34923768043518066 0.03612780570983887
 112225 0.019156217575073242 0.3518037796020508 0.036522865295410156
 112896 0.019209861755371094 0.35591959953308105 0.03660893440246582
 113569 0.01936197280883789 0.3574199676513672 0.03693342208862305
 114244 0.019360065460205078 0.36009931564331055 0.036963701248168945
 114921 0.0196382999420166 0.36170148849487305 0.03725314140319824
 115600 0.019579648971557617 0.36337995529174805 0.03720402717590332
 116281 0.019883155822753906 0.3683650493621826 0.03773641586303711
 116964 0.019792795181274414 0.3701670169830322 0.03774905204772949
 117649 0.0200958251953125 0.3736228942871094 0.03814339637756348
 118336 0.02002739906311035 0.37523818016052246 0.038117170333862305
 119025 0.020321130752563477 0.37865519523620605 0.03873014450073242
 119716 0.02026653289794922 0.37831759452819824 0.03872370719909668
 120409 0.0205841064453125 0.38311767578125 0.039246320724487305
 121104 0.020512104034423828 0.383652925491333 0.03939533233642578
 121801 0.020862102508544922 0.389376163482666 0.039556264877319336
 122500 0.020787715911865234 0.3919219970703125 0.039886474609375
 123201 0.021060943603515625 0.39276957511901855 0.04004478454589844
 123904 0.020994901657104492 0.39667797088623047 0.040191650390625
 124609 0.021260738372802734 0.3997364044189453 0.04097461700439453
 125316 0.021280765533447266 0.40141892433166504 0.040860891342163086
 126025 0.021522045135498047 0.40224146842956543 0.040994882583618164
 126736 0.021509408950805664 0.4072914123535156 0.04109072685241699
 127449 0.021787166595458984 0.40991902351379395 0.04135727882385254
 128164 0.021742820739746094 0.41423702239990234 0.04199075698852539
 128881 0.02205681800842285 0.41602301597595215 0.04186129570007324
 129600 0.021991491317749023 0.4177360534667969 0.04210996627807617
 130321 0.022134780883789062 0.4213387966156006 0.042266845703125
 131044 0.022257566452026367 0.42322254180908203 0.042619943618774414
 131769 0.022373437881469727 0.4256606101989746 0.04283452033996582
 132496 0.022645235061645508 0.42992544174194336 0.04300117492675781
 133225 0.022564172744750977 0.43328166007995605 0.043366193771362305
 133956 0.022881031036376953 0.4349329471588135 0.04333043098449707
 134689 0.022822856903076172 0.43704915046691895 0.04367494583129883
 135424 0.023188114166259766 0.4399888515472412 0.04424405097961426
 136161 0.023055315017700195 0.4420955181121826 0.044857025146484375
 136900 0.02323317527770996 0.44530534744262695 0.044603586196899414
 137641 0.0233309268951416 0.448627233505249 0.044621944427490234
 138384 0.023468494415283203 0.4508533477783203 0.04485440254211426
 139129 0.023618698120117188 0.45456433296203613 0.04554104804992676
 139876 0.023717403411865234 0.45562100410461426 0.045747995376586914
 140625 0.02385544776916504 0.4598555564880371 0.04577755928039551
 141376 0.02395939826965332 0.46413183212280273 0.04597043991088867
 142129 0.024116992950439453 0.4654364585876465 0.046289920806884766
 142884 0.024261951446533203 0.4703178405761719 0.046686649322509766
 143641 0.024369239807128906 0.4721055030822754 0.0474550724029541
 144400 0.02447819709777832 0.476482629776001 0.04716634750366211
 145161 0.024637699127197266 0.477200984954834 0.04721713066101074
 145924 0.02474498748779297 0.4800901412963867 0.047368764877319336
 146689 0.025005340576171875 0.4856138229370117 0.048180580139160156
 147456 0.02509474754333496 0.48464035987854004 0.04836463928222656
 148225 0.02514481544494629 0.4881477355957031 0.048139095306396484
 148996 0.025270700454711914 0.49372220039367676 0.0484929084777832
 149769 0.025400876998901367 0.49558234214782715 0.04902315139770508
 150544 0.025585651397705078 0.4984610080718994 0.049716949462890625
 151321 0.025678396224975586 0.4996156692504883 0.050183773040771484
 152100 0.02582383155822754 0.5022308826446533 0.04952239990234375
 152881 0.0259857177734375 0.5074450969696045 0.05001974105834961
 153664 0.026090145111083984 0.5125739574432373 0.050153493881225586
 154449 0.02622365951538086 0.5155391693115234 0.05038261413574219
 155236 0.02635788917541504 0.5168871879577637 0.050560712814331055
 156025 0.026470661163330078 0.5199041366577148 0.05105423927307129
 156816 0.02667832374572754 0.5210697650909424 0.05118131637573242
 157609 0.02673029899597168 0.5255258083343506 0.05121588706970215
 158404 0.026895523071289062 0.5268650054931641 0.05169963836669922
 159201 0.027027606964111328 0.5319125652313232 0.0520327091217041
 160000 0.027143478393554688 0.5359621047973633 0.05223679542541504
 160801 0.027246952056884766 0.5401232242584229 0.05243492126464844
 161604 0.02745223045349121 0.5445361137390137 0.05260157585144043
 162409 0.02762317657470703 0.5414257049560547 0.05348372459411621
 163216 0.027715682983398438 0.5497276782989502 0.05378866195678711
 164025 0.027827024459838867 0.5521650314331055 0.0535578727722168
 164836 0.028014183044433594 0.5543162822723389 0.05376172065734863
 165649 0.028148651123046875 0.5570921897888184 0.0542757511138916
 166464 0.028308629989624023 0.5606899261474609 0.054598331451416016
 167281 0.02848219871520996 0.5652625560760498 0.054918527603149414
 168100 0.028524398803710938 0.5686221122741699 0.05464601516723633
 168921 0.028707504272460938 0.5697281360626221 0.05512547492980957
 169744 0.028851985931396484 0.57049560546875 0.05522632598876953
 170569 0.02898716926574707 0.5788881778717041 0.05657076835632324
 171396 0.0293734073638916 0.5809895992279053 0.05698108673095703
 172225 0.02924203872680664 0.579338550567627 0.05625510215759277
 173056 0.02937793731689453 0.5823912620544434 0.05636429786682129
 173889 0.029495716094970703 0.5918021202087402 0.05672097206115723
 174724 0.029676437377929688 0.5928194522857666 0.05730128288269043
 175561 0.029857873916625977 0.5969505310058594 0.057272911071777344
 176400 0.029938697814941406 0.6005005836486816 0.05735492706298828
 177241 0.030212879180908203 0.6029527187347412 0.05814194679260254
 178084 0.0303497314453125 0.6049978733062744 0.058260440826416016
 178929 0.030405521392822266 0.6110832691192627 0.05851888656616211
 179776 0.030566692352294922 0.6151750087738037 0.058975934982299805
 180625 0.0307772159576416 0.6140470504760742 0.05894303321838379
 181476 0.030848264694213867 0.6185362339019775 0.059029579162597656
 182329 0.030991792678833008 0.6216692924499512 0.05955171585083008
 183184 0.031186342239379883 0.6281087398529053 0.06013321876525879
 184041 0.03127884864807129 0.6274638175964355 0.06075239181518555
 184900 0.031395673751831055 0.634852409362793 0.06034970283508301
 185761 0.031638145446777344 0.6397404670715332 0.060437917709350586
 186624 0.03178715705871582 0.6389966011047363 0.060782670974731445
 187489 0.031848907470703125 0.6443004608154297 0.0614776611328125
 188356 0.032097816467285156 0.646845817565918 0.06176447868347168
 189225 0.03215289115905762 0.6514182090759277 0.062042951583862305
 190096 0.032285213470458984 0.6560461521148682 0.06241440773010254
 190969 0.032436370849609375 0.6531982421875 0.06292438507080078
 191844 0.032601118087768555 0.6599092483520508 0.06272649765014648
 192721 0.032778263092041016 0.6624019145965576 0.06290388107299805
 193600 0.032930850982666016 0.670241117477417 0.0634915828704834
 194481 0.03315162658691406 0.6711163520812988 0.06392741203308105
 195364 0.03324007987976074 0.6747317314147949 0.06418323516845703
 196249 0.03333640098571777 0.6792912483215332 0.06400680541992188
 197136 0.033606529235839844 0.6809329986572266 0.06450390815734863
 198025 0.0336003303527832 0.6856424808502197 0.06499600410461426
 198916 0.03377842903137207 0.6908657550811768 0.06544375419616699
 199809 0.03391623497009277 0.6945211887359619 0.06552433967590332
 200704 0.03403592109680176 0.6969070434570312 0.06559181213378906
 201601 0.03426623344421387 0.7024056911468506 0.06595849990844727
 202500 0.034473419189453125 0.6994686126708984 0.06648707389831543
 203401 0.034543514251708984 0.7079524993896484 0.06664228439331055
 204304 0.03495621681213379 0.7091748714447021 0.06676554679870605
 205209 0.034900665283203125 0.7137393951416016 0.06750106811523438
 206116 0.035073041915893555 0.7189242839813232 0.06771397590637207
 207025 0.035140275955200195 0.720294713973999 0.06744170188903809
 207936 0.035276174545288086 0.7220876216888428 0.06770515441894531
 208849 0.03551220893859863 0.7302494049072266 0.06816816329956055
 209764 0.03570842742919922 0.7310259342193604 0.06895089149475098
 210681 0.03586173057556152 0.7361514568328857 0.06923484802246094
 211600 0.03593158721923828 0.7408361434936523 0.06904816627502441
 212521 0.03622293472290039 0.7449617385864258 0.06938648223876953
 213444 0.03638601303100586 0.7466166019439697 0.06969165802001953
 214369 0.036478281021118164 0.7537519931793213 0.07091403007507324
 215296 0.03660750389099121 0.7571911811828613 0.07066011428833008
 216225 0.03679037094116211 0.7629032135009766 0.0706028938293457
 217156 0.037061214447021484 0.7632718086242676 0.0711371898651123
 218089 0.037140846252441406 0.7674977779388428 0.07164716720581055
 219024 0.03730630874633789 0.7724423408508301 0.07290983200073242
 219961 0.03736543655395508 0.776599645614624 0.07315993309020996
 220900 0.03761124610900879 0.7816324234008789 0.07280921936035156
 221841 0.03768348693847656 0.7819530963897705 0.07279562950134277
 222784 0.03797745704650879 0.7903103828430176 0.073577880859375
 223729 0.038031578063964844 0.7901148796081543 0.07461166381835938
 224676 0.038177490234375 0.7960479259490967 0.07482481002807617
 225625 0.03835797309875488 0.7976319789886475 0.0741434097290039
 226576 0.03850555419921875 0.8065266609191895 0.07488727569580078
 227529 0.03862190246582031 0.8045086860656738 0.0752406120300293
 228484 0.038869380950927734 0.8089942932128906 0.0767369270324707
 229441 0.039046287536621094 0.8150100708007812 0.07694482803344727
 230400 0.03907513618469238 0.820077657699585 0.07579660415649414
 231361 0.03933358192443848 0.8198363780975342 0.07605171203613281
 232324 0.03966259956359863 0.8270800113677979 0.07642245292663574
 233289 0.039641380310058594 0.8342759609222412 0.0777437686920166
 234256 0.03986310958862305 0.8357555866241455 0.07810139656066895
 235225 0.03998374938964844 0.8392157554626465 0.07725715637207031
 236196 0.04020214080810547 0.8439180850982666 0.07757043838500977
 237169 0.0402674674987793 0.8480448722839355 0.07790851593017578
 238144 0.04047846794128418 0.849722146987915 0.07951188087463379
 239121 0.04062175750732422 0.8577637672424316 0.07962965965270996
 240100 0.040770530700683594 0.8544623851776123 0.0787501335144043
 241081 0.041033267974853516 0.8662116527557373 0.07921433448791504
 242064 0.04122352600097656 0.8676314353942871 0.07949686050415039
 243049 0.04128265380859375 0.8706998825073242 0.08091902732849121
 244036 0.041489601135253906 0.8762030601501465 0.07962274551391602
 245025 0.04169631004333496 0.8808231353759766 0.08050203323364258
 246016 0.041785478591918945 0.8900072574615479 0.08092927932739258
 247009 0.04198789596557617 0.8910143375396729 0.0810401439666748
 248004 0.04231429100036621 0.8899192810058594 0.08245468139648438
 249001 0.04231905937194824 0.8957886695861816 0.08287453651428223
 250000 0.04259133338928223 0.9034652709960938 0.08208847045898438
 251001 0.042845964431762695 0.9017362594604492 0.08243656158447266
 252004 0.04282498359680176 0.9087929725646973 0.08295106887817383
 253009 0.04310464859008789 0.9110023975372314 0.08434844017028809
 254016 0.04326486587524414 0.9210262298583984 0.08459734916687012
 255025 0.043341636657714844 0.9236514568328857 0.08377361297607422
 256036 0.04372262954711914 0.9234421253204346 0.08382463455200195
 257049 0.04364490509033203 0.9305593967437744 0.08445286750793457
 258064 0.04388308525085449 0.935744047164917 0.08595037460327148
 259081 0.04406547546386719 0.9353275299072266 0.08549046516418457
 260100 0.04433274269104004 0.9427227973937988 0.08482050895690918
 261121 0.04434561729431152 0.9462621212005615 0.08530664443969727
 262144 0.04467916488647461 0.9531068801879883 0.08552980422973633
 263169 0.04530787467956543 0.9600169658660889 0.08748507499694824
 264196 0.04503917694091797 0.9905152320861816 0.08666682243347168
 265225 0.04506564140319824 0.9640302658081055 0.0865020751953125
 266256 0.04534721374511719 0.9697680473327637 0.08690214157104492
 267289 0.0455327033996582 0.9769456386566162 0.0879507064819336
 268324 0.04564380645751953 0.9816997051239014 0.08829903602600098
 269361 0.04578042030334473 0.9832112789154053 0.08904290199279785
 270400 0.04586529731750488 0.9850678443908691 0.08873891830444336
 271441 0.04606056213378906 0.9951457977294922 0.08824920654296875
 272484 0.046399593353271484 0.9966275691986084 0.0894017219543457
 273529 0.04661822319030762 0.9979720115661621 0.09007048606872559
 274576 0.04663395881652832 1.0041756629943848 0.09040021896362305
 275625 0.047017812728881836 1.0117135047912598 0.09010863304138184
 276676 0.047126054763793945 1.0156333446502686 0.09043288230895996
 277729 0.04729294776916504 1.0159289836883545 0.0910024642944336
 278784 0.04738306999206543 1.0263984203338623 0.09192824363708496
 279841 0.04757857322692871 1.0312776565551758 0.09207272529602051
 280900 0.047815799713134766 1.037893533706665 0.09166073799133301
 281961 0.04791998863220215 1.0367491245269775 0.0922398567199707
 283024 0.04820418357849121 1.0419981479644775 0.09235596656799316
 284089 0.048584938049316406 1.044562816619873 0.09319448471069336
 285156 0.0485990047454834 1.049394130706787 0.0935506820678711
 286225 0.04874467849731445 1.059859275817871 0.0933687686920166
 287296 0.048919677734375 1.0550637245178223 0.09378409385681152
 288369 0.04913330078125 1.0609517097473145 0.09413337707519531
 289444 0.04918360710144043 1.07012939453125 0.09510302543640137
 290521 0.04939532279968262 1.071103572845459 0.09567809104919434
 291600 0.049526214599609375 1.0756652355194092 0.09505081176757812
 292681 0.049729347229003906 1.0889577865600586 0.09569978713989258
 293764 0.04997515678405762 1.0878467559814453 0.09657454490661621
 294849 0.050109148025512695 1.0919373035430908 0.09815669059753418
 295936 0.0509793758392334 1.1007728576660156 0.09899616241455078
 297025 0.05100297927856445 1.10233736038208 0.09798479080200195
 298116 0.05136990547180176 1.1054706573486328 0.0982365608215332
 299209 0.05145692825317383 1.1105222702026367 0.0981588363647461
 300304 0.05167555809020996 1.114654779434204 0.10007929801940918
 301401 0.051888465881347656 1.1204726696014404 0.10044598579406738
 302500 0.05194282531738281 1.1271741390228271 0.09963130950927734
 303601 0.05226325988769531 1.1330466270446777 0.09973692893981934
 304704 0.052338600158691406 1.1307551860809326 0.10017514228820801
 305809 0.05257225036621094 1.1396427154541016 0.10245966911315918
 306916 0.052886962890625 1.147153615951538 0.10236644744873047
 308025 0.0529637336730957 1.1447255611419678 0.10120344161987305
 309136 0.05322885513305664 1.1526134014129639 0.10247302055358887
 310249 0.05333876609802246 1.1656553745269775 0.10150480270385742
 311364 0.05356955528259277 1.1641104221343994 0.10172462463378906
 312481 0.05381608009338379 1.1696856021881104 0.1019279956817627
 313600 0.054047346115112305 1.1690425872802734 0.10313200950622559
 314721 0.05420279502868652 1.1737561225891113 0.10348153114318848
 315844 0.05428338050842285 1.1780495643615723 0.10373210906982422
 316969 0.05453634262084961 1.1815345287322998 0.1035153865814209
 318096 0.054781436920166016 1.1933996677398682 0.10410213470458984
 319225 0.054915428161621094 1.2022809982299805 0.10481953620910645
 320356 0.055197954177856445 1.2044310569763184 0.1053469181060791
 321489 0.05525493621826172 1.1976351737976074 0.1055147647857666
 322624 0.05545997619628906 1.210062026977539 0.10543966293334961
 323761 0.055690765380859375 1.2229523658752441 0.1058037281036377
 324900 0.05583548545837402 1.2229397296905518 0.10667729377746582
 326041 0.05615854263305664 1.2253310680389404 0.10707259178161621
 327184 0.05622553825378418 1.2334647178649902 0.10758352279663086
 328329 0.056592702865600586 1.2378833293914795 0.10956525802612305
 329476 0.056662797927856445 1.2424957752227783 0.11019563674926758
 330625 0.05687141418457031 1.2452352046966553 0.10886979103088379
 331776 0.0570673942565918 1.247744083404541 0.10919642448425293
 332929 0.05727219581604004 1.260164737701416 0.10940957069396973
 334084 0.05745410919189453 1.2645845413208008 0.11142754554748535
 335241 0.0580902099609375 1.2708158493041992 0.11196208000183105
 336400 0.05786252021789551 1.276271104812622 0.1107935905456543
 337561 0.05805659294128418 1.2767856121063232 0.11056780815124512
 338724 0.05820274353027344 1.28407883644104 0.11124801635742188
 339889 0.058623313903808594 1.287822961807251 0.11364364624023438
 341056 0.05864238739013672 1.2921640872955322 0.1145772933959961
 342225 0.05888485908508301 1.3016211986541748 0.1125328540802002
 343396 0.05898857116699219 1.310143232345581 0.11284065246582031
 344569 0.0591886043548584 1.3093960285186768 0.11340475082397461
 345744 0.059423208236694336 1.3142318725585938 0.11518263816833496
 346921 0.05989241600036621 1.3192100524902344 0.11549687385559082
 348100 0.059871673583984375 1.328798770904541 0.11466002464294434
 349281 0.060007572174072266 1.3363544940948486 0.11459207534790039
 350464 0.06032729148864746 1.3341619968414307 0.11518430709838867
 351649 0.06058049201965332 1.3373920917510986 0.11699056625366211
 352836 0.060790300369262695 1.3460853099822998 0.11736297607421875
 354025 0.0609743595123291 1.3590631484985352 0.1162407398223877
 355216 0.061182498931884766 1.354832649230957 0.11638307571411133
 356409 0.061487436294555664 1.3605470657348633 0.11764168739318848
 357604 0.06159329414367676 1.3709330558776855 0.11890840530395508
 358801 0.06168651580810547 1.3712124824523926 0.11964821815490723
 360000 0.06184029579162598 1.3754727840423584 0.11842632293701172
 361201 0.06212282180786133 1.3841567039489746 0.11864757537841797
 362404 0.062326908111572266 1.3914308547973633 0.11922836303710938
 363609 0.06257414817810059 1.3930604457855225 0.12112855911254883
 364816 0.06290435791015625 1.3988921642303467 0.12262582778930664
 366025 0.06313681602478027 1.400244951248169 0.12039351463317871
 367236 0.06313300132751465 1.4067506790161133 0.1207284927368164
 368449 0.06334280967712402 1.419335126876831 0.12068819999694824
 369664 0.06368589401245117 1.427520513534546 0.12332320213317871
 370881 0.0637977123260498 1.4255692958831787 0.12424707412719727
 372100 0.06397223472595215 1.4392054080963135 0.12201046943664551
 373321 0.06420207023620605 1.4372153282165527 0.12262916564941406
 374544 0.06438088417053223 1.442169427871704 0.12275981903076172
 375769 0.06476163864135742 1.4447999000549316 0.12535572052001953
 376996 0.06490778923034668 1.4565997123718262 0.1256561279296875
 378225 0.0650637149810791 1.4562537670135498 0.12430477142333984
 379456 0.0653388500213623 1.462148666381836 0.12501955032348633
 380689 0.06552767753601074 1.4732558727264404 0.12604737281799316
 381924 0.06578516960144043 1.4756171703338623 0.12777185440063477
 383161 0.06602072715759277 1.4795172214508057 0.12765264511108398
 384400 0.06620407104492188 1.4916424751281738 0.12515020370483398
 385641 0.06635355949401855 1.4930436611175537 0.12662124633789062
 386884 0.06663322448730469 1.4972262382507324 0.12693452835083008
 388129 0.06676721572875977 1.500807762145996 0.12920427322387695
 389376 0.06702303886413574 1.5115180015563965 0.12948226928710938
 390625 0.06724977493286133 1.5174572467803955 0.1283268928527832
 391876 0.06743907928466797 1.5178987979888916 0.12869691848754883
 393129 0.06762814521789551 1.5244412422180176 0.12941741943359375
 394384 0.06791353225708008 1.5289220809936523 0.13116145133972168
 395641 0.06812906265258789 1.5410006046295166 0.131974458694458
 396900 0.06831955909729004 1.5494706630706787 0.13154125213623047
 398161 0.0685279369354248 1.5506505966186523 0.1307692527770996
 399424 0.0686042308807373 1.5616016387939453 0.13109207153320312
 400689 0.06890535354614258 1.5511128902435303 0.13202810287475586
 401956 0.06919455528259277 1.5750226974487305 0.13293051719665527
 403225 0.06942987442016602 1.5763261318206787 0.13148999214172363
 404496 0.0695183277130127 1.5777263641357422 0.13152599334716797
 405769 0.06982851028442383 1.58915376663208 0.1329810619354248
 407044 0.07018494606018066 1.5952057838439941 0.13546371459960938
 408321 0.0702354907989502 1.603104829788208 0.13566327095031738
 409600 0.07050371170043945 1.5985584259033203 0.13391423225402832
 410881 0.0706489086151123 1.600999355316162 0.13504672050476074
 412164 0.0708169937133789 1.6159391403198242 0.13511347770690918
 413449 0.07113480567932129 1.6218411922454834 0.13746190071105957
 414736 0.07141518592834473 1.6247117519378662 0.13761377334594727
 416025 0.0717325210571289 1.6272237300872803 0.13700652122497559
 417316 0.0717935562133789 1.632096290588379 0.13710641860961914
 418609 0.07404398918151855 1.63722825050354 0.13729166984558105
 419904 0.07431459426879883 1.6571073532104492 0.13943982124328613
 421201 0.07448601722717285 1.6574721336364746 0.13988137245178223
 422500 0.0745234489440918 1.6570971012115479 0.13816308975219727
 423801 0.0746617317199707 1.6681492328643799 0.13846206665039062
 425104 0.07512855529785156 1.663008689880371 0.13881301879882812
 426409 0.07535624504089355 1.6818733215332031 0.14162015914916992
 427716 0.07565927505493164 1.6791093349456787 0.1420431137084961
 429025 0.07578730583190918 1.6921882629394531 0.14037227630615234
 430336 0.07597947120666504 1.693981647491455 0.14109253883361816
 431649 0.07620859146118164 1.6996490955352783 0.14124751091003418
 432964 0.07659244537353516 1.717872142791748 0.14371705055236816
 434281 0.0766746997833252 1.715529441833496 0.1444244384765625
 435600 0.0769355297088623 1.7104029655456543 0.1424572467803955
 436921 0.0771172046661377 1.7187771797180176 0.14292120933532715
 438244 0.07725906372070312 1.7317886352539062 0.14359641075134277
 439569 0.07750391960144043 1.738647222518921 0.14615797996520996
 440896 0.0779578685760498 1.739983320236206 0.1464860439300537
 442225 0.0781855583190918 1.7501411437988281 0.1448071002960205
 443556 0.07837653160095215 1.757453441619873 0.14525938034057617
 444889 0.07860517501831055 1.757295846939087 0.14564728736877441
 446224 0.07881522178649902 1.759554147720337 0.1481766700744629
 447561 0.07906460762023926 1.7715623378753662 0.14845633506774902
 448900 0.07928061485290527 1.7780849933624268 0.1477527618408203
 450241 0.07943129539489746 1.7825157642364502 0.14730501174926758
 451584 0.07962703704833984 1.8013710975646973 0.14763951301574707
 452929 0.07988905906677246 1.7992985248565674 0.15037846565246582
 454276 0.08021020889282227 1.7973167896270752 0.1509547233581543
 455625 0.08038091659545898 1.8092341423034668 0.14869260787963867
 456976 0.08060812950134277 1.8122894763946533 0.14967918395996094
 458329 0.08084750175476074 1.821950912475586 0.14994359016418457
 459684 0.08088803291320801 1.8225278854370117 0.15235662460327148
 461041 0.0813148021697998 1.8274941444396973 0.1526486873626709
 462400 0.08164286613464355 1.8466086387634277 0.15121173858642578
 463761 0.08181977272033691 1.8455274105072021 0.1520240306854248
 465124 0.08197951316833496 1.8570349216461182 0.15209341049194336
 466489 0.08258628845214844 1.8560800552368164 0.15476036071777344
 467856 0.08252954483032227 1.872969150543213 0.15192151069641113
 469225 0.08255600929260254 1.8753035068511963 0.15354323387145996
 470596 0.08298993110656738 1.8809468746185303 0.15345335006713867
 471969 0.0832986831665039 1.8867003917694092 0.15397238731384277
 473344 0.08348941802978516 1.8958685398101807 0.15369081497192383
 474721 0.08378839492797852 1.8897829055786133 0.15369582176208496
 476100 0.08385038375854492 1.8943612575531006 0.15567493438720703
 477481 0.08410453796386719 1.9058456420898438 0.155623197555542
 478864 0.08479857444763184 1.9157538414001465 0.15651679039001465
 480249 0.08476543426513672 1.917893648147583 0.15594029426574707
 481636 0.08499550819396973 1.9282071590423584 0.1564033031463623
 483025 0.08521699905395508 1.9323830604553223 0.15759944915771484
 484416 0.0852518081665039 1.9403345584869385 0.15756011009216309
 485809 0.08553361892700195 1.953000545501709 0.158799409866333
 487204 0.08595824241638184 1.9533894062042236 0.15797209739685059
 488601 0.08615732192993164 1.9672255516052246 0.15847444534301758
 490000 0.08633065223693848 1.9644429683685303 0.16014504432678223
 491401 0.08679723739624023 1.9754526615142822 0.16049623489379883
 492804 0.0871126651763916 1.9843432903289795 0.160980224609375
 494209 0.08709502220153809 1.9805335998535156 0.16363048553466797
 495616 0.08739995956420898 1.992077112197876 0.16417336463928223
 497025 0.08741021156311035 1.9910986423492432 0.1624007225036621
 498436 0.08784174919128418 1.9993205070495605 0.16273999214172363
 499849 0.0883338451385498 2.0216991901397705 0.16338467597961426
 501264 0.08843421936035156 2.0227396488189697 0.16609454154968262
 502681 0.08901834487915039 2.0163302421569824 0.16701889038085938
 504100 0.08863162994384766 2.039487838745117 0.16488862037658691
 505521 0.08893275260925293 2.035959005355835 0.16500592231750488
 506944 0.0892934799194336 2.046786069869995 0.16562867164611816
 508369 0.0897223949432373 2.060617685317993 0.16881823539733887
 509796 0.08989834785461426 2.0627264976501465 0.16891026496887207
 511225 0.0899953842163086 2.069352149963379 0.16834712028503418
 512656 0.09017395973205566 2.0709004402160645 0.16747784614562988
 514089 0.0904684066772461 2.0797314643859863 0.16821599006652832
 515524 0.09083056449890137 2.085887908935547 0.17068862915039062
 516961 0.09131526947021484 2.097397804260254 0.17120981216430664
 518400 0.09122514724731445 2.09102201461792 0.1693263053894043
 519841 0.09166383743286133 2.101038694381714 0.16953468322753906
 521284 0.09189128875732422 2.1119768619537354 0.1706995964050293
 522729 0.09203696250915527 2.122091054916382 0.17319273948669434
 524176 0.09241557121276855 2.130389451980591 0.1746234893798828
 525625 0.09251046180725098 2.1360225677490234 0.17206335067749023
 527076 0.09266209602355957 2.1416032314300537 0.172501802444458
 528529 0.0930171012878418 2.150458574295044 0.17260479927062988
 529984 0.09322714805603027 2.1518609523773193 0.17581701278686523
 531441 0.09360671043395996 2.156522274017334 0.17709779739379883
 532900 0.09398841857910156 2.1669247150421143 0.17415690422058105
 534361 0.09411120414733887 2.166813373565674 0.17428851127624512
 535824 0.09404706954956055 2.1764004230499268 0.1748049259185791
 537289 0.09462499618530273 2.183321237564087 0.1778113842010498
 538756 0.09478449821472168 2.1853792667388916 0.17822742462158203
 540225 0.09477782249450684 2.195640802383423 0.17654180526733398
 541696 0.09513354301452637 2.2098195552825928 0.17674970626831055
 543169 0.09543704986572266 2.2159764766693115 0.1779162883758545
 544644 0.09571480751037598 2.209712028503418 0.18033432960510254
 546121 0.0960845947265625 2.234905242919922 0.1811835765838623
 547600 0.09630990028381348 2.233889579772949 0.17908716201782227
 549081 0.09645700454711914 2.240049123764038 0.17928695678710938
 550564 0.09672236442565918 2.2425355911254883 0.17982125282287598
 552049 0.0970616340637207 2.254441976547241 0.18323230743408203
 553536 0.09731864929199219 2.2615182399749756 0.18344950675964355
 555025 0.09768819808959961 2.269207715988159 0.1818256378173828
 556516 0.09793996810913086 2.2740399837493896 0.18158292770385742
 558009 0.09795904159545898 2.2906999588012695 0.18224692344665527
 559504 0.09843802452087402 2.2903409004211426 0.18538904190063477
 561001 0.09877634048461914 2.294110059738159 0.1855766773223877
 562500 0.09882974624633789 2.3026068210601807 0.1840970516204834
 564001 0.09906578063964844 2.323112726211548 0.18354344367980957
 565504 0.09939694404602051 2.318286180496216 0.18474960327148438
 567009 0.09966778755187988 2.3248255252838135 0.1877450942993164
 568516 0.10022735595703125 2.334272861480713 0.1877906322479248
 570025 0.10019040107727051 2.3303821086883545 0.1857142448425293
 571536 0.10033750534057617 2.3468003273010254 0.18657159805297852
 573049 0.10061836242675781 2.35040020942688 0.18693923950195312
 574564 0.10099267959594727 2.360236644744873 0.18631863594055176
 576081 0.1010887622833252 2.3716418743133545 0.1869657039642334
 577600 0.10138177871704102 2.3704497814178467 0.1886143684387207
 579121 0.10172176361083984 2.3757166862487793 0.18873167037963867
 580644 0.1020808219909668 2.385540246963501 0.18973040580749512
 582169 0.10261726379394531 2.3900375366210938 0.1924605369567871
 583696 0.10254549980163574 2.4030261039733887 0.19109582901000977
 585225 0.10258340835571289 2.4165871143341064 0.1898810863494873
 586756 0.10303497314453125 2.4201810359954834 0.19040846824645996
 588289 0.10323476791381836 2.425018072128296 0.1909797191619873
 589824 0.10347318649291992 2.432281017303467 0.1927776336669922
 591361 0.10417437553405762 2.4407010078430176 0.1932823657989502
 592900 0.10402393341064453 2.4349677562713623 0.19213533401489258
 594441 0.10451531410217285 2.458193778991699 0.1929471492767334
 595984 0.10463929176330566 2.45603084564209 0.19255685806274414
 597529 0.10515546798706055 2.4693715572357178 0.19503283500671387
 599076 0.10501527786254883 2.48195481300354 0.19577932357788086
 600625 0.10552597045898438 2.4827418327331543 0.194305419921875
 602176 0.10560464859008789 2.4907302856445312 0.19488883018493652
 603729 0.10602259635925293 2.4945764541625977 0.19532322883605957
 605284 0.10629630088806152 2.5031654834747314 0.19748163223266602
 606841 0.10656499862670898 2.5111353397369385 0.19822454452514648
 608400 0.10673213005065918 2.523837089538574 0.19698381423950195
 609961 0.10703277587890625 2.5308215618133545 0.19844770431518555
 611524 0.1076200008392334 2.5286872386932373 0.197920560836792
 613089 0.10764241218566895 2.534985065460205 0.19977378845214844
 614656 0.10793852806091309 2.5508036613464355 0.20058298110961914
 616225 0.10812926292419434 2.5514092445373535 0.19965767860412598
 617796 0.10831594467163086 2.565960168838501 0.2002556324005127
 619369 0.10868501663208008 2.5711333751678467 0.20017480850219727
 620944 0.10896635055541992 2.569951057434082 0.20284295082092285
 622521 0.10924673080444336 2.5795109272003174 0.2026994228363037
 624100 0.10955548286437988 2.587073564529419 0.201369047164917
 625681 0.10965800285339355 2.5988283157348633 0.20221638679504395
 627264 0.11020994186401367 2.600151777267456 0.2032608985900879
 628849 0.11038851737976074 2.6104183197021484 0.20695257186889648
 630436 0.11059284210205078 2.6230428218841553 0.20573997497558594
 632025 0.11081242561340332 2.63279390335083 0.20443463325500488
 633616 0.11114931106567383 2.6409969329833984 0.20517969131469727
 635209 0.11118793487548828 2.657095432281494 0.2059781551361084
 636804 0.11184072494506836 2.6504786014556885 0.2083911895751953
 638401 0.11198258399963379 2.6687870025634766 0.20854878425598145
 640000 0.11226654052734375 2.679375171661377 0.20751285552978516
 641601 0.11240887641906738 2.6746981143951416 0.2093064785003662
 643204 0.11262321472167969 2.676676034927368 0.2079615592956543
 644809 0.11303353309631348 2.681661605834961 0.21019721031188965
 646416 0.11329126358032227 2.6952528953552246 0.21007561683654785
 648025 0.11345672607421875 2.7116544246673584 0.20994830131530762
 649636 0.1136178970336914 2.7132179737091064 0.20987558364868164
 651249 0.11403536796569824 2.722161293029785 0.21095871925354004
 652864 0.11439394950866699 2.7327651977539062 0.2130720615386963
 654481 0.1147768497467041 2.7448501586914062 0.2138962745666504
 656100 0.11488461494445801 2.7489044666290283 0.21218180656433105
 657721 0.11538815498352051 2.7542765140533447 0.21272778511047363
 659344 0.11551761627197266 2.7545690536499023 0.21324896812438965
 660969 0.11588501930236816 2.7632246017456055 0.21609950065612793
 662596 0.11613130569458008 2.768697738647461 0.21624493598937988
 664225 0.11635780334472656 2.779040575027466 0.21495413780212402
 665856 0.11665987968444824 2.7950198650360107 0.21603941917419434
 667489 0.11696839332580566 2.800093412399292 0.21482038497924805
 669124 0.11712646484375 2.8044111728668213 0.21836090087890625
 670761 0.11764979362487793 2.818223237991333 0.21907448768615723
 672400 0.11774468421936035 2.826462507247925 0.2173757553100586
 674041 0.11812090873718262 2.8323683738708496 0.21758198738098145
 675684 0.11835455894470215 2.8388493061065674 0.21835660934448242
 677329 0.11869096755981445 2.8528106212615967 0.22128987312316895
 678976 0.11934304237365723 2.8554680347442627 0.22111201286315918
 680625 0.11910772323608398 2.8650355339050293 0.22028708457946777
 682276 0.11947059631347656 2.8719639778137207 0.2209310531616211
 683929 0.11966943740844727 2.87785005569458 0.22123217582702637
 685584 0.12007284164428711 2.878312349319458 0.22308015823364258
 687241 0.12036442756652832 2.8832452297210693 0.22403192520141602
 688900 0.1207122802734375 2.8945021629333496 0.22214555740356445
 690561 0.12097740173339844 2.9147775173187256 0.22283339500427246
 692224 0.12104225158691406 2.9129810333251953 0.22364521026611328
 693889 0.12166547775268555 2.922367572784424 0.22580432891845703
 695556 0.12189030647277832 2.9365272521972656 0.2267906665802002
 697225 0.12210822105407715 2.941239595413208 0.22571277618408203
 698896 0.1225438117980957 2.941593647003174 0.22560691833496094
 700569 0.12238597869873047 2.958148241043091 0.22656512260437012
 702244 0.12310981750488281 2.9627273082733154 0.22878742218017578
 703921 0.12331914901733398 2.979708433151245 0.23202013969421387
 705600 0.12344932556152344 2.9848215579986572 0.2295691967010498
 707281 0.12371015548706055 2.9917819499969482 0.2305288314819336
 708964 0.12406182289123535 2.993208885192871 0.23061203956604004
 710649 0.12427830696105957 2.9998133182525635 0.23476481437683105
 712336 0.12482953071594238 3.0287673473358154 0.23434233665466309
 714025 0.12499141693115234 3.0305356979370117 0.2326672077178955
 715716 0.1251075267791748 3.04097580909729 0.232560396194458
 717409 0.12552237510681152 3.036176919937134 0.23312902450561523
 719104 0.1257021427154541 3.0423333644866943 0.23695635795593262
 720801 0.12623238563537598 3.0605809688568115 0.2379920482635498
 722500 0.12648987770080566 3.056464433670044 0.23458218574523926
 724201 0.12665009498596191 3.063410997390747 0.23544883728027344
 725904 0.12682247161865234 3.0906832218170166 0.2365400791168213
 727609 0.1273517608642578 3.092076063156128 0.24063587188720703
 729316 0.12763476371765137 3.1023385524749756 0.24042057991027832
 731025 0.12785053253173828 3.0963456630706787 0.23806977272033691
 732736 0.1280503273010254 3.1093149185180664 0.23787140846252441
 734449 0.12846970558166504 3.135009527206421 0.23947882652282715
 736164 0.12889313697814941 3.137209177017212 0.24175286293029785
 737881 0.12937402725219727 3.1384356021881104 0.24371576309204102
 739600 0.1303548812866211 3.1504733562469482 0.2404770851135254
 741321 0.129730224609375 3.150071144104004 0.2410597801208496
 743044 0.13091826438903809 3.1641509532928467 0.2419881820678711
 744769 0.13039612770080566 3.1749298572540283 0.24605822563171387
 746496 0.1314249038696289 3.1765458583831787 0.24640512466430664
 748225 0.1311323642730713 3.185622215270996 0.24425506591796875
 749956 0.13203883171081543 3.1858274936676025 0.24421429634094238
 751689 0.13129758834838867 3.2145211696624756 0.24453067779541016
 753424 0.13280892372131348 3.218236207962036 0.24884366989135742
 755161 0.13211989402770996 3.2158796787261963 0.24887847900390625
 756900 0.13322830200195312 3.2252891063690186 0.24579381942749023
 758641 0.13277316093444824 3.2477893829345703 0.2473602294921875
 760384 0.13371586799621582 3.2461230754852295 0.24740982055664062
 762129 0.13327264785766602 3.2470133304595947 0.24763107299804688
 763876 0.1336350440979004 3.2571005821228027 0.24896812438964844
 765625 0.13406682014465332 3.264204502105713 0.24992752075195312
 767376 0.13396000862121582 3.2788286209106445 0.24800634384155273
 769129 0.13454675674438477 3.29766583442688 0.2487339973449707
 770884 0.13481831550598145 3.290949821472168 0.2513449192047119
 772641 0.13533425331115723 3.3086698055267334 0.25135087966918945
 774400 0.13543415069580078 3.316420316696167 0.24958014488220215
 776161 0.13588643074035645 3.3219876289367676 0.25071239471435547
 777924 0.13597631454467773 3.338200807571411 0.25170397758483887
 779689 0.13641881942749023 3.340306282043457 0.25424933433532715
 781456 0.1365823745727539 3.3500566482543945 0.25487351417541504
 783225 0.13697552680969238 3.3522491455078125 0.25243091583251953
 784996 0.1371631622314453 3.361539125442505 0.2528717517852783
 786769 0.13748574256896973 3.35954213142395 0.25357723236083984
 788544 0.13774895668029785 3.383390188217163 0.2566804885864258
 790321 0.13817763328552246 3.394078493118286 0.2573511600494385
 792100 0.13846969604492188 3.3963818550109863 0.25539207458496094
 793881 0.13853883743286133 3.411243438720703 0.25623631477355957
 795664 0.13883209228515625 3.4213671684265137 0.2565617561340332
 797449 0.13954877853393555 3.426283836364746 0.2587275505065918
 799236 0.14005017280578613 3.4339733123779297 0.26027822494506836
 801025 0.13991284370422363 3.442362070083618 0.25838756561279297
 802816 0.14018630981445312 3.465916156768799 0.25916528701782227
 804609 0.1405332088470459 3.4524638652801514 0.2594466209411621
 806404 0.1412961483001709 3.458789348602295 0.262958288192749
 808201 0.14144253730773926 3.476991653442383 0.26302647590637207
 810000 0.14159274101257324 3.4896559715270996 0.2613065242767334
 811801 0.1419811248779297 3.505038022994995 0.2621145248413086
 813604 0.1418442726135254 3.5080504417419434 0.26183438301086426
 815409 0.14261722564697266 3.51013445854187 0.2649693489074707
 817216 0.14281463623046875 3.528071403503418 0.26515865325927734
 819025 0.14296412467956543 3.5422255992889404 0.2641611099243164
 820836 0.14346814155578613 3.5351266860961914 0.2649106979370117
 822649 0.1435999870300293 3.5559096336364746 0.2658817768096924
 824464 0.14382123947143555 3.5547373294830322 0.26827025413513184
 826281 0.14438915252685547 3.563086986541748 0.2683746814727783
 828100 0.1445307731628418 3.5763187408447266 0.26691365242004395
 829921 0.14491724967956543 3.5737459659576416 0.26782798767089844
 831744 0.1452934741973877 3.5909526348114014 0.2682826519012451
 833569 0.14557862281799316 3.587920904159546 0.27187490463256836
 835396 0.1460413932800293 3.615670680999756 0.2718954086303711
 837225 0.1459057331085205 3.616788387298584 0.2702174186706543
 839056 0.14658331871032715 3.626105308532715 0.2706153392791748
 840889 0.14672470092773438 3.6348021030426025 0.27172279357910156
 842724 0.14728593826293945 3.6341335773468018 0.27416229248046875
 844561 0.14755034446716309 3.659557580947876 0.2741117477416992
 846400 0.1476747989654541 3.659642219543457 0.2725389003753662
 848241 0.14795494079589844 3.672992706298828 0.27368640899658203
 850084 0.14844822883605957 3.665860652923584 0.2736473083496094
 851929 0.14868950843811035 3.693826675415039 0.2764122486114502
 853776 0.14932990074157715 3.7017998695373535 0.27732157707214355
 855625 0.1493082046508789 3.707015037536621 0.2761971950531006
 857476 0.14948415756225586 3.7171027660369873 0.27657008171081543
 859329 0.14995360374450684 3.740330934524536 0.2774982452392578
 861184 0.1503586769104004 3.738111734390259 0.27873682975769043
 863041 0.15072107315063477 3.74739933013916 0.28040289878845215
 864900 0.1509084701538086 3.748253583908081 0.2784702777862549
 866761 0.15120363235473633 3.7633180618286133 0.2797567844390869
 868624 0.15157198905944824 3.7600443363189697 0.2804911136627197
 870489 0.1519935131072998 3.771028518676758 0.28312110900878906
 872356 0.152421236038208 3.7909345626831055 0.2831153869628906
 874225 0.1527233123779297 3.8028576374053955 0.28285670280456543
 876096 0.1528637409210205 3.8207902908325195 0.28298234939575195
 877969 0.15320301055908203 3.816448450088501 0.2832772731781006
 879844 0.153564453125 3.833261251449585 0.28507542610168457
 881721 0.1539914608001709 3.8344831466674805 0.28679943084716797
 883600 0.15413665771484375 3.85693359375 0.28481197357177734
 885481 0.15419292449951172 3.856346368789673 0.285494327545166
 887364 0.154829740524292 3.870220422744751 0.28756070137023926
 889249 0.15507268905639648 3.8763818740844727 0.2894713878631592
 891136 0.15559124946594238 3.8960955142974854 0.28897619247436523
 893025 0.15573453903198242 3.8908185958862305 0.2873547077178955
 894916 0.1561281681060791 3.8965837955474854 0.2882719039916992
 896809 0.15655517578125 3.9272050857543945 0.28840017318725586
 898704 0.15688228607177734 3.9237382411956787 0.2923140525817871
 900601 0.15744256973266602 3.9292845726013184 0.2924017906188965
 902500 0.15759897232055664 3.94909405708313 0.2905118465423584
 904401 0.15775847434997559 3.9484734535217285 0.29139184951782227
 906304 0.15818166732788086 3.9525320529937744 0.29139065742492676
 908209 0.15844202041625977 3.9647328853607178 0.29468369483947754
 910116 0.15871214866638184 3.9781320095062256 0.2952110767364502
 912025 0.15910601615905762 3.971223831176758 0.29375576972961426
 913936 0.15935158729553223 3.9962313175201416 0.29454946517944336
 915849 0.1597590446472168 4.016401529312134 0.2941880226135254
 917764 0.1601572036743164 4.007882595062256 0.2970268726348877
 919681 0.16054892539978027 4.031863212585449 0.2975881099700928
 921600 0.16047096252441406 4.029186010360718 0.29668307304382324
 923521 0.1609785556793213 4.036742687225342 0.2975656986236572
 925444 0.16171717643737793 4.065358400344849 0.2979240417480469
 927369 0.16160845756530762 4.052074193954468 0.30104827880859375
 929296 0.16224932670593262 4.0712175369262695 0.3015713691711426
 931225 0.162492036819458 4.06779408454895 0.3000452518463135
 933156 0.16289114952087402 4.084455966949463 0.3001382350921631
 935089 0.16304564476013184 4.098493576049805 0.30057716369628906
 937024 0.16336321830749512 4.115038633346558 0.3033585548400879
 938961 0.1640028953552246 4.115916013717651 0.30918335914611816
 940900 0.1640322208404541 4.123031854629517 0.30612850189208984
 942841 0.16472864151000977 4.141319751739502 0.3055140972137451
 944784 0.16466641426086426 4.1354591846466064 0.3059859275817871
 946729 0.16518902778625488 4.1358630657196045 0.31191229820251465
 948676 0.16542315483093262 4.167728424072266 0.31223225593566895
 950625 0.1658768653869629 4.181018352508545 0.3088865280151367
 952576 0.16585850715637207 4.17769718170166 0.3086397647857666
 954529 0.16651082038879395 4.193567514419556 0.3087925910949707
 956484 0.1669011116027832 4.2043023109436035 0.3145742416381836
 958441 0.16842436790466309 4.2038352489471436 0.3148460388183594
 960400 0.16759276390075684 4.2251691818237305 0.31095147132873535
 962361 0.16894221305847168 4.23611044883728 0.3126387596130371
 964324 0.16842961311340332 4.233942747116089 0.31293463706970215
 966289 0.1699075698852539 4.241700649261475 0.31960248947143555
 968256 0.16888928413391113 4.259713172912598 0.3186800479888916
 970225 0.17063570022583008 4.277366399765015 0.3147587776184082
 972196 0.16986751556396484 4.280642747879028 0.3142659664154053
 974169 0.17009758949279785 4.2959136962890625 0.3154430389404297
 976144 0.17032146453857422 4.301772356033325 0.3202080726623535
 978121 0.17078161239624023 4.315441131591797 0.32187867164611816
 980100 0.170881986618042 4.3117406368255615 0.3171708583831787
 982081 0.17165827751159668 4.336146116256714 0.318817138671875
 984064 0.17158889770507812 4.346083879470825 0.31853461265563965
 986049 0.17202377319335938 4.3362109661102295 0.32421207427978516
 988036 0.17246556282043457 4.362136363983154 0.3245697021484375
 990025 0.17248296737670898 4.361315727233887 0.3200948238372803
 992016 0.1727139949798584 4.37139368057251 0.32100510597229004
 994009 0.17341065406799316 4.387390613555908 0.3206789493560791
 996004 0.17422890663146973 4.397563219070435 0.32800722122192383
 998001 0.17393922805786133 4.397945165634155 0.3281071186065674